9159
28900
26820
22564
15017
29714
16575
20120
17906
12449
933
11622
28543
17267
8401
35
23827
10040
3143
32326
22746
12954
17933
2894
26403
15777
20942
30312
7407
9075
7590
2044
22411
10543
31338
19899
18661
6329
8335
25405
32252
22735
4525
4070
9516
10692
24792
30580
9733
42
23401
23292
5045
14207
18898
7034
26797
15263
17192
2014
5493
17070
26582
13948
16776
12446
28690
29861
27199
13672
11948
21421
1637
16976
21517
3514
8915
22976
10983
4638
12749
26245
25444
29591
32590
18548
25034
32576
3279
6977
24558
3776
10803
4094
24048
20025
21595
24847
7256
13813
17643
17017
642
19960
17302
20968
8388
1282
9036
4789
14548
6285
16885
3282
15000
31139
26881
10840
22266
2935
27214
16898
236
16046
11079
22838
20157
26196
12571
27427
5287
21585
32149
3457
30702
28086
23851
28305
21201
16541
1897
18590
26179
23933
18592
24387
27930
2158
21189
21720
23050
31416
18518
17809
15416
13319
11181
1746
15455
10198
27146
31702
3258
4496
18957
12132
14734
6872
1763
6019
32113
31605
11443
20708
26460
9302
30353
9965
10657
18452
22219
4215
25265
12545
28648
4629
19220
25753
15032
24542
19913
9464
14545
14937
11101
15801
17755
6249
19234
21112
1240
25192
26798
15138
21744
17674
12283
26197
17267
4947
19177
28562
30876
2187
19000
13761
15152
20764
15024
13423
964
12919
31159
9281
9859
5195
25536
31208
4511
6543
5654
4262
23645
11603
6905
10766
71
18563
3716
32442
27540
19004
1355
7358
32612
20095
7874
2916
5634
14161
22787
14826
8471
25352
1801
11195
7946
21230
13987
851
22027
31987
2605
6241
7782
27530
16675
12273
4573
24271
563
2615
12876
3344
20117
23254
1041
26008
5474
11093
24930
27511
5092
29830
32314
3388
22848
27086
1846
23811
27193
25009
24107
5705
21398
609
25511
12340
24841
29574
13344
12775
6095
26900
31925
28478
6302
26186
21454
18810
696
32235
31333
5197
3387
5343
30438
620
275
8715
14946
1638
11309
23156
13678
5773
31510
26969
17510
24215
10611
4050
18171
164
18410
17600
25856
19384
28241
1550
1732
15047
840
10595
25554
32482
7702
24890
11435
13783
24628
1861
24084
32462
8547
7651
1872
12107
6981
28017
23226
32392
28449
29283
298
21552
28763
14879
26148
23010
5797
15206
24090
15832
5367
19116
18166
24637
28138
10775
9802
26712
8781
17536
1538
24308
9528
21002
24113
3701
20213
27069
18066
5549
26865
6229
26334
18727
22290
26380
9854
32129
11128
25449
222
8959
25117
15798
19512
17101
4835
8902
20332
11549
6541
31126
25491
2246
23305
21250
15801
8740
1672
7010
1218
29236
13901
2938
24190
26420
23325
10883
25427
21647
23036
23930
11265
10543
19478
1823
22659
29071
26457
13480
27664
5287
30012
12170
16566
6899
29194
30558
26459
23440
4239
32590
22939
15154
27498
21786
30812
15630
25615
20762
25473
2793
23239
28332
8844
27406
30962
9698
6608
2871
3114
1552
7990
25733
136
26121
15800
16742
18682
10141
704
22328
6439
1456
12714
4079
7783
8714
2822
13894
24006
30968
11545
2220
4891
12371
13008
17827
3164
25653
17217
26832
28698
7151
25757
28374
4766
23534
25585
29307
24146
13661
15744
6660
2867
32196
22060
10988
28690
4494
27211
14662
17199
8814
20977
18037
8069
11902
10083
21056
19162
25338
26897
26096
4286
20674
6006
24687
20713
4180
18278
20067
4816
13970
9888
24524
8142
25561
18905
2638
5937
31334
4459
25736
30356
32697
718
4061
31344
16209
7642
27793
12310
2907
4791
13643
15865
30950
1221
14228
24904
6697
28622
13910
15646
25150
27492
20429
24408
27790
11329
20327
11269
1180
23523
18072
11002
30119
13039
18018
23992
7052
4402
28003
31525
23334
10088
31347
21572
3467
30215
18324
16544
4323
7838
16372
23424
24937
27491
24313
14674
24674
21301
31922
11272
6119
14731
14113
1280
13489
4960
6649
27567
3195
22780
6242
19310
25801
7837
27931
10212
4404
6155
27541
16708
10099
27078
21731
25446
22870
8414
22751
8618
3014
30789
14206
22395
2035
30373
23871
24623
25877
20485
13475
5168
17283
25450
14943
23481
18513
25142
1616
13012
19450
7410
30499
22587
555
10460
10311
13056
21129
13283
16584
6244
30251
17277
10058
23484
2590
13960
15636
25891
19061
27417
12930
18861
25253
9506
11550
11488
24612
10766
21383
1788
2702
19652
27086
9200
21815
23391
11218
13206
5352
30195
5632
2426
19756
18680
26200
20931
2776
22477
23710
30121
28475
16205
25290
11092
22114
12242
20070
31324
28852
11835
20303
29582
6426
12339
8619
4290
19253
31103
11820
18182
25988
26117
22531
30965
15286
6488
24198
8139
31913
28485
22420
23445
15535
13623
26927
20443
6000
11186
19560
10670
10095
19238
4945
13218
11080
22563
31794
6179
31061
29464
21121
11702
31775
13008
17467
8340
12300
18091
31840
19003
21252
26263
17886
17417
7820
15510
31169
15426
10106
3846
961
8372
26402
18499
25326
30406
3046
3112
10214
23753
18785
5140
1622
11670
1398
14809
20736
24341
12617
9014
6942
249
6705
193
4626
3212
4414
27030
27551
16168
20193
4209
29971
19895
4664
13553
30334
17953
28105
11173
28035
14452
8865
8581
1650
584
18788
5179
27873
3337
4508
4707
42
10126
19411
11936
21100
14854
17658
22468
5935
6636
20978
1980
8472
21345
610
29916
27584
10258
12948
15763
22859
20244
30029
7772
23648
21927
8587
20997
29448
7887
30644
18326
15513
25544
7354
23521
24349
4995
2679
24680
27570
22536
27578
20972
15974
30637
7184
15382
20473
25976
7456
25602
12674
10404
2778
6562
1036
2992
5533
18841
21732
29953
11419
57
6798
11024
25708
10272
26158
31180
10990
22603
16898
1859
2845
7454
6305
1843
10233
25294
26143
8718
8721
6433
16071
27701
6220
26073
15503
25335
27721
3217
31628
27577
14643
16669
68
207
17253
23489
10794
22184
3021
5565
18902
13289
8876
677
19323
18611
3561
28495
9846
21069
8284
11927
19136
28203
10680
14176
21986
9185
3144
3999
24845
6008
32459
6833
21757
5448
1551
2088
25513
20658
20372
25628
6056
22214
6226
30578
1258
17514
31709
19082
5772
223
9076
32668
31066
13292
6657
7515
14517
30940
21042
32302
16620
31550
29283
