12052
17158
4566
24110
27874
30834
23788
4089
21600
3656
23377
30064
12230
519
10348
31567
30618
17107
23092
10361
19706
7440
7911
29865
30258
29926
7529
516
9857
19634
10674
21775
11147
5073
18883
2892
817
17097
9773
5073
2611
21320
12630
2358
26379
21925
5285
13812
1435
17396
6646
26582
2616
15567
9011
18859
15819
13580
11742
20233
2915
10086
13623
1488
21670
7598
17397
15929
24412
16756
4400
30696
28083
14350
28222
30175
11101
16006
20787
26876
29710
2014
29199
27084
29644
22076
25303
2259
17661
18304
19199
30104
30298
12673
2906
31245
685
816
32586
14477
1085
7800
20570
21371
30531
19769
13402
8873
7491
4234
9714
6333
25700
18271
5859
7291
16753
19153
7955
10734
16140
17337
30624
6625
22597
25130
27954
12503
22863
4694
11615
16193
7827
7724
27583
9278
3068
6884
22168
21022
109
23650
15626
3578
7811
7024
13675
18217
15163
7405
7937
28366
25084
26938
3953
4294
18893
26998
27950
24926
6903
31611
13589
2252
14548
8079
31632
20478
9773
24066
31670
216
30750
13492
11801
5025
19358
29734
8711
14511
21037
5195
17782
17516
23225
12455
25260
32275
24851
16924
2347
6565
18978
28329
2494
1149
18630
14244
8771
28881
917
10955
24309
12541
19837
28631
24254
2728
25414
8001
28428
16881
22564
19510
1632
23066
7558
12821
22534
26643
22342
13510
16345
10146
12607
19990
701
22524
28889
19730
23365
11242
13849
15704
12195
27966
14704
10816
8401
15422
4334
22880
18108
13433
21089
29189
26591
25076
26852
29309
26124
14048
15821
32093
27050
14718
4380
23321
25466
26165
1896
10975
7064
27893
12711
21924
16916
22389
15831
26179
28120
15688
19635
890
24100
19405
23742
18753
13974
20313
15112
32550
30331
8993
2929
25352
16725
797
31907
24368
32110
32000
10045
10671
15863
30081
29248
6205
1629
13810
14960
4628
30033
22113
7613
14006
19289
26026
1312
20223
31333
25097
3922
7398
13029
17279
28495
8017
15821
3562
18668
26139
1798
14666
32613
30908
8754
23768
29749
2879
21392
11263
3077
13577
17565
30149
11975
15841
22085
25694
31158
31916
29984
23626
939
24173
14325
22824
9495
9840
19125
899
26618
21356
17723
5460
2246
16014
1632
9670
26251
30415
9943
18471
18674
20804
28174
10873
19654
19077
12528
24550
15769
5437
3723
14360
16091
14104
11221
29910
29347
23493
31589
8661
9618
20902
2123
28648
14171
27552
3864
20560
943
27864
12883
13038
3151
28274
26524
5136
13870
26005
2132
8349
26629
9568
11407
15938
876
29295
4347
21463
30008
7585
10413
437
5160
31924
14728
3593
5742
14535
4434
18294
12222
11412
32726
161
30062
6716
11909
18050
26578
21226
8405
29030
1472
19501
27302
20542
20640
5526
17548
32662
28034
24686
16513
526
15395
30797
13231
29319
2617
1878
30752
17435
18569
2656
8114
18310
9864
4487
3997
14037
7735
19362
25940
21338
31542
26961
25955
17561
26100
21509
17663
16769
12945
4931
13541
14193
17735
14606
27937
23371
18640
13482
20400
7477
3554
20913
26557
1929
19380
18786
11833
28659
29784
21868
25473
25735
23406
30086
11154
27419
8223
4907
13109
11158
19337
26806
8913
18836
29114
18673
26482
4873
22135
2648
18366
26858
31017
31033
19178
25445
5462
4883
9031
20938
25904
12911
15459
26341
24090
23899
16054
5201
21619
24409
17735
20198
17394
9134
2963
24225
2979
17424
12988
25918
26451
817
13603
16707
31853
12500
11895
19333
21360
11112
26191
6581
21280
23880
19620
10797
22293
4386
2219
27610
29467
1941
19220
2898
7420
128
31674
7119
9547
2321
12382
20138
11609
25641
6070
30603
30091
9289
10934
20396
2564
27189
16074
16582
1825
1092
8793
10032
31568
5604
21233
30768
16993
19561
14888
28825
23654
7552
32182
650
13039
5356
22657
7663
14529
2785
8376
7117
21309
30280
18965
8141
4799
17968
2053
2534
7456
16125
23935
6319
11880
10453
20681
26992
520
18546
32086
9141
30005
27220
7854
7192
25001
16376
1939
23872
16538
9737
9087
31006
29047
15383
16046
31621
22745
23650
31929
3068
22511
9046
4514
11210
23153
5072
22848
6517
3470
19423
24773
7128
8492
18997
14712
19106
4707
7200
15153
12000
15352
18491
31022
6274
27016
27432
11792
2582
1711
20492
11706
19235
5878
16144
7818
17641
7145
29729
4919
4732
31369
28156
9500
22013
31532
15421
14731
5620
28063
26779
13319
7612
5680
28117
5840
4878
27542
9806
13111
1331
20116
4071
22976
27214
26246
7810
15756
6566
26509
8990
6423
16214
17567
13077
30653
9447
1731
10608
4358
25476
15726
10977
9099
12278
15806
26620
2230
9875
8734
18900
16821
4757
23230
1244
32508
20460
8331
26725
19928
10828
21283
29504
9828
32021
10208
5804
3193
14626
22982
2305
20584
12196
8909
2358
6276
12408
13540
6540
9445
7556
16693
21157
13434
2924
22554
11933
10786
14933
16801
9526
24708
2522
26419
26330
32610
21101
29192
31130
3054
7797
2098
25624
14682
3233
4179
25899
5740
1858
10612
7610
24121
30143
1134
13001
10503
13436
29492
6147
3226
23960
17762
7675
10728
25373
8224
3845
29410
28984
25100
13130
20201
1019
22914
4679
12699
6800
15357
8960
28986
10973
29769
13615
4116
4910
3188
21303
28176
24683
23230
22592
7346
24775
26655
12232
15411
2822
841
15371
28605
19771
13306
10780
26157
23126
19820
26460
24655
10225
26852
9804
1589
8769
6012
1695
27707
16259
16653
26744
29406
20383
8318
27871
15239
24688
20394
9695
20392
18345
14961
27619
18520
18620
7463
27735
30641
5497
13466
19085
10439
7653
13036
633
32113
3748
29022
24387
31167
25630
8149
31674
17467
2319
15636
871
12277
8810
25204
31065
29016
14293
10466
4439
12483
4251
7108
23117
1533
18511
1487
28681
30706
20048
30844
641
15336
27737
32203
11583
30593
6147
13860
6081
26715
5531
29726
6842
4830
29848
22502
28113
32080
29635
31663
27723
18295
10667
13268
23260
1454
22404
15406
23228
18269
14973
206
2289
31142
18761
7283
9275
19362
30409
23199
27004
155
2389
30127
4844
14688
26654
13577
23900
19324
9020
9926
10419
16681
11710
29611
13319
18203
18559
21015
19216
17022
23937
30296
7237
17352
28058
13292
8723
6846
4258
