10238
8360
14485
20329
11717
25815
32068
26578
13164
32225
13051
28734
25839
18119
25434
8218
513
28297
23593
24168
12880
29123
1336
20574
705
9944
32037
13630
27253
1327
28929
2190
12834
23855
11052
17785
25695
27756
17749
7724
23743
10153
26974
19288
29043
19144
21180
26331
24025
28807
4580
5824
10938
24525
27688
7132
25837
30018
30874
18310
3051
14476
30922
10417
19676
28205
31175
6541
28173
8328
10859
27502
10320
32492
14029
15703
24400
30852
27134
27037
24209
24231
28974
27384
1788
11526
3876
26977
25590
11601
16445
15738
12748
6883
27346
19208
28890
21562
12503
26426
718
20057
10711
3626
28440
964
11813
31839
31736
5262
25849
8369
30828
20687
4628
28043
8404
30761
16103
8676
4128
3611
7311
26639
29666
5570
2080
2235
28990
32061
23657
2507
17719
2362
847
20800
8395
9070
8683
10249
16326
29456
10291
806
19907
307
16063
19906
3639
8157
15817
5134
21415
15804
21197
25100
14001
29170
10066
11365
2700
29190
26109
27598
5932
16748
10476
16690
23442
16618
12072
24213
2774
16393
31909
4950
29888
5306
12291
22222
3094
31837
1276
2388
6925
352
22781
23030
28110
11626
13867
18626
27289
24769
15645
11768
27901
25553
6815
26660
7463
29866
12099
29780
5253
5189
20441
8990
8788
20361
21999
308
2408
2261
2523
14349
31234
1263
24160
26851
16009
20329
19483
25460
22541
2773
1096
13289
14816
19813
32436
13415
12646
31603
9551
21926
20378
17800
22155
8194
25150
23061
9509
22135
32114
4665
25313
30180
12481
1531
18798
14532
20536
25242
16686
22847
19971
13206
9235
27938
32367
24220
9561
12526
6830
4621
19671
28328
15750
24998
4745
90
32024
8976
12012
7567
26881
5508
28631
16980
21815
20014
28076
3908
18297
31415
5098
27042
13994
7938
19450
51
9939
31774
20421
10523
25621
1790
22410
19167
8199
12230
5948
27099
9168
21269
11929
557
17075
31253
14787
27812
1018
15754
12315
19058
12336
17121
5038
20871
1748
27161
7406
25627
18527
2385
17320
28166
5279
20362
29448
18327
16462
31591
23064
30050
1279
16011
24174
24651
7481
16136
19528
10830
21138
2863
31716
7541
46
9565
7207
24715
30881
11756
29546
2725
14549
11055
3431
31115
22778
14752
24782
31318
21084
31103
19395
28929
3589
7523
15955
14212
17859
16298
26426
16007
7512
7357
2955
2718
23439
12603
2854
7408
20748
9516
18052
13089
28260
18481
4763
28216
4155
3430
898
19977
15905
1634
32330
28968
16811
1331
31573
23736
19611
525
9194
8824
29063
17097
26867
9174
10746
32284
19481
10389
27068
22527
9938
8080
25679
26641
31410
21907
846
9361
28122
13348
21820
30533
26390
26937
24686
12810
12612
12365
24365
8538
26522
28619
17015
12435
26113
15982
13709
27914
755
30311
17317
2721
19278
24734
25818
8588
20535
4612
12375
18896
11761
24884
13315
15649
16012
26367
2190
22162
24277
20051
15018
25727
16291
16162
20
25932
3766
18929
21985
15012
1909
3295
8533
6734
21008
4339
22132
12381
11082
29251
3422
13987
25262
5564
18580
3496
26044
2041
16839
14003
18306
15092
28461
14326
24352
10719
10274
16401
6696
22512
19135
5245
27950
12164
22711
15304
31796
27961
25181
12590
4497
6489
5726
10215
23314
31534
997
26203
21082
27212
31678
10924
3992
10893
14205
2148
28959
30218
30720
23723
25515
17161
6059
8238
27441
6429
29940
22986
16407
18407
26855
16728
2255
2512
32064
31832
12050
18800
12370
20336
1873
28386
30756
13334
14927
1424
20505
9971
6469
31502
27546
5295
9637
13888
7409
924
28489
22603
16565
27376
6608
28348
19722
11478
28466
11521
21787
8351
8646
11470
23967
22553
22578
8337
32637
5568
18289
5663
3683
19936
29302
223
32578
25569
7037
22365
13703
25112
32689
20432
24643
15952
29453
6536
10304
16124
18601
5947
6708
1252
21606
10075
14706
19504
9330
32717
18681
1809
31051
24614
5604
7744
31552
30178
18075
18054
15194
38
9320
19683
1531
14596
32003
6332
29648
28107
3621
14869
9338
3602
5476
26166
19289
12744
19252
17381
13909
9665
6185
24548
14660
24828
21362
21399
10652
5902
10054
1544
23934
21783
23699
4010
16517
22981
4892
28246
27173
22110
19664
11687
1598
29062
3622
20294
12626
2596
9493
25871
25236
1602
29052
31316
8119
20321
18715
16837
8520
14362
16274
18304
22212
26050
3156
30137
27727
6937
10501
2697
12255
20080
25138
4398
5658
4509
18556
26160
12020
6077
328
3910
23493
28597
18360
2908
24178
19830
432
1798
7312
14404
24719
5385
17955
18578
30400
25861
25198
16566
23574
107
4007
5809
23018
5946
22137
26396
26157
4131
30877
31067
20553
4685
16997
14727
17926
13038
20184
18620
15918
31910
8168
9435
23770
9574
13927
15074
22356
29458
1961
19101
12166
29919
17650
4384
27144
26494
11379
25627
20412
10359
5114
19362
13037
30594
6930
20657
19386
9470
2921
20296
8370
7491
7109
18351
14975
8089
10105
2232
4367
8411
28227
3694
238
19282
22964
18034
23144
22572
19346
10841
4049
12569
32755
17665
7915
13314
25166
4661
19097
18573
10585
7209
22258
23272
18825
7143
27638
17564
28792
16745
3131
10373
2074
18870
371
26521
8004
25703
26386
19190
16187
26479
17099
28910
17113
32120
21795
5161
28124
13583
14725
27604
5942
24777
23932
14404
22731
9205
22989
12208
4713
11735
16783
13257
1498
3124
6989
28546
12251
27815
8597
21006
7157
18932
13490
32180
24746
4171
24722
4753
28769
28078
12613
5963
19280
18238
9013
1860
31800
14695
31215
20267
14029
28945
23392
30092
12918
20930
9452
14684
20375
16469
3434
16278
29114
21565
5535
25338
25645
9885
16080
29648
19197
30426
4667
12972
13240
8684
17813
30471
31883
28715
29222
24966
21986
31518
3284
20466
21356
28238
2296
27386
24774
7211
16112
7236
16196
20396
20979
4609
9772
20981
14577
3813
28568
7333
13659
13311
16336
13807
17311
24347
26526
25848
2506
12141
16331
28297
22967
29608
11627
25831
29081
28295
2148
27629
31062
12925
10709
19335
20751
24487
9861
5474
5635
2493
26990
15403
66
21492
26839
14464
25035
225
27953
996
31147
26021
29585
30529
14607
3685
5358
19755
32392
30308
17439
14256
16034
27975
24622
30615
