15927
27137
6640
29979
31713
31826
24575
25019
2504
32379
11169
3268
21968
17393
23594
2347
18524
30164
18692
12872
27411
3445
30269
14992
18672
28612
609
26596
7912
17961
15890
2069
19556
11488
3483
22756
26543
14606
23471
20744
3197
12032
32040
9588
25582
26619
11359
31857
14080
21198
23587
23928
11656
11724
5527
23261
26672
31418
16497
10653
18516
2681
32546
8689
6252
31627
20585
23992
19883
14798
4534
3258
15980
28231
15289
2110
21029
9081
15528
17972
27549
15712
13009
4204
27091
9256
16899
11918
9053
17125
11370
11526
28321
21677
23657
30251
8398
13574
15599
9850
3900
29907
20504
22432
5920
4034
21057
14002
19796
5582
4471
1825
27681
28967
27157
24409
5018
13899
30950
14979
23393
16567
5748
25646
31977
19505
16611
5707
6654
27381
3147
231
25729
1996
21557
21166
9725
6557
25067
18494
12812
18080
19244
28431
22453
13345
8821
17196
32428
9946
26119
5102
31551
4916
5220
28924
18504
6783
20174
4166
6618
12844
23408
5457
12256
12995
25846
25422
27508
8971
10469
18681
15792
13018
22315
20620
16605
1541
3942
24846
7902
21676
16401
16051
14886
24075
12364
21666
9157
22468
15843
29635
32239
13470
3512
12608
29840
13780
8322
29815
16394
8221
13715
26788
19791
13494
9187
19137
24015
29887
27611
26018
19189
2343
17733
31958
23651
21469
4606
23483
34
7668
4444
19340
14337
20945
18354
28600
9764
8164
3762
30891
26735
19022
25363
31023
24539
11218
32680
8202
15977
2263
2661
4768
6744
4285
27072
23988
22222
17510
6078
20071
4816
11418
7992
3966
4516
23111
31614
2050
23357
24632
914
9618
6482
15013
22777
30883
4652
15011
14121
18217
15989
17794
26760
6649
1776
6996
8449
21773
25532
2012
4634
7840
26465
21149
5601
21483
15950
20977
30414
18903
17816
3350
9964
16160
23360
22277
5498
13126
19507
10062
1969
15910
11938
16058
27290
6949
15129
25355
31894
11513
29757
13765
25269
17832
9517
22466
30456
15785
10601
19112
27332
259
27947
119
20289
31545
15604
19483
23574
17366
29724
18327
7725
264
22639
2806
7700
6844
22610
30691
7408
8202
19030
24640
25092
26863
3551
19218
23775
23057
26140
8719
30129
18617
30446
8473
3676
10051
3375
23527
27078
10006
4655
4754
7437
25108
6592
10341
15003
6902
6883
25594
6510
17091
9178
13269
8467
12937
26000
31425
26769
19368
794
28493
6282
22011
22202
22315
31568
25945
6695
11800
27601
3240
24674
11128
28359
31261
25634
31100
23067
9739
7254
12668
26294
22485
31467
22564
20734
3020
29938
6782
19184
3023
31017
7404
13932
24878
3550
30699
8739
5964
21531
19723
25595
19526
9178
1413
19723
27788
13353
2664
8902
29049
10575
19623
16551
11161
24056
21493
5339
15693
11029
20697
12743
391
18134
4837
12212
29541
20384
18479
28865
30149
25129
22692
7782
13521
26445
3529
13457
31602
26916
24687
13813
28360
23462
23558
780
10390
21759
15981
30292
25881
19770
11608
8318
16833
19792
30626
19143
19496
8892
32246
26586
16288
11812
28253
17059
17449
1094
11783
14379
28559
29141
2281
14097
14456
15936
11424
30939
21682
16836
2864
5039
12816
17798
4899
11995
9908
11449
9017
22560
23590
4180
22146
13532
465
23233
21088
14040
8484
5849
25101
26457
8680
31951
19552
16178
18286
2673
21767
4278
22645
29971
6204
23418
31862
1114
2825
32108
10454
8421
21083
709
27689
19522
27964
20913
28942
26997
31525
870
7022
1723
16043
2666
9903
9317
30719
9405
728
2364
9808
11747
32162
20852
29343
5005
11539
8458
23828
22487
23529
26617
16767
15929
31483
2459
23350
28402
20561
27705
23643
7818
443
22785
138
6871
15043
20814
26037
28470
486
27024
7755
16110
27666
6818
20590
13801
4188
26757
29256
23362
2242
23248
18331
1771
6014
20462
13214
31338
14568
25606
2494
21505
22130
30097
4507
27603
9514
31691
11047
24510
23719
4538
26993
31608
22415
2814
17262
11426
26710
11540
7539
30746
13782
23204
29858
13246
5054
303
8309
19745
20227
5242
19956
19828
19293
16643
1446
25728
1350
23092
7344
1146
11625
5524
29352
7888
11095
17971
29939
18130
3441
21707
924
32473
22005
18161
15629
7846
16182
14225
19779
21186
15618
31840
11112
11933
20512
684
27629
15563
4230
27959
19191
11079
9510
4645
1197
30460
15478
20223
15078
26210
6035
6881
30838
10585
26635
2440
3644
7976
26589
31691
246
7976
5034
11584
13476
22253
23634
6265
27195
15350
13204
17427
10584
15877
30476
24415
20260
23305
16717
14677
8300
28621
2813
30039
31679
11965
22452
29661
2289
12597
3801
21037
520
12335
31988
26861
21037
31461
19871
26708
28543
25984
19933
30278
23262
8333
2175
21953
7419
23208
22989
221
23201
18387
30398
23384
2318
11477
5696
8437
18496
26599
13551
5597
13142
26499
28160
11664
18203
1850
20123
32440
26632
26752
1478
25729
18820
13932
18885
30786
27160
16373
23034
16835
13769
21845
21120
21073
13196
28528
29995
7940
31329
21058
30003
28862
21387
1640
20674
30085
10469
32055
26915
21573
13842
24037
20401
6090
1019
15372
26568
15870
9860
30046
17522
29943
5291
664
7925
30936
30671
27239
24510
32049
18062
22881
20332
29024
13100
1470
31291
4256
26121
6182
21278
26497
5759
913
1264
29705
22537
5211
2295
22893
8232
7144
19653
20711
15277
12451
3811
6221
338
15060
22107
23280
7885
7873
22023
15478
8774
8329
29160
2666
13554
14309
16109
31011
2321
30240
28241
6990
28703
17540
28574
10456
20400
16985
6481
22584
15000
18211
28448
15125
22596
2875
187
28729
30323
700
6745
17311
17054
20336
19547
30272
27878
23978
16999
7101
388
32030
29854
16607
20441
1224
31070
8498
5819
15458
29472
29316
32247
20863
16163
17798
32049
30539
7203
23189
31598
3003
9301
16222
4260
20358
2689
3708
12718
4115
11968
10168
1428
5187
1876
11965
24647
21037
29511
23038
32588
19259
21028
16794
5981
24251
27284
4927
10974
3301
5959
23905
14830
9359
8903
6720
4990
13826
27090
6416
22544
1338
12232
30782
9800
16488
22913
13247
21964
21039
14922
10480
32648
16663
28038
24237
783
8297
31921
23148
27020
4682
25977
19229
11588
339
8105
7388
9701
17410
28572
