31684
10559
26799
20923
17295
13529
6826
30267
25975
4063
30303
10034
29354
31806
27913
27167
3503
4795
18732
10950
22489
26845
32562
23785
27694
31206
21546
9956
32235
2623
27651
8961
21724
137
7901
6430
6758
17873
18685
6960
30704
17962
12358
29929
2279
1391
7506
27158
8270
8213
7624
18375
14776
27514
4762
12166
16680
11281
22414
20615
28263
8870
5441
1771
8805
6399
27489
24155
24925
12820
18367
22645
13286
21406
26359
17831
13026
3580
17941
15218
32513
13060
29396
750
28398
11938
722
9535
27753
25115
32190
32217
2639
38
10165
28869
23308
17082
4608
22070
12689
23454
18599
6386
27622
4173
26864
19933
15476
18171
3677
21158
21713
8886
2761
7935
12547
28584
2250
23942
10075
3129
32659
13583
1705
16898
26199
26693
28640
498
16950
5567
30645
23118
3079
17890
29284
16525
31111
19244
26250
11615
2878
3920
27777
2337
30107
31426
19891
3023
3842
32355
24298
21493
29202
3735
7486
5647
13736
29507
4064
24225
14209
26518
4866
4879
16598
9806
19451
21063
31974
29634
20488
2477
20848
19139
4094
5820
7663
16362
26941
9400
30951
19301
24515
13847
30916
2611
2077
2615
22916
31097
9329
32305
956
20880
14243
21294
14982
25597
1885
7626
3787
31533
16014
863
25618
32036
13198
19847
29434
8273
9610
28379
26943
3957
21402
19805
6338
19683
4004
8298
6089
16835
4114
26335
14354
10261
32044
23490
5063
24281
4182
20137
14043
25067
27354
25158
7517
24017
5324
2203
24212
31721
25077
12798
16581
21420
30771
8713
16500
3490
7015
12729
29970
31461
10642
15851
27828
5128
31731
1172
9521
30878
5519
15188
32665
18860
29360
5137
16933
25973
2842
8574
22514
20942
31994
19587
12731
14283
5500
29127
32738
9320
25984
3672
23044
27799
14301
5434
20207
4081
10340
10431
27960
16938
19068
15262
17733
7708
9462
21086
11030
15806
2123
7319
22487
19236
13385
21798
31739
26641
1809
30182
23236
16592
15584
21505
12805
21102
24084
15211
18138
24372
19156
19498
20405
15421
22969
31926
1876
8648
10125
12685
21892
4672
26904
14282
21850
32440
4878
28297
22399
27360
30946
25423
8008
26876
29820
28155
28267
2266
29192
16530
28726
11844
32204
19113
13844
23361
2128
9253
5497
10720
12001
22565
16130
4159
8363
13776
27171
809
8757
18143
32050
11160
14443
24009
3097
23650
8962
10741
30310
2988
14080
27443
1988
24693
22714
24071
11567
24065
23446
3013
23016
5164
16101
10944
29733
31478
22129
4586
10602
4930
31564
26743
11697
24209
21697
8324
8001
21629
11567
11929
18197
4383
20324
19122
28424
16630
8454
8524
18365
12832
32086
21875
5897
15390
7977
682
10539
5363
23202
24065
12738
8523
14387
7856
13559
8992
11956
11020
31127
4512
24020
27058
15097
10004
27372
7792
3198
13248
9403
8813
9852
31171
3731
15570
25194
28477
13150
718
26172
6833
32232
23263
26427
276
22819
6280
19142
20007
18760
4560
18911
3224
31606
6479
18387
28671
17216
21896
32514
13924
30126
8695
29334
4141
445
9039
613
18286
24560
6851
32389
23707
654
6270
7537
20979
21634
28009
19865
1758
11911
9736
18967
3469
5676
22915
27868
10401
31685
25313
24907
5651
3171
4609
28539
13518
12594
13376
6496
29822
16805
9965
32188
6578
17297
5211
19169
11813
17134
27593
29646
9557
30911
9491
30300
14552
29353
23909
5226
13369
28419
17438
28371
20161
21777
4322
22186
17687
17427
10228
28115
4027
7243
6636
19408
32287
32170
18174
18900
9493
26695
14893
19705
21454
10954
7302
24621
3791
1404
26904
8420
15541
3880
18979
30477
9737
4213
32379
6424
5160
13294
11343
28012
22722
11532
21916
7906
30437
7631
16067
25096
2272
9467
15440
10997
10443
12450
17393
27288
9382
22184
10615
2155
22279
31831
18180
4323
2091
19279
12227
2531
14002
31752
15879
12921
26087
8947
1695
10855
5825
4708
1782
4526
27452
11190
22824
8200
28300
15458
11673
3287
31104
17973
4360
21898
827
25896
25189
26038
18949
3512
31678
23994
13389
10998
16541
27313
30369
9602
16156
23469
6298
13827
14179
18424
24194
20709
3385
29855
14280
31323
9616
1796
13528
17079
512
10638
30035
27663
18467
5359
10538
6241
7819
27722
11268
5159
2933
31431
5154
24605
11936
117
20137
17596
11835
20795
32491
11333
3564
12158
24339
25256
28435
217
15776
17236
21423
25739
24681
25210
17976
2973
22813
9442
12189
26136
29550
28429
26629
7956
23504
6206
15917
17469
29641
30396
7119
11290
23193
1694
31177
12555
18231
127
30250
11015
25330
15813
7794
8293
29671
4501
14593
8251
24103
14435
21368
9274
28331
12135
30035
7716
18747
28401
26252
29873
10009
1502
5790
13946
6566
3921
12294
22681
23140
8965
17751
29528
12934
24805
842
18668
5455
18369
13331
2813
16536
10069
21521
31060
1039
24022
12642
6361
31203
26176
15123
25457
14029
28261
2194
4751
1927
16571
10360
5871
27781
26714
16180
4695
12795
22320
17706
31526
7658
1672
6385
27869
17621
13287
25105
13891
2710
7531
13016
3171
20876
4287
10404
6787
9995
3901
20225
26745
7978
27060
29543
12692
28277
16700
1424
8906
23877
3956
17164
9426
2066
25529
22683
24212
414
26223
27633
10799
9205
31666
16289
28828
20019
6953
5111
32008
5339
28335
13056
23572
4452
17141
29439
3509
17510
30040
23018
26783
12086
20012
20660
23166
4948
6247
3721
18708
10854
28503
29998
3884
12041
2513
20439
17809
30936
2650
7240
32034
21220
21113
278
19579
30407
4750
4213
17143
10825
2687
17476
23176
13524
4204
21101
2629
10776
25922
19243
811
1583
31645
16137
1454
24716
23884
5966
9320
5380
22981
4891
27164
13595
9160
27203
19646
18546
19593
22728
31036
5637
22344
32316
22891
8653
9239
31618
12310
20565
12139
724
28694
14013
6002
28722
19233
17707
22554
13512
16930
27080
19322
16781
10448
14532
12964
30707
14471
2138
31355
342
5134
1473
30349
29169
32085
18887
4875
17241
16837
28825
27228
27348
1715
10252
11932
21994
3590
17822
24929
31703
963
1526
10008
16131
14985
17501
15803
9353
21733
2575
24634
9708
12288
20171
27529
23263
26743
23146
2327
13236
2079
19537
12258
28425
9512
1853
11575
14640
20300
5970
