2769
31528
14059
15536
2675
14872
23581
15972
1408
6428
14720
17983
31418
12710
30833
12827
6141
25695
17133
28977
4475
3242
25576
23939
1507
5366
1981
31348
13034
19859
32140
30927
27480
14715
27017
26010
25256
16909
20775
24996
19943
23109
20030
10326
18817
9184
23493
1350
25487
10645
14771
24903
5281
132
14868
22708
15042
13921
27739
24189
15136
9113
24845
9972
30209
25502
11456
11056
6229
27784
11310
18225
10809
20127
17252
8457
14961
26104
2411
31888
3214
13
16592
12742
10278
10971
13648
10381
27728
8973
28120
10691
1181
28269
23857
25475
24429
19331
20011
16174
18529
2285
14377
15624
5437
8823
16773
8501
28333
18753
9718
25676
5511
10487
21563
6302
30790
20809
17148
4170
1067
17919
13784
1786
3950
20609
28726
11618
20422
2296
25108
1750
17674
15200
19176
13137
25843
11438
21027
15666
24882
11980
27687
6497
31666
1925
789
3722
1543
17617
5560
13579
6558
19423
8024
8176
32702
10335
10746
20037
17450
28250
13779
11543
10155
32174
17937
8376
22323
29840
26150
32727
12811
8635
23439
21258
10308
2012
31673
19433
31230
20038
16515
19240
27874
17329
4768
19344
2402
26207
20731
32657
22265
32550
3537
6419
8024
25486
7584
22181
20070
5825
24405
20775
7035
27933
27469
29889
27346
7484
3690
8595
8137
17576
15154
18283
16985
5824
31053
433
19828
12080
16784
13983
7533
30129
17282
27672
7465
31365
20718
26224
32065
24067
21363
6381
31958
8724
808
18099
31065
21029
9366
7802
30617
13504
18243
23953
16
31487
24743
27279
17435
29885
4900
26015
9894
19593
25176
26411
7887
22383
20161
11295
14203
29955
18379
16136
15626
17203
9258
2360
22273
29258
15692
2066
32455
28589
14501
21659
20233
12425
18724
28327
28621
22870
7896
25933
26421
17383
10063
4649
101
9410
6697
1091
279
461
18601
23491
30417
27928
13003
8733
19306
21403
25726
10434
29108
6458
9763
7601
1674
19523
4159
18994
20798
18986
21771
8656
31147
19065
5754
32488
6438
1707
13090
17140
3271
25047
4095
10894
7689
7019
19797
29477
23117
12042
26536
17368
26556
22650
7055
25707
12195
8346
2902
10417
1166
32565
26586
27790
5842
29910
12243
20367
19358
24649
2530
9183
23143
26807
5145
31172
3786
28115
3628
4238
28452
13606
18324
23986
16300
21213
25600
19021
16741
1811
23506
11509
7310
15139
7406
8145
15901
3912
24703
15307
24703
6293
9286
32346
28838
4585
25883
3374
28372
2914
23564
17762
32495
21147
1640
13217
7267
14545
30067
12306
14738
27198
26435
31213
31616
14346
8571
18419
22455
27828
4794
30998
784
26218
28952
5122
11197
1515
28629
16233
31099
24131
19329
23217
12225
22029
18162
21622
30415
30709
10554
32182
29022
26631
21728
24819
15721
5549
21343
13561
27617
31407
28457
29804
15543
26185
30404
21868
27445
24666
22584
17812
23519
17615
12677
12627
25315
28674
14728
3299
27
29594
2866
15452
6668
6606
8393
15187
11421
32075
17354
30377
2087
30601
10643
1930
8116
28610
26081
22840
15992
10054
16743
30175
20460
23547
7879
12537
14742
22829
25252
14466
15969
26100
29821
24164
14569
8797
18418
29860
9249
15337
8084
9716
9631
28490
26048
5975
10605
11744
12848
13984
29613
29020
2022
15601
11091
3412
32053
14935
26879
348
9426
2487
29175
13076
17077
16846
17178
8704
8834
23896
2449
21317
27165
14600
28569
13677
10624
28794
2374
3209
17141
4317
18377
834
28297
27971
19849
11627
20609
10726
17903
29416
30208
16354
28902
26922
9472
20448
5931
17667
18237
30064
2612
2626
23397
26149
14863
16190
24973
28714
28601
24723
18751
15800
7295
13980
14542
9795
3660
13319
18425
17560
27595
20683
17911
7206
2509
20826
26966
3257
17203
8622
2701
22849
6874
25962
29478
16868
7231
3335
23793
26336
18630
30214
23398
12160
29235
29862
30672
5329
5464
18617
27791
11216
31475
25411
10848
402
849
28081
31041
8002
18155
2380
20240
11873
8800
12788
23855
25018
23568
18548
7769
27056
18043
2363
23583
27879
29353
29176
28091
18859
7723
25492
13050
8323
12129
27907
21257
11544
1348
7004
30560
9569
1392
22437
28119
660
23589
11773
7979
17634
12256
24450
28698
20310
21644
11634
28474
25181
22732
3962
10480
27303
29336
19612
4516
32420
32564
3637
16481
17076
8919
8361
12833
24484
1133
8774
28127
26283
28156
5043
30483
12461
21852
10309
7418
397
23231
12528
28548
16210
31050
8112
19249
3302
28860
8598
18406
9045
11367
6271
16850
13142
15134
5477
26088
29248
1144
30819
17652
6425
24970
876
20442
20933
13030
14482
27486
28553
11627
27051
30889
11448
9938
11013
12300
32262
14105
18047
19220
18430
6081
27099
31952
14233
6500
765
1370
7399
24381
15740
24700
8870
4499
18067
26068
13511
6605
22756
6560
18278
24154
14219
15731
13043
11300
1450
802
4302
19133
31396
30976
30948
8266
20738
1316
1378
30468
26297
25967
21359
32266
9615
6285
23563
8252
22102
28754
3111
21692
8175
24427
26977
14797
7490
318
14928
12311
7004
347
24203
30856
31157
7651
756
28582
19442
15387
21887
3936
25763
7446
32197
9241
15351
5814
19329
19458
28054
30709
13617
18981
31928
953
24050
11905
26419
17696
30857
10606
27336
9310
16451
8243
513
9634
22971
27546
19499
11984
12769
5731
15774
1173
24538
20792
31571
19333
8224
13061
24484
28079
4390
12855
10722
15175
24876
8731
22371
29769
11843
18287
2808
13068
2614
1190
27938
13864
29855
1624
686
4766
10893
8972
4077
13983
10131
12383
25523
14998
30050
7509
3661
13807
24116
16684
23266
6278
5587
1725
9469
5027
17860
10868
29115
31695
9768
22723
17976
1328
2723
29361
24674
32270
7707
14741
27449
25621
17598
13997
7228
16384
13982
20213
4310
11176
24466
28148
12611
21382
13585
11409
6445
8128
22835
12662
5432
23894
13263
8213
2252
1228
6601
19933
5576
26236
20674
20325
19500
32287
14408
8512
87
31785
5517
14479
18081
3348
7107
15891
17673
26484
22198
27064
1398
12719
15339
3012
31535
11501
6585
12268
16425
18535
6479
6265
32143
11504
5130
17909
31328
12280
29709
5754
30918
16571
32432
10211
26635
11772
20939
31903
1530
6454
16306
19507
29574
2540
14671
