5942
18232
24909
32682
14866
17991
29196
5691
7640
3818
30542
14170
15102
11491
11948
30229
1474
3155
31770
29045
13597
29920
15856
6062
29547
28014
13787
27035
10978
13280
14626
4707
27281
29909
2584
22912
20389
28743
9497
26169
141
8950
26353
30735
29485
28638
1842
16841
18862
10968
23292
2135
8845
17437
8992
21444
17873
12076
9790
753
30085
23467
6348
1223
138
9845
12602
9884
8642
3609
6742
15118
1176
11607
10107
6526
21235
17691
24069
18352
21799
2461
642
25910
114
9614
29446
19129
26037
16591
20764
31135
16260
11279
2117
10181
28202
28702
24545
23549
30597
10271
25253
5829
10196
8809
3345
5100
6635
10230
14671
28536
32369
30838
28449
4421
19047
25231
2322
6406
1031
12285
28979
30862
5499
19045
3312
5989
17757
19082
8345
12476
4308
22703
22107
1457
6898
1013
32688
14890
20047
28311
2059
13072
16342
4549
18115
7498
29833
29040
25958
29513
28556
17407
204
9034
27642
5364
28878
18946
10189
2951
29180
6716
5572
29402
8751
7723
20967
8013
31414
23533
6512
27563
32531
22492
9732
29316
24969
2055
28216
11753
4850
20307
12967
23537
28340
688
20
17251
1643
16707
28907
12496
8961
10255
7124
19042
17665
23094
4715
14251
29327
6101
21101
4129
27602
31755
8325
4357
14487
16508
10748
4942
29925
6149
5411
32519
21589
14579
10213
5917
16431
31903
27978
4846
30550
23809
27746
293
18913
3498
602
6795
26431
9927
13303
22489
8065
26458
19099
10045
30132
15322
4284
23871
120
29937
5803
4732
2909
13195
11731
15093
24450
28715
26632
15368
10968
16164
1424
6532
9908
523
618
23004
9897
21655
24064
13459
16098
32454
19533
11348
28801
3813
27271
7038
23078
5592
32425
31895
29122
4872
25641
23260
130
2693
4010
17700
20798
17917
25443
3292
9270
25112
30193
32512
11127
12975
17750
14260
5315
13304
9625
8674
31806
27970
13480
30421
17339
26813
29084
12540
12163
11362
10945
6680
3274
15436
15871
7442
30645
15638
26971
9495
31872
1245
25080
18513
21995
31564
3512
2828
20466
7877
3846
15230
1215
21264
29399
32416
8146
14672
5901
19982
22938
30653
8708
15218
1338
23465
22375
16678
6030
14005
31508
14138
9016
29867
17226
9261
17898
5734
15918
24926
24987
6924
26446
1705
19527
8418
16900
9150
13005
8070
7912
29173
2514
12219
30901
26653
20425
23788
10601
4561
18416
22403
6127
9130
1655
24575
30849
30513
14821
1316
395
4305
21379
16608
14019
16730
30147
10627
23470
9574
30890
12963
4467
23056
21668
3116
22055
26878
19822
21215
24409
32279
123
26565
22713
13115
14719
16930
21227
19735
16516
23289
5273
30104
30478
12348
13842
32068
1408
16086
28801
32551
12069
1633
25510
14381
11669
16994
27741
10555
26199
28007
14599
2143
22624
31592
22131
12739
25909
4553
13917
19039
16934
12737
21519
184
22459
1237
7090
26723
13632
28407
479
12761
8308
17779
7303
19746
3624
18327
20186
22544
29791
1711
7093
17579
22036
640
20223
18362
17369
5279
9244
5790
25883
29645
23075
5046
29699
21651
14449
26593
9126
7945
25248
7122
8765
24728
931
21548
19226
19621
20139
31842
27428
10564
31101
2025
4012
16621
2322
22753
18887
18215
28825
23178
9545
5819
17231
2382
11806
20753
20182
20187
22158
3773
23603
11382
13359
24904
20896
19533
29142
24101
17829
12614
31771
19553
29203
2707
20385
5312
5670
959
27910
12373
17428
17755
29655
20638
26843
19882
16973
11583
14154
22070
28052
1818
3381
26678
13775
28848
9514
6392
9691
21632
32006
9719
13538
7768
19588
20465
13143
10483
1696
28023
24868
30065
26615
28297
2542
1606
2187
1611
5421
25575
4430
6240
6010
9020
766
30269
24901
23993
8732
2664
18300
26447
1714
24293
6674
16770
17433
4342
31759
18895
11657
19213
15238
25676
11645
7501
6550
9000
13833
15438
25128
3376
17877
30232
31897
3580
2368
18001
22782
20004
27855
1034
13323
23309
22858
9878
5061
16295
7168
3741
15761
18715
23767
20223
23775
10933
8403
29958
11913
27181
25140
18267
31797
19067
29185
21401
26857
4323
769
1738
14266
23555
17340
31353
2328
8190
222
29827
4428
20231
23042
3280
13417
6746
18118
3675
25933
838
4963
10976
3209
30030
25061
5241
22162
25453
20414
17345
32210
18768
6769
28349
19290
32510
31190
8445
6834
19516
24165
20435
14645
2946
27293
16535
32457
16939
13756
8862
28123
26468
32585
26148
2509
1154
8057
12110
32415
445
13842
6293
30702
29445
19926
30004
11811
28841
31199
10251
13281
6283
4507
27087
17913
16803
16028
27607
5716
12344
16732
9883
27525
26287
14987
16766
3322
5179
6731
16726
16986
18932
867
26206
31595
17246
14210
5552
10811
14827
1643
28402
24825
23828
29262
14520
9854
729
19298
5467
11316
15505
2380
7006
27606
27902
4726
7905
6134
10593
7001
32370
16790
25407
14262
25304
23799
24656
10569
28078
4964
14219
5078
10585
26275
29864
1005
26705
379
3705
28659
25775
18163
26452
23033
22464
17828
11985
31856
15186
400
25845
14890
25123
24178
19329
7708
15985
26198
18221
3096
30835
17468
23051
25147
18499
2399
24698
9831
31786
16845
16382
6584
1248
27704
8097
28066
27744
14196
22173
18684
25133
23149
16309
8118
20495
5678
32602
27465
26699
11108
25656
20590
13960
24042
19630
6328
22117
23796
27339
255
2806
7436
13447
12045
11925
29092
25305
17972
21749
3434
21155
15346
12007
27818
12677
3995
27920
6482
29644
26424
23185
17249
26959
22769
646
8744
14124
5295
3717
5471
19692
11692
18383
5158
7218
20674
20134
16953
14677
16521
7918
27453
19255
18655
4711
18741
7834
31912
21241
7051
413
24623
17286
2803
12283
27012
12093
9409
4627
3851
27242
17306
10444
20351
15142
21187
24949
25186
19291
11398
21456
13509
18412
13520
19123
995
23607
30597
16100
28698
18940
22062
18033
4486
31302
20075
28479
30224
6847
11060
18075
18021
23411
14010
31256
32030
30667
19575
24417
28839
3922
21023
14194
28062
24842
9001
8705
1173
15144
7137
12607
14559
16517
32672
23370
2506
26639
30835
23591
27118
31381
6550
20896
22411
28466
6627
10883
3812
11869
16418
1326
6297
19552
7873
21587
23673
17628
1357
3655
