30342
686
697
5444
17825
825
4908
24932
6143
30108
11841
4337
27970
25255
28308
32100
30925
3310
17109
25520
19040
12043
30542
9699
15969
13444
30682
21060
27769
18999
13628
16365
24386
13750
3972
20368
26529
29694
7470
27292
15261
9184
9202
27283
5923
11874
19586
24407
12595
23342
15897
17329
28453
6521
21214
8364
7102
13278
9999
30298
7984
3671
29533
4673
16866
23452
26139
22391
19090
14544
14182
28260
5844
4135
26077
8833
2735
12329
2514
512
21187
4818
31563
13021
1503
6908
2835
30783
10717
30154
1603
9909
21032
25572
24111
26341
15484
15589
30412
16520
32458
14096
17463
26018
31057
15170
32633
12402
4552
3797
16591
23796
9271
20631
5407
21951
26856
25298
30381
27390
11358
3414
16416
1041
7341
18728
18095
6866
6969
11044
2362
18656
12527
19451
5131
14929
3565
8058
25633
12914
17727
5245
18643
32532
32023
1539
25475
6898
14526
13379
4658
6333
24745
8402
2674
27891
27485
17232
5407
20358
22553
5810
28456
30341
26075
13453
30846
32160
21713
29400
21731
4137
15746
17455
31399
22953
32647
10357
29778
26535
15061
12081
29986
11631
264
18637
29684
377
28376
13529
3615
28792
20279
13176
255
23078
23361
17020
16024
22511
7772
30460
16228
22924
19667
926
14015
1099
24079
11569
20857
4323
19165
321
30469
24408
14631
30570
8953
15159
24905
26237
23618
27178
9212
15009
17059
10540
18133
17773
11635
766
7442
2499
3640
11412
30405
11273
4982
24391
26403
12540
4600
15368
2497
13687
7893
14115
20635
6242
29399
28275
3249
10453
5290
23196
25240
1712
10882
9097
17033
1069
7193
20894
19526
13824
24367
31092
31017
21464
14132
25027
21706
24564
12871
22805
15781
18470
32184
6713
29039
19015
17728
8412
5064
29898
6074
7001
29502
1442
32719
26409
24014
5429
29439
5726
10964
15307
19654
12146
22539
30125
7633
724
14170
5036
7977
26894
2562
29696
24840
16281
9634
21181
5239
16888
15054
16101
2770
18376
5583
24152
2716
13060
3817
28439
12457
13846
7383
17592
24987
14159
28479
4845
17526
9323
22531
13932
10677
2668
12164
27732
15077
28555
19668
1289
28282
1863
25531
16389
1585
23389
30605
6500
9965
9423
2539
28968
24087
3199
17530
12826
14914
13342
22137
11077
7555
9855
9400
13494
15763
17159
28084
2814
12229
22212
7446
10852
15237
28380
23994
27632
18288
2466
883
6924
7452
1205
31334
6839
16082
7830
3324
30537
4374
30664
12381
14656
24560
7609
15224
26783
5515
19577
13250
17219
27233
21391
17554
31405
19687
15738
26305
4894
16113
10674
22890
19887
27252
3203
22586
1387
29106
16457
2280
20172
12874
10862
28130
6887
20976
20859
16198
28250
11425
24651
11368
9483
7006
16735
29605
16383
28308
31442
18692
15928
4569
21902
2926
23665
22836
5310
22618
8039
29510
25884
32690
21654
1491
11972
15085
18847
8189
9264
12216
15108
5352
2146
30865
6839
31033
8574
14362
1549
6072
20931
5001
31220
21957
13224
6208
19185
10121
28772
10089
19844
20332
18887
28696
12601
25167
16965
24007
7425
29129
9347
12514
21132
26376
2553
618
24926
4181
12965
12449
3313
6417
6711
12886
17854
9432
5708
19376
8520
10801
1519
28885
29305
13657
17879
21489
8282
14811
22150
5044
26298
25536
4906
25147
14014
8659
22638
22171
4963
13325
2499
27431
22797
23592
9280
25718
9524
32282
30243
6101
28892
21053
21397
21361
4770
3516
26764
31177
22005
7965
12606
28376
24796
15651
6019
22090
14481
2434
10006
9288
18381
22453
25759
21917
27876
18621
25339
25692
3475
11469
17183
13529
4244
21975
22605
22297
32615
28709
22329
11787
2690
5580
671
21620
23459
18644
24790
5281
30846
16280
16967
25348
15136
13279
6638
21707
24360
14072
3329
15861
18470
27713
29541
29918
12316
30262
3920
16351
4836
2309
8700
11397
19632
11895
13612
23087
11637
28976
11084
180
19351
16585
8614
742
14297
12985
18350
29753
32359
3640
1290
25818
2652
13034
25385
17769
12347
25865
27104
1587
8658
25229
28333
16795
1694
31614
5623
4160
3442
29133
32094
31542
15036
32248
27310
6326
22865
5243
5706
1307
21793
10531
8024
15970
29220
28645
27854
16577
29112
21506
176
23580
20592
2609
7916
26814
21137
14771
28537
693
29587
10162
30241
8782
22335
20758
24593
27689
22376
6860
17460
5060
6644
9454
20697
13862
5159
30725
23288
16351
4130
20701
23113
7678
9832
12723
407
15841
18551
6741
25809
19090
12137
14080
20405
1872
10848
14827
10774
10810
20733
644
13818
21157
21501
10101
3171
11912
29153
2188
14979
481
23802
21232
19986
16537
32206
23781
9794
26381
2637
2183
3703
1575
24320
17457
12053
19544
225
10770
27801
18617
14296
3281
6468
31637
31879
21286
20309
9118
22491
7957
8521
10065
31491
8849
4189
19393
15204
12532
27470
29311
30956
10321
26048
30475
3734
20018
3704
27220
10194
19950
9136
27007
12038
16557
11646
25090
12020
8826
19449
31720
23698
16245
28156
16538
28823
1147
3629
26318
12220
32348
30231
7877
22430
17187
7400
16183
7000
13965
29973
24979
22663
2738
10220
7254
9463
23489
19735
22425
23089
22838
29403
15094
19838
14257
1081
15119
875
12942
32752
2172
25986
23790
5411
23518
28575
8590
2887
26922
2332
9897
13444
6261
8349
23708
11934
29138
5526
7474
13967
19985
24488
9999
10813
12622
12144
10715
22798
25293
29862
0
7726
16159
19755
3236
20057
16827
18549
26829
14242
9453
16238
4150
21100
18162
2834
23519
3933
15159
3682
11245
27836
1372
9432
5527
28858
21952
7418
28390
6722
9703
32530
32744
9723
14150
1692
5430
30319
29819
9188
26550
23137
20396
4230
10017
10837
13877
5461
6206
3164
3277
16816
20836
15463
28532
31524
23776
32494
1934
25888
23317
19087
15025
12985
5816
25765
13359
23055
22014
22845
1086
4698
17760
20756
5474
8774
6284
21134
15314
6117
28154
17969
23067
15317
10213
20520
4483
9801
30620
3732
16433
32088
31309
32745
8036
5795
16101
8372
3291
22618
21468
22607
25431
30497
25714
13670
18625
13147
20662
26743
19103
2340
32595
31418
10975
11107
7827
18361
24075
10651
6523
27652
22013
10010
24156
25329
29580
18971
5662
9025
8898
16256
27975
21171
