30897
22965
18849
1422
31952
32103
16256
16535
15252
1744
17433
4222
12936
11640
16939
9784
31035
13865
15403
24597
13704
6993
9354
813
120
20846
14473
7586
19996
25105
1071
18473
3240
12971
1060
4829
23458
22860
12781
7554
21131
8520
10628
28424
3001
12028
24489
9722
21040
29218
28796
3230
32714
19100
28452
28109
17717
16452
9581
4686
12885
13917
8531
3549
14420
3354
26492
620
28964
14191
28660
19563
12501
20564
2717
28213
10146
14699
14622
11432
25331
9783
7077
32747
28903
6335
6804
4190
10855
9500
28933
28922
14517
14469
30906
11932
25491
5893
15629
31975
6246
11139
11984
14512
9475
3212
12745
21819
1953
18899
4780
16320
14098
11518
11237
5581
29429
16086
21815
17612
29144
26515
24916
3263
14172
22130
22205
9326
19120
5269
22559
410
686
29513
20405
7193
28373
10920
24857
27395
31031
1983
7502
12655
25607
30855
15537
28029
24056
1109
8624
24386
10114
4166
27133
25479
5164
9334
24633
13427
17095
30359
15088
13597
2567
15996
17982
6223
533
8531
28481
24102
16404
24377
19484
28089
24511
4034
2359
14294
26865
2390
26861
30120
7787
11977
30418
23131
19007
12462
25524
22041
139
10125
20220
12763
30778
31692
11930
24862
20553
4651
16982
6035
29182
27342
5985
22415
5926
20650
31552
10602
4452
13916
19732
31560
17034
23304
5824
26405
13330
18361
22753
420
32570
4385
27301
29017
188
30448
25445
206
24868
26453
6201
15299
8759
12728
1015
21871
3369
10775
21114
7411
9609
4326
6519
27838
3246
30354
3145
26884
29466
23006
3652
32417
8589
8475
27281
20088
2186
32260
13573
2037
3191
15646
12287
25240
6494
29317
6777
17790
21792
27313
15658
19252
13151
25056
32616
18166
7557
30573
21748
25284
2187
21490
22654
27040
12183
13892
22516
21143
130
6649
2999
21711
27279
1210
24636
16480
2997
30388
18224
14446
10272
13267
27599
24525
6383
11999
11777
5266
2190
9882
15622
9741
11762
13301
31100
2956
23282
15631
19240
3520
5321
32004
4193
4124
25131
7651
8083
26055
3949
30031
17566
11520
15105
2456
19523
16449
28002
9923
9081
29073
21387
30977
9781
14430
15082
5654
13225
3495
27200
31279
8889
12942
11064
21021
12026
8486
17135
24137
16981
15773
25672
11627
6431
20858
6775
18422
18504
23526
32434
7023
11863
12718
3657
8201
11299
2548
12346
29446
2898
18804
5260
13646
23124
32734
5218
26898
790
31284
23275
4136
22691
30439
21314
8098
20524
5609
10591
16809
11036
23328
11324
3705
22531
6654
8269
27179
18887
734
14265
2837
31601
6319
19823
8902
12457
16079
18089
14920
20891
12659
3209
32191
1961
15914
1023
7091
19840
18599
5570
20811
27672
21598
7563
4769
32072
9205
8035
610
4386
20047
27652
25492
17866
10666
12039
28593
26310
10171
26336
22380
16162
3915
24075
3560
12214
23837
12859
30435
32183
28664
21081
20944
7
9400
8105
2236
23138
19141
24017
18430
17057
9790
25445
18818
3040
21134
11941
13087
28737
19962
29422
14336
6095
25787
30440
4570
5009
436
8378
15704
11163
18075
7789
4086
17640
2127
8829
31138
27420
6132
22989
5514
7974
22985
26231
24238
19701
15137
24094
20847
30521
29632
31800
13868
20716
1167
27541
8618
13974
27515
7335
7320
14048
31835
30039
742
3004
2626
3180
5866
16391
25022
18979
11399
11970
11759
20514
8238
21833
16331
4614
25614
18933
2563
25846
9011
26058
29220
15569
10455
18012
5622
28126
6978
19068
25272
27448
23969
10493
7060
20940
25991
28714
25135
31769
8082
29529
9994
9468
25443
272
23564
22308
30410
15695
17288
31825
32643
3153
5979
17827
6085
15842
11813
31822
26299
23814
15753
7706
21939
8238
11880
4393
4022
16116
16230
16855
2006
14351
32765
63
1573
5175
3928
8603
21976
20623
32302
13067
12779
15291
31099
32225
10267
26082
11749
24733
24655
10476
23330
778
14210
8918
4880
23540
8845
10901
20890
31335
31180
19870
1474
23906
6680
23866
19463
11448
29411
32537
11320
8239
17018
19790
12903
3734
23586
21268
32536
8018
31608
10147
22003
11708
20328
22840
20809
16993
19298
12265
15669
15947
27995
16873
30610
13604
8373
5916
15359
6196
559
24278
16566
30418
29217
25864
20969
7665
28514
18939
14419
14117
19847
27127
15973
12642
11661
1526
25842
16469
11306
19881
17225
20858
1048
14538
15233
5060
24424
4
25918
11219
15763
20275
10829
1253
31097
20174
19065
13722
16817
12150
26935
24580
17634
425
27554
11024
8875
12086
5287
13098
26323
1082
9503
3871
32410
14324
19640
7430
18795
23560
19682
3724
13909
27073
23918
5975
11122
17170
31895
19052
32333
19077
5960
16752
1153
7205
6330
20404
4444
13165
17063
6845
17304
22601
20661
12725
8655
4734
13193
8468
30462
9119
12203
26206
23853
18299
9229
25937
13911
18371
18716
25593
28419
8347
11351
29406
21219
25111
11284
21476
4337
5745
2111
4262
3730
25907
20418
31049
27145
31150
12913
22385
25416
5767
8259
32326
19553
11120
13067
32210
31627
15875
21797
14834
28101
19503
1711
32083
9882
16125
3660
18308
2805
16220
16035
29099
11990
27148
9189
31620
29819
7942
8595
18992
10884
26708
17146
27303
24388
23292
17472
24443
15027
26716
31495
30184
31841
16715
22775
28588
17844
12655
29034
8265
3594
11871
32044
31905
7726
18500
28531
18711
31122
28288
1641
22617
19395
30417
17430
123
164
25297
11414
29230
23439
14974
22894
14278
7770
9119
20047
19135
21672
19096
24395
2677
12030
28483
5803
27695
15115
24186
2891
19105
1942
22192
3612
5190
24322
1160
25067
27784
23392
5901
7810
29866
31390
3573
11144
25147
18625
11447
16706
3951
26661
5369
25668
18574
1944
30929
32310
9021
1972
15843
12984
27515
27178
18208
5746
10056
3811
2167
22281
9339
17548
2042
25707
31875
2590
21066
11047
2350
10365
11801
19010
24171
32631
31913
5955
6885
14072
3646
31080
11632
5956
15562
16
21346
5732
4157
6821
26886
16485
24276
8086
32332
8156
5392
30706
28728
21969
25474
16833
12251
18345
10167
1267
19822
23438
25367
11849
16680
22171
23049
2164
21850
13029
21036
19595
32188
32022
4257
27448
26099
26818
26860
13832
384
4832
4739
24932
6441
24168
27115
7637
