2133
4888
13867
20800
5286
15440
9312
15366
22991
3257
29717
24016
31949
10439
9645
3030
14545
22516
27431
30365
8504
10293
15590
31388
30023
4502
10313
12380
27449
26308
4974
2502
5481
23601
28322
13809
27970
17688
20422
15862
10438
4227
6811
27767
14533
5
32000
29728
3994
15847
26160
8577
23568
6155
16384
19634
3997
27785
29596
23913
13024
6582
11284
1703
4408
20896
8925
31367
13093
14275
14996
13007
2392
10560
977
9024
26094
29339
23822
1629
16619
3978
8508
16820
28753
16899
10571
19994
24112
2951
3289
4373
4595
3414
25407
8553
6142
31310
3179
10129
11817
1883
5593
18895
31923
914
25434
18300
19350
10763
12314
28540
23890
23716
20944
13496
8159
28051
24060
30531
11750
22081
20192
32532
10665
30685
9527
10028
15821
4190
20334
15119
5129
28364
18376
6083
11158
32240
17949
24474
28935
15172
12542
21719
5719
9399
32049
29798
23470
29987
9134
28984
21166
4056
7989
2131
10520
6397
10449
14566
22515
2672
16971
20714
21895
27659
19514
10893
983
32563
21763
27677
12532
24212
15498
24038
4995
11354
20428
29239
15881
9382
26332
30640
6413
15170
31594
16891
21447
26353
8828
31012
3717
30685
27723
827
14583
29147
15882
18705
14317
16225
29155
7955
6943
31487
13306
17257
699
14515
16436
29786
1013
27686
25422
21358
11530
24618
13836
17068
6406
19004
20559
16723
23110
23517
817
12531
26355
28503
25496
5882
16011
18970
26666
17441
4316
4798
31610
23588
25886
3088
23458
27319
16873
25656
31918
7437
11162
5912
19731
7718
4490
19094
11713
19396
28501
21428
19697
27872
867
18623
3997
16243
32522
987
30352
25911
4127
9143
20544
30601
24527
20499
208
27570
13813
28568
9037
5643
7143
28254
8872
31746
2341
27176
23748
3783
31536
12858
29805
9549
9425
17890
10509
2972
15119
1988
14276
22822
1647
16325
21809
17520
10660
30851
6674
22893
378
31485
7047
25185
16468
20620
11875
6591
30594
10793
2214
13921
9305
13015
4676
4509
9304
13528
25746
13259
20838
18658
7050
5983
6796
6135
19039
31785
875
2756
31747
23763
9363
1855
31130
3091
3294
26329
11179
5387
27078
24497
30408
19932
15009
32104
16311
29979
1789
12947
5418
28099
23743
11386
29270
25675
31659
25424
22024
14151
15582
28785
17494
14870
18807
980
26034
18526
32014
8987
4583
9258
8078
29515
6116
4797
12986
9927
6449
9874
20798
6402
17734
23548
25273
14232
23436
10236
5095
6733
13109
27258
14713
16914
31546
6169
9424
27478
7512
615
8836
9246
27841
1577
18510
3857
6048
28695
13139
18045
16047
24102
1176
16117
19848
29
20945
30144
25233
1544
24807
14082
21232
12406
387
19807
13178
1965
30992
20338
26919
18350
24702
11955
6753
6787
27138
21967
5915
7998
29291
28429
16138
13963
23872
28773
4954
9413
18913
22859
27725
12924
7945
6122
15864
7100
11605
10325
13873
10221
8196
18652
17771
20433
6593
29091
5832
17312
13294
13438
24863
1815
6600
8049
10679
5461
3153
7307
7173
18867
29243
2000
24505
10298
6533
15965
27991
5141
9978
4921
26923
6128
26544
8529
175
14790
16628
7826
10170
19523
21905
14637
16931
24722
13377
3683
32748
25265
29528
5052
9258
7096
30358
19146
19951
9302
20377
9465
11261
13762
21968
4475
3381
4741
27312
32649
15235
3788
4120
16823
18462
2466
5044
26297
19491
16478
24253
26330
26783
29763
30909
1997
14281
229
4995
5264
22036
704
17518
32702
10653
29017
16814
1321
11626
29057
2552
21157
18214
18232
3940
414
5032
25807
12918
26212
115
29439
8725
21627
26246
22982
26082
1090
4312
28987
12180
16044
3277
18290
31185
25997
525
3535
14889
25427
23657
24941
14759
13431
21208
2490
15087
29621
24607
22146
6078
3754
23476
20726
12944
30692
32428
1213
24420
11424
32039
16393
1323
18212
2881
11258
25275
9892
8932
9383
10393
4739
10089
7121
2024
2467
18415
10279
19184
3602
28139
21226
2774
7665
6556
5708
29967
15510
10928
11503
25857
14979
18823
24974
30664
27939
9204
23391
25518
7953
16245
13157
24723
19485
784
25828
21699
25637
947
1764
31052
1520
32344
27376
7897
4124
9266
30671
163
29456
28992
17904
18689
10704
29857
28429
14046
30334
27121
31909
18249
16445
30137
22838
509
6543
20310
5098
9006
9674
20473
16558
23315
20669
8463
5397
8937
30524
384
18762
17599
17412
20892
237
6525
14437
8931
14233
10462
22086
22252
18881
28658
21986
31717
15545
18226
2507
6734
15132
10141
12317
16532
25375
9132
1667
16972
32606
3728
17614
8759
32730
862
16986
3587
20435
13287
966
20453
1350
8392
23901
4926
12838
19906
9879
24899
3540
1145
7308
5827
21239
23693
20431
1520
17095
22276
26981
10445
32016
11097
17861
8372
27907
3880
1800
19247
32729
13351
15505
17591
26370
1262
24824
27812
10709
12090
15002
26551
2298
32221
28354
15821
17195
28711
4524
9859
14071
13661
24858
16463
23820
21
31509
24120
1633
32613
26249
28990
7636
25912
27931
28436
19825
27280
22714
7924
17970
24542
5635
13224
27163
16058
19169
29643
23945
8928
10358
17065
24769
32572
16946
20930
17779
758
17509
15169
2184
1272
19853
16136
25565
1311
7766
10513
23223
32557
14116
2763
15299
3443
15614
26292
16128
17599
11447
28159
21955
15231
19956
9283
20879
16140
22522
22620
14412
20780
921
4785
1603
23725
21362
28071
4128
11905
17918
4982
2305
4202
10512
594
3327
1865
5682
22418
28588
10641
12781
20345
25747
25080
3584
13779
5566
14689
12879
14297
10033
1561
1354
28312
26166
30763
13890
28870
24286
17307
2578
24774
27222
31412
281
16131
23695
31766
14262
24324
18702
28572
28494
23367
28508
4945
24952
13614
28384
2536
18497
18626
26047
1552
21178
20138
30324
4940
9875
9310
3107
20077
15317
23172
14826
20884
16487
1442
6381
266
17383
30622
28661
7399
9339
9235
16239
28876
28371
2687
15025
30593
17324
22215
1331
5068
224
31236
23690
5470
8566
10015
18688
5115
29693
19621
4676
9825
9174
11326
16065
28093
5752
31945
28722
7906
24619
7908
10746
23468
29179
20604
24407
5888
29496
13390
19191
15656
23617
25003
6799
11415
27733
2232
7516
21104
26794
16484
24791
