30618
5961
19333
7088
10585
12778
496
778
7869
15837
1993
5434
6418
1229
27240
24206
9594
332
6814
6961
14071
17636
22234
26861
28872
23749
8579
13510
30429
3569
17786
17404
26885
13758
11059
30359
19355
26406
24325
5435
13485
22089
20548
10063
13572
1499
22219
18512
18075
8849
3513
30093
23764
27303
21839
12311
8319
28562
28142
26911
21021
26123
12986
19145
4622
4887
8676
5972
25848
28872
22760
16398
750
16820
2557
23299
3836
3231
29411
18491
16339
61
2335
32369
30787
20123
18498
21957
27399
27965
31227
3375
19580
20580
13638
21107
22183
4739
12223
3043
5798
27225
1957
2267
26864
9233
21744
31844
30014
4307
16323
23410
7986
22517
3462
5169
10034
21486
9103
6192
26038
74
8248
27495
29011
5083
8648
29168
3161
8369
25248
11648
29514
12509
32398
288
27308
12232
9010
10905
11850
15671
32419
21947
23839
16227
27847
5513
7431
16253
15086
5654
18775
15343
13720
30086
15285
7577
13789
29574
22221
13634
1826
5174
3584
12838
16224
18315
18377
5872
27233
20606
21574
11123
18061
5214
3056
18049
7560
7502
18648
20850
8156
9913
23004
7516
23249
7207
13059
2870
26738
7554
3507
491
14230
4649
16189
3670
25838
2950
28407
9933
17178
6522
13930
20083
5482
9954
20306
28782
18563
24710
2240
11442
6831
4917
31971
12101
4050
10305
26664
11098
26080
2081
24214
13259
15083
23979
25292
2821
19906
4500
13597
24682
17623
15113
26985
22777
21448
26038
1780
25207
3478
23265
30934
12189
4365
31583
483
21567
6058
31528
29528
3782
17624
28121
10333
10902
1314
24168
16629
16732
25417
23579
7837
6000
3920
2298
26454
15294
7443
31124
11184
27107
17340
8107
16145
23046
1997
3658
14310
13194
20290
32334
3314
4247
4399
954
9901
32201
10610
26929
24717
16421
13096
22898
29015
16800
22868
6556
16311
12650
28806
4050
14053
17997
13416
23967
31015
583
7207
27202
344
15160
26518
23854
16377
15915
25763
18084
8069
32084
16526
9719
2479
28460
402
25471
17162
8185
31631
7174
4579
17829
14153
909
16351
5992
27483
19978
23454
1874
7349
20747
18439
20003
3444
11312
23441
24733
8790
27289
32433
9866
3811
13760
30992
19680
1824
19554
26791
14934
21167
21632
22922
2491
8090
16355
11554
11799
19365
6607
27079
22549
14021
26768
7635
5357
31342
18781
23822
17117
1309
14920
25685
5267
10314
4704
19138
16070
18992
18927
15106
22837
13229
23258
9900
3949
26856
26929
29105
31180
29907
6871
4481
13005
1233
20384
14583
10448
27589
13440
19004
11499
30517
8201
7681
15468
2600
19204
20831
30806
28536
14729
13551
1614
20109
7802
27526
4018
6902
11214
29672
22128
16664
23787
28542
1113
22031
5064
12284
17953
6631
17417
20366
2261
25834
27018
22715
9754
29807
31868
28744
28124
16655
10570
15468
29695
24322
14533
16481
27870
3091
22151
424
17229
18335
21154
28954
12471
31943
20168
13619
11942
26928
3561
19883
15308
28491
30409
3113
10680
24503
3752
10735
12776
4961
29957
6959
18854
21493
22703
3307
28606
17495
30317
30248
29402
7455
17142
17926
9431
16821
13107
16611
26127
32725
13112
21090
211
25167
13858
16725
22669
30961
12552
6017
23538
10606
25766
1608
22218
19969
19066
31612
22540
23072
10468
22336
31066
13887
15814
3490
9651
14818
1121
5149
14463
15791
29321
629
15194
1520
29987
30487
11929
6082
33
1180
23737
12830
27370
21495
22396
30877
7717
14077
5371
15716
31582
12760
16526
19644
23239
28178
9101
9051
28765
27793
16416
27479
12328
12063
3184
27064
2359
9273
29947
16807
24905
29179
7638
27593
18208
13036
27513
7046
14849
16269
29389
29467
24727
30747
25736
13352
17187
4751
15539
23206
491
20704
3976
11499
11749
21448
22973
14387
13505
30490
31521
16598
21094
7883
11330
1210
28179
648
15343
3391
16473
1412
2635
7776
20794
10805
17353
940
20679
29788
17935
22026
10338
32348
18049
20626
2821
26988
22138
4323
15702
31216
23181
1641
16192
21104
14384
20961
30345
32743
14242
13169
20038
19009
15222
14685
4418
5704
16798
18430
5562
17486
24664
28806
6462
13855
26823
31592
19475
22604
22353
25171
17864
22183
2801
518
21723
10293
11662
10807
20989
21651
29703
13844
27250
32370
17679
29163
29025
2978
15295
28582
6047
29814
12496
12798
25042
2157
17054
2959
27574
26716
25654
24372
27721
17269
7488
24957
1170
25460
4392
1507
26324
4035
2666
25577
25956
7876
19043
23442
7787
8913
26887
17373
17644
32240
23595
7259
890
1787
30056
27374
22009
20577
22459
32146
22908
27100
30898
22718
26475
22762
23603
16215
20802
8121
2866
19944
19113
20467
29181
3404
14468
15859
7137
26937
1050
10959
7513
27232
12877
14231
11597
8337
27750
8183
22055
16234
13211
11946
20206
18197
23835
5934
24639
20144
25977
14574
25844
6802
8364
24276
17757
110
487
7883
2700
12411
21413
11623
309
15313
7294
2204
6118
1506
31106
23651
30642
22973
14417
3954
31445
10636
18304
26685
12827
16073
18104
14763
31444
32474
12733
27803
22645
10560
6182
30383
22407
7855
29808
10962
21736
8540
29504
10787
30356
21720
3858
9481
2256
23310
22375
16738
30382
8616
31602
24137
17731
7856
26174
25809
28292
16127
3500
3220
29247
22654
29658
27701
1275
5216
22782
16111
30837
8173
9251
3502
7646
23160
19287
27847
3535
22561
8063
8905
31330
30612
6313
6588
27681
15063
20560
14871
32572
19228
10189
19883
13483
29202
4225
30150
22225
7925
30692
26001
10455
30291
25543
10986
31808
22330
20969
21426
32587
16101
2773
30290
4254
2845
30071
19984
8769
16736
28725
968
25948
30314
25783
24257
17765
24035
30764
5446
19035
13460
253
23966
1857
20841
6051
2930
3742
28624
19844
13468
15937
31427
16953
30243
18342
4212
31471
25233
22324
7245
15727
32052
32284
27550
3818
10530
10822
18423
3305
10983
31939
17489
2047
2180
16292
24165
29685
32075
10769
26694
8284
9971
18193
12098
28337
3640
19457
6854
22036
20324
2349
18233
32118
17392
22368
16232
19998
10546
17572
29376
4080
1990
18917
23738
20754
9739
23090
30789
16358
2852
22347
32178
9053
26568
12652
24540
30123
9411
24889
27907
15772
4014
2334
5088
20148
