22739
1861
10351
26016
2731
8616
668
5829
9793
31488
19274
13200
811
16204
10293
31695
16516
7644
20853
22154
10280
29952
16717
11756
18531
4776
27523
20874
10478
1387
29939
18921
26100
17710
13413
20852
4692
1555
26995
13812
30975
5714
29807
32255
5746
7185
21693
26773
10973
29476
15523
28685
24171
19041
20233
24650
262
23146
11702
2852
17506
29474
3839
751
6919
1429
9693
32442
26287
2064
450
9537
30571
802
5192
21857
1708
14961
12216
1432
73
20075
18603
12530
23756
28820
18169
24524
13883
24900
12773
20737
27406
5787
25264
25853
21596
7650
9044
25676
16635
7996
18915
32160
24078
7408
15895
21815
6557
8512
2675
4215
7022
28011
22347
23589
1357
1634
14516
5013
10628
11671
25947
26915
7042
25342
32409
2323
32027
6736
14741
1560
18257
19811
19016
24371
29543
6896
21499
12492
13075
8141
9714
24658
7650
32056
22905
20508
19636
19434
16972
24689
13348
6574
30243
18215
11257
22118
15012
2775
21184
4995
19521
1196
27491
15143
12365
12810
22214
26437
9546
24083
1246
28563
8826
6818
23248
2668
20646
22914
9054
32268
29278
19412
15541
5711
15878
11198
1561
10386
31683
5840
32539
9861
4719
17393
19656
16121
11454
7596
18743
25400
1424
22614
705
17229
3899
13967
28975
23558
20755
30639
32544
24720
2546
29786
5520
26586
12584
16494
10964
18151
2931
24444
25646
10552
18046
23862
5659
15610
27497
30648
25608
12745
55
23178
5641
799
4935
26927
23318
12853
2819
7416
18037
22689
30335
21906
28639
2416
18465
19427
13632
10792
18450
2951
29699
20598
21847
3842
6618
13603
17071
12736
25926
22896
13311
21488
19969
7062
12717
29865
11152
30697
5044
2005
5659
25409
19284
29429
4452
15038
4540
6189
8720
11137
12401
21536
10737
27899
20933
5282
5304
14112
11795
26679
6590
21372
32203
17170
8076
901
28012
5600
6152
1988
14825
30794
26474
2713
563
23030
20963
32628
26006
19493
15585
30175
18612
32242
30969
19536
28354
16640
24933
28986
2755
24612
13879
12684
10909
31686
32675
3858
9490
29240
18096
22942
40
31112
4970
24016
30616
18459
8020
14709
26609
20716
12883
19386
3605
3546
18705
30092
3501
2002
7629
25068
4777
3438
30568
21137
14795
28131
58
32087
3114
31297
15259
9360
16018
8449
5524
4624
13021
24802
4582
16773
31528
19415
2844
17148
12936
3839
6602
16668
27693
25553
363
9941
10432
6055
4523
21599
10656
6375
30125
29878
1010
21120
15458
23145
3182
21821
18955
22520
7725
4613
6785
12476
22237
6478
5766
3419
4240
8803
5773
4448
1434
15759
19426
28827
8282
23481
9149
21878
3435
9975
22572
8079
7541
25901
20287
5901
19498
18778
11624
28446
24494
14569
17111
289
31848
10929
23486
25440
7747
7159
23856
19877
32447
22282
8355
29994
15412
2198
29729
378
909
7446
5602
26940
5776
10946
8158
23854
12665
22792
2887
22130
20606
12872
502
15670
17078
27861
3706
22264
15818
17205
25774
7539
4073
14615
27862
22955
1627
25080
12690
17484
15270
2294
23598
30801
27422
26682
27850
4352
29327
27765
22828
1525
21906
4471
7566
2748
30647
23367
5031
21197
17708
14813
26946
28189
4114
9186
19737
3571
2224
13943
15251
10722
27292
20141
30730
16833
26589
27941
3580
14296
13173
28147
10591
25278
23102
15923
25448
25998
20991
28394
15867
19757
25465
29212
27744
24065
25897
1897
25121
24578
30907
26974
12622
18782
28637
14660
8265
443
6810
26715
32204
10707
4884
11179
13510
21780
3535
10937
9311
24546
2573
5800
2650
14497
21213
14481
17916
4422
29408
3774
8939
26513
18982
14433
9313
18201
11054
11904
23907
23615
23103
29450
4200
22297
17711
11457
29956
8870
32315
16953
7964
16839
6713
2328
21889
12364
10084
8405
30689
8241
7931
19412
2358
9534
20470
10847
20666
24646
3007
15492
9222
22953
9834
1032
3618
10448
26057
31306
11692
26895
30935
5795
2710
792
10412
24042
25749
22862
5573
13414
23745
6005
12343
7048
10024
1373
3742
29928
4912
31401
11972
13495
10329
31256
5155
1629
11377
62
6347
4190
29336
9798
21222
23093
6190
4223
5314
6777
2511
1856
5917
26611
27540
4430
20902
7832
13481
26581
1178
25724
8008
13388
27158
24599
11828
19589
3580
8060
11481
25629
11517
23820
17056
6650
2017
15786
10207
10629
14448
29904
9365
11937
16352
26908
31914
7184
31243
4101
24019
24349
17049
9139
25933
27212
11800
14167
23669
17432
9331
21684
23286
5311
6365
21798
24734
18620
4333
28314
1935
15956
3974
27818
19982
537
9389
30617
27179
31898
10461
32626
6772
10982
22257
28510
934
17078
31900
1852
3278
29973
28262
12133
30981
433
16082
20228
2637
7037
18088
24911
16630
19965
8646
20656
25073
9609
23892
30013
20964
31006
24613
23042
26194
3399
21245
14557
8677
10137
524
24076
14339
18418
19600
12067
16264
14587
10034
22786
414
1576
28298
12574
26239
31267
29714
10999
29427
6907
25820
17001
22569
18623
6622
18372
3018
2711
11635
6026
27396
24358
16076
14989
10124
19576
28938
21941
32438
20121
5890
236
7094
16494
23807
1251
1506
21760
25274
3706
11999
19120
6740
27732
11853
6949
3306
30854
27868
23524
7192
28456
3232
27887
23234
20449
946
10618
15406
23890
31876
7635
9930
13734
15670
27533
20933
30278
9544
6039
1528
18176
16649
7235
1869
17297
16184
6933
8309
30
21480
23888
14943
12612
7440
2919
16608
8765
28820
9849
31079
20973
10276
1538
14782
28250
6128
13267
28098
14152
21806
29075
31335
12286
25065
16567
18736
4481
13043
655
14346
28997
8817
16620
598
32502
26679
25870
10714
27053
25704
19350
894
12083
3940
16734
31031
16531
12487
22413
31446
21498
6075
8127
16649
1152
29136
31747
12666
32144
20408
29036
16594
29660
22186
14853
10117
4695
27487
7365
21522
11803
26178
12893
17716
5006
23920
15584
11677
17647
9560
30029
2472
9737
5827
5329
17422
18068
9951
28992
8343
3131
29871
21170
29870
25399
12802
29742
23713
8889
10219
630
21069
8327
3395
3652
5717
8889
10795
31534
5926
19799
26908
26934
11391
13459
28867
1284
13564
20490
19273
28314
82
19839
29071
18147
13522
5150
22499
26833
26421
32223
