15024
23599
1796
3294
4463
5362
17417
6451
11144
15734
12983
1255
8769
25152
7088
3132
22000
9259
9821
26606
16583
7204
16927
9245
26060
24976
29186
18902
3419
31757
21801
25159
5256
7615
4184
3565
10974
27656
14489
26151
20159
711
25880
5115
21366
24907
15736
27074
21634
6937
21003
19024
25006
19939
21675
8505
8293
27755
21585
19240
19489
22935
23688
22564
19249
20538
430
11698
25259
8384
30549
17288
18863
23855
20088
8703
10240
5634
27396
207
4948
27258
6658
27520
18649
3798
6162
12796
19365
1223
3502
11848
31678
8563
16931
25204
19354
11802
25866
15855
26469
28398
18852
6372
1929
6923
3837
17407
12288
13211
22098
32750
4897
27609
16568
31077
24147
6419
283
4015
928
11037
23618
9035
31461
30844
6140
29394
27603
1478
6629
14114
28613
8632
505
16803
12480
16839
28808
24357
3512
26428
9397
20044
20332
30381
32363
20792
5440
7157
15402
12799
12388
11223
12912
9730
14094
27808
19571
28285
17528
17312
28912
10897
16422
16988
28556
16741
21585
27990
31204
22036
2149
16653
21768
3009
22991
13
12242
21111
13715
19080
7769
21788
2062
17378
32360
6605
728
10885
22584
6636
1502
14646
27768
3935
26497
30702
28962
21439
16897
17911
7032
6952
25300
5499
11268
4628
21037
31424
24717
6859
5948
23282
26990
18229
13080
28686
32194
17277
2468
13810
13191
8453
7223
3336
30431
13676
25718
16537
3097
27334
13160
30904
31478
21823
10971
478
3476
3312
148
1829
27523
1011
6493
29799
28454
14963
32137
6296
28987
23016
29736
8679
28305
9213
4545
10640
13268
6992
8964
6359
19251
2614
31121
16423
14689
10673
20429
21803
26062
1604
29996
31144
29050
28236
18944
12561
1323
2045
19757
30660
27169
17049
31092
29922
21860
29291
2919
8227
30627
26885
5294
14598
16221
19758
9822
19540
13939
17657
26701
14413
24421
31896
19527
5786
6351
22036
569
11839
16190
13839
23120
7125
13930
5968
32529
1605
25559
6862
18667
25437
1445
21477
28528
28690
6775
9793
559
32193
11055
9269
19043
27461
28260
3889
4194
11943
6214
15790
5811
14754
6857
23014
29147
32306
26149
13649
29547
31744
20624
2091
16579
28225
23290
6658
29543
29466
25398
28839
31429
4705
14420
1206
995
8677
1608
493
4257
2357
6663
17879
5716
10598
13060
20326
17788
30392
18549
24814
19640
6028
17900
15282
30338
25518
7663
22743
10672
4110
20766
11305
21732
3976
13652
12470
27801
16249
24663
26631
1208
15210
11239
781
11823
22725
19119
23800
21301
13851
21531
24957
20368
11770
9708
1026
6691
23183
5044
23573
13565
2920
26182
10423
24619
29151
1076
2903
4290
25854
16733
3230
30594
15287
1317
18136
3370
22701
3192
17130
24671
286
10195
13838
14734
11
4131
10097
24704
26649
10017
12145
30374
1846
4862
31940
23686
19631
2093
7964
9831
19235
10285
6971
22177
17990
22771
21245
22054
12532
22151
25252
31668
28753
14059
19905
20272
6102
1684
19568
2772
29977
28664
11760
31623
3373
1048
30094
1695
22034
19691
5809
16532
17809
3960
29531
12732
21780
11799
18710
1875
14381
27014
5635
368
30
6322
26673
31940
17795
32731
7970
20682
23817
4512
13949
21118
7415
19626
26158
265
8374
18155
22811
27775
30370
32547
2779
24172
26842
27957
32222
14867
7766
890
19214
29119
1232
252
17709
1100
26827
31051
21852
8566
30061
20117
10925
16922
21902
32484
15739
8886
2489
14234
12670
22389
4976
10947
8157
1271
18064
24804
29929
7015
18594
59
7232
13003
19986
30147
5338
726
25197
19143
8920
1301
5659
26718
30097
21048
28853
2227
24035
32185
30868
17338
23983
23214
14465
21239
6697
239
32642
8814
13642
31167
1230
15272
9767
8274
14838
12716
22631
6264
9287
6763
24544
7371
20756
9599
1257
12830
30206
16375
2578
880
9534
22037
17937
4260
12631
26129
32059
10322
32293
23868
10050
20995
14971
29567
18451
23940
13404
18950
12487
29343
27611
20634
8422
30524
7261
18661
22459
15527
6667
26689
9899
25996
17042
17666
1892
31740
13132
11036
21537
11894
3694
25954
28291
30794
29812
6887
29171
413
27148
15386
27299
32070
13281
1618
3072
25641
5111
15097
10262
1247
23748
4665
15246
30288
14370
16819
20680
17390
7569
11160
5465
26271
12226
16884
16853
26573
370
8569
2105
25581
32630
30846
24699
29580
2308
7809
23670
30038
12116
4660
2447
26098
1988
15623
10663
15334
160
4880
23505
26288
19226
1735
8995
2351
14732
8493
7989
6338
6654
8407
26060
27380
29398
13115
31377
31398
9481
13236
27491
4492
22049
1789
16801
30955
27905
30231
899
25560
29498
15186
23264
20247
11512
6594
2806
31783
926
6484
25228
7343
594
23627
529
7724
1143
29796
6630
18754
8594
32170
14271
29555
3676
5087
14509
15963
9090
24655
30362
22574
26360
21890
30972
8786
28899
22273
19527
13599
16220
3549
4070
69
14687
3430
4799
5064
27152
2509
25666
12025
2015
8142
14544
4782
16921
8092
31134
24121
32104
30892
1308
1823
7783
3231
23670
21224
32765
17255
30433
18530
31243
15883
18777
3382
23029
20402
30307
26670
22823
7030
21163
6093
7788
406
12553
23731
113
2507
31686
27588
30834
19014
28757
5320
14760
12859
1212
23421
15787
20673
13476
17812
13210
22430
27321
6896
21636
16240
12859
5825
17339
31207
28615
20075
19499
751
17701
31428
14425
27624
4244
18438
2647
21153
24016
16240
15497
3560
3769
26655
26637
25679
10473
20103
22346
12022
25572
26091
2356
19235
5164
32388
25287
22119
25826
25676
24465
8007
17061
24535
1769
15529
20911
6571
5474
17220
14277
31178
16565
16780
16613
14498
26165
30300
5457
19710
15084
4574
30635
8858
23470
22028
21297
3176
29449
27092
9775
11874
4004
23426
26938
22489
18354
23844
18761
25062
28198
8096
22277
2865
7740
17009
32327
32671
327
32048
15120
23023
11143
28589
30606
28249
24815
20571
26042
31651
4031
10904
6938
8707
30956
6079
11704
17462
11051
1561
32433
24597
32377
15438
6976
23761
10241
10660
25783
18245
3302
20520
16261
27678
19284
26164
17413
5572
30025
938
25725
2703
12175
5558
11999
16491
24298
7533
14090
26657
6805
32516
25933
30484
23731
22200
6931
