25468
5747
26880
7710
18758
5084
9645
3620
12858
12937
2674
18623
5227
28917
19053
11905
12565
12760
24850
12702
9080
4684
357
31549
26460
12171
31650
3803
31234
15357
24440
32284
5223
10017
28334
18401
5473
4574
17306
29993
8239
28505
30159
20913
22882
2287
16810
16222
29246
8031
20018
27930
15847
6366
10690
1211
19723
31859
28997
8554
6435
18405
13550
15144
17122
6877
14154
6966
6489
30221
29648
7164
31711
21800
815
30825
9983
29939
27538
818
19490
4581
17813
20337
17713
31337
11126
8731
14486
259
31553
990
13080
5507
30135
10869
4693
12220
20111
12785
23498
567
31717
1365
10680
8285
5364
20969
4302
30480
30180
20583
20711
9376
10201
28148
26988
4729
24029
12026
26844
30038
17730
31384
28880
1108
29557
17096
9588
15206
25341
17509
19179
25332
17668
3021
739
11669
9320
20188
28084
23695
14265
22555
27503
13080
281
19521
5975
18706
7497
11305
28923
20478
12149
30198
6850
2037
32473
4549
25160
3092
11124
24364
19289
6102
27203
7579
23611
5813
19607
18988
15517
26422
25625
7928
27420
2124
3662
21568
21088
11174
30165
18222
30319
21452
24684
21001
11144
5497
641
24205
360
16270
15226
28563
17204
14733
2414
28301
5760
1771
17681
21892
22905
16799
30248
2713
16423
13611
26127
21046
30109
9387
6016
9695
31422
25782
32638
5762
8872
24729
23174
32457
29214
29208
19862
4407
27512
22551
28069
11297
22317
15967
20794
5653
9499
24726
18653
22220
32126
24603
9527
19613
19278
12655
4677
25053
30954
22988
23478
20533
11890
5964
25110
1300
28449
20471
30764
28773
16395
13375
15194
5312
3683
22278
3604
24924
100
22389
30850
31081
23686
15727
30699
29545
29343
22983
22174
18911
22465
13297
18818
14430
30091
17514
26251
25609
979
20187
15911
28342
7444
30403
31623
24050
6139
5913
14025
10757
16863
2719
13178
3785
15034
22182
15588
5030
892
28786
3247
30003
885
9487
8933
13244
28651
12791
31553
2964
13509
2053
1802
24443
15015
2552
3602
15353
4300
9157
26287
21145
369
1636
6299
12001
22100
19185
425
11988
4228
24110
24570
21180
12058
30523
12964
4634
2827
2710
15619
16244
12750
31474
8025
26899
13027
5658
22629
17666
6611
11969
10848
16987
5905
20441
28753
12494
24809
11827
22538
4668
23096
14034
5710
28545
7924
2957
27969
7780
17598
11381
712
9406
22396
3279
27259
16603
4336
14847
5972
29563
20806
7214
31472
13652
31313
15663
4734
705
13892
6195
13648
14072
20973
3559
30651
15410
19444
23275
15623
14748
162
10197
26664
18502
1270
28061
32379
1544
1608
25101
10145
3305
27783
1270
18008
30772
23702
1711
20519
7535
19655
2360
9006
2883
5736
16054
7921
17018
2842
2532
18365
8369
21644
24173
9300
14208
19380
17275
18910
3069
14789
8252
12102
12960
260
13994
23944
12678
30104
26743
5048
11458
100
11847
11885
28757
16436
3540
3736
29480
7400
25387
8728
9201
14252
10652
23206
6351
14961
873
7419
1668
18733
20070
6454
4900
19047
4564
26481
29995
7963
21719
4856
67
28231
22920
2601
30688
30286
26900
7422
25266
19969
29399
29859
22840
1476
5020
19278
6561
31959
11985
9723
8194
17240
12915
12599
13416
28520
3106
1184
706
1687
9405
2333
17551
30370
11319
27125
5014
29173
16022
9476
18613
12282
8797
24160
15653
2847
8992
24207
20076
21509
25882
9613
20734
14174
12111
14531
13933
9846
20248
22932
26589
27048
17822
28692
22774
19030
4321
15414
28138
5420
20206
9538
2077
23586
16431
7788
10270
31469
25482
1445
30501
12015
10846
31206
8362
14996
30614
25240
392
1048
17084
32211
28959
25136
27600
4040
17909
8080
23673
21458
28998
25137
10620
25552
26024
28862
18630
32291
17620
27582
14903
31616
11501
26955
12276
21054
14666
24563
6944
21599
26105
23998
22220
10446
2477
16677
14776
14470
16446
30042
12611
28199
31872
10807
1939
8857
13043
13142
27286
25654
21221
4403
653
32638
12299
19334
4538
27689
11714
16493
7158
814
27787
6182
8057
31905
31668
20666
5232
399
24730
4491
5221
4951
4142
23786
28588
27029
27394
4804
25155
5108
29806
12096
8945
14029
14963
1843
8451
10606
1699
10345
22840
15157
25572
2621
21671
5249
10059
8487
5200
21109
23341
7775
31109
1011
707
17173
6195
7581
20165
5352
19788
29177
15862
20805
12863
9001
5311
26665
21972
13818
21250
4771
6199
29035
1628
19874
2886
4432
8741
12146
30603
11160
5970
25493
18825
9061
16588
24318
18465
15407
26567
11616
20860
17152
6869
31804
27474
12510
18728
32623
30642
27802
27406
25800
4376
6672
26054
19324
24178
21674
6064
11478
3518
22732
17218
7532
13597
21424
26055
15926
1700
21581
23227
8042
6038
7153
5512
7125
27048
18064
29019
8118
18616
17419
22988
26759
4826
9343
16134
3952
9402
14054
31605
26987
30520
15494
29286
18374
2127
11630
4975
11731
6324
504
6561
10019
1269
15868
12410
1903
32510
18643
1875
8827
18330
13143
2775
28767
2070
28837
8579
11616
11176
3594
19451
24778
26522
13522
7297
18985
27587
4175
13681
10415
28280
17582
20952
6077
9560
12990
187
4352
23385
13301
10535
12339
24728
22576
2704
22905
28508
11511
22107
2564
20770
8786
23775
26154
11990
27083
22041
1001
26948
1440
1363
23853
6028
11909
24670
13685
22645
13931
20963
5079
11100
7122
12041
16647
30180
7919
22799
5109
5000
21475
29464
19570
13029
4173
13615
19521
2095
19210
19473
25013
14901
17496
19027
5142
24606
31193
10343
12731
22517
13135
5783
6523
25397
29822
20118
1488
13415
30601
20482
32406
18992
21477
18261
1413
24941
1234
14530
15285
11574
3511
11204
15727
32052
16540
5444
9516
25081
1360
21450
8727
12297
25566
21502
15598
26273
7535
5181
24186
30377
2986
8949
3360
24906
21276
28302
17739
10416
23896
26036
21666
30011
18124
15839
4512
22402
23031
27710
27369
29919
6558
17077
9603
19346
17930
7488
2844
15219
30708
23225
13753
26129
6215
9130
30237
4473
27766
1109
30509
2579
20494
22522
28965
21042
3680
17644
14760
13505
28750
16650
25375
26448
30805
9445
4508
5399
10663
5465
3942
22444
8429
6986
31817
8897
5182
28533
21414
30505
19885
28866
