21881
31946
31448
20657
3562
17670
29700
21818
25393
32595
9415
22445
11205
3170
2968
14417
10811
31855
11857
8855
19556
9409
4458
10832
9574
22336
15318
9162
19149
18207
22136
13700
5743
21200
14309
32274
4729
30723
17707
5513
9253
15446
23692
31071
14233
29765
17278
6405
32667
15935
5305
3697
773
17348
28070
29846
19866
10335
6321
10562
7324
8312
26758
9726
16297
5943
10708
26159
16586
25732
5637
11633
9860
5326
28937
24536
11455
2480
6943
29316
32707
30942
31330
1893
31046
29136
20217
16433
31256
6072
14975
13676
23715
6000
18982
1473
11372
8235
21124
32480
13071
24744
31813
16424
26618
29545
6593
13879
23109
11396
3242
11178
15945
568
12787
782
24986
7564
2755
4206
20501
28356
7188
3322
15220
12966
22679
25046
17631
29397
2286
18392
8961
10422
16808
7862
25410
2420
14529
30752
26133
6065
30845
8583
11956
13730
12573
4794
20178
27143
19263
17542
6499
7326
8373
4477
16967
16565
9081
3997
29652
11665
16602
30576
9170
16272
8857
7286
7686
28183
24511
1060
28171
21843
8118
3296
8770
7503
14728
29709
4475
23834
24798
2070
10814
9049
23741
28817
13238
13736
9944
8
2813
5917
440
27945
7780
18191
6162
20918
32239
628
20676
28980
23402
27612
17501
16870
12360
20645
31817
6272
8214
21305
17558
10131
3993
15969
552
1128
12726
13875
32445
30830
22143
25932
9912
29673
19053
7282
1470
32180
8239
25733
20234
23198
14555
31249
8777
17037
31242
17577
18864
22770
11031
15645
30394
26286
6592
10200
7524
13340
20233
31726
16673
20853
7558
11993
2509
19217
16157
6020
4856
29771
10976
25333
3703
8808
17294
8384
12609
20985
27800
3437
32665
9486
10296
10499
506
14872
12960
29695
13324
18796
23768
970
13168
12660
3858
1302
22180
31934
32761
16510
9561
21025
13676
14924
20707
9399
28854
6590
1299
19408
6213
21324
8588
31813
15674
2532
16517
20495
22708
4204
3906
15631
4981
32708
25670
28507
21492
32555
19719
11896
11986
18010
31335
18406
11180
4717
15231
19480
21659
29172
2772
31974
15257
17180
7549
31344
1900
69
6326
7532
10084
2805
24572
17377
26539
13728
22617
19665
5225
29422
17882
30582
20864
791
14472
13395
18989
20076
11390
4769
15834
16571
27237
23111
16260
21902
12888
13362
6719
4614
24877
12594
22553
12064
14173
9490
11662
26858
5750
5888
32751
18540
14101
29709
10896
14390
15830
24413
20617
4046
12511
26782
17011
10296
24190
13474
14
9033
8453
28852
11300
14330
2984
9196
9928
8906
20361
624
16358
14998
17472
20190
14055
23528
11922
26228
23705
3634
805
936
19804
32457
11700
21224
9539
1206
3910
187
19377
28805
24571
21971
2690
25880
23063
1979
32047
12612
18068
27051
14037
27048
32617
29871
9371
23924
6514
12994
5295
29997
3937
32270
7740
28810
9339
4080
28811
11163
1630
26796
7026
18877
21323
2537
8665
6600
25655
5057
22366
2115
11166
425
3248
4022
4814
11482
28851
32548
13037
32569
4085
26385
442
9083
6465
32169
6002
31449
22854
6650
27088
23186
25687
25446
6905
23433
21129
22556
32652
26871
31317
14276
29503
17260
2887
18704
2057
3245
1574
12397
11178
3051
8202
10506
8070
20152
26149
25217
23741
26451
1498
24291
32107
26606
32597
22223
19726
28890
5051
23797
13093
8538
23294
15241
6498
19822
29671
2666
31150
21719
6056
15386
7233
2859
7032
16614
1726
14807
13711
3331
24500
26265
7637
7385
27125
4153
31914
31556
6907
20069
7038
19343
17813
7844
25468
25756
8523
30554
29273
21927
32644
20956
20937
367
13434
28612
16641
3741
12432
12297
5319
9796
6884
8599
32671
15448
2436
19558
4018
29244
6140
18456
27147
14641
10797
20314
11293
21021
32016
8372
16549
3364
28534
29151
6749
31727
18143
18834
7880
14680
16243
18233
28305
16986
31066
2463
24859
12329
20839
7665
27059
15742
7020
28909
7674
4809
11453
30717
7662
25371
13472
31203
2440
31526
2488
19725
27813
30760
741
5650
27377
23794
6266
21798
32566
4723
14608
6843
19482
29732
3580
14016
9700
30372
6980
13951
3307
25730
6068
26394
6370
20616
29719
23458
4328
132
13795
31697
6393
2156
19547
26979
28066
620
24929
23900
4284
30364
24271
2289
16677
30477
4267
15218
31628
13647
28023
26471
25391
25329
13272
11049
4836
8659
30228
27387
25484
30959
16207
21951
29926
23996
1045
4246
8609
13780
30484
25237
32533
3180
10087
20463
18532
30098
18802
22894
28722
23048
26240
14414
7293
32283
24731
9941
800
24361
27056
16758
26118
14445
10431
7712
6202
16815
21047
24296
1954
26637
29858
1234
26588
19509
7877
17154
19321
19309
32356
4184
12864
19022
23020
18241
25314
14746
12461
6487
23609
20958
1904
11382
15364
9619
22666
1640
24182
10136
16590
28309
7620
26098
2030
25998
2201
12372
9104
13742
13678
6834
28162
5021
13688
12402
8216
11076
3386
23888
22271
26744
19271
26767
18089
14710
23527
20253
7418
25744
2563
8454
26175
13921
22945
14735
10024
31542
19439
13278
29009
23766
3206
5850
10110
22723
11609
21917
20876
15585
10802
23348
2363
18949
12200
12678
26596
28565
19752
88
15268
4229
6531
25996
10693
15083
4632
25227
11246
13651
18284
1694
23552
4991
10079
37
32440
1232
13320
21280
1548
22304
30493
5174
2375
24104
17854
15208
1861
3662
639
30799
21400
28004
6443
21692
3910
14008
1110
9820
9831
24829
24469
21795
1623
13388
904
17467
31117
24302
4193
23346
22104
5953
15990
25091
1103
7721
15841
12558
13614
22515
23309
8837
27799
4004
27035
25753
10479
13384
18262
11266
10134
20520
7619
4808
10404
4980
10469
29215
5803
191
21314
11861
26003
28544
2331
30296
17479
10488
21079
19140
5440
13426
24880
25424
3798
20622
15142
4237
25861
10625
32408
29609
21802
14193
23724
22579
11210
29341
6954
21474
11647
23479
7340
25789
23336
11627
21500
25304
19768
4764
31231
11058
27715
25025
23239
12868
28258
20283
4823
7298
23204
7780
11762
10866
23144
12515
30527
32688
6977
8136
15619
29820
24270
8545
21996
7520
18341
17175
9398
1131
12896
20294
14893
20691
26191
12863
26965
7670
3872
10154
2927
26429
29068
17784
1350
27418
2339
3120
