3125
3356
17306
11760
24231
26181
17624
7474
10898
16421
29773
13368
18489
22005
27263
12893
1820
15089
1776
21484
11999
20175
1430
21480
26629
30476
30312
3782
15452
20868
1649
13501
27831
23616
16436
23281
17175
28833
17324
9593
21875
702
27389
20937
14642
28360
10569
2763
19726
3257
25666
15904
26847
15106
6567
24463
10519
9014
2176
14820
9746
24985
25987
17003
21101
27082
21169
21856
23795
10939
17851
19114
22938
17034
262
29559
10893
17396
1540
17322
11576
16562
20825
10640
28944
19430
29319
13306
4349
18490
11600
30846
17066
15844
19250
23136
20495
2171
3691
30470
25519
14413
10372
26675
8923
12967
9397
9267
14139
10641
1364
31619
11764
22677
11887
12306
31913
26487
26742
15843
27809
6919
9653
27833
31115
6939
28900
3635
18189
16407
31381
11213
16765
24251
14621
6391
15285
30393
4730
20292
19543
15028
9308
8578
14100
21727
20419
22866
31128
6468
12367
24619
20384
19435
13311
17580
13016
10884
28923
27988
4486
28111
20547
25217
29863
17912
25185
14813
18663
23645
2023
19131
7231
12846
13737
21316
25836
11610
4255
2598
10180
14052
27765
3369
5650
8159
22808
3513
19330
12953
1481
19003
25241
19518
24034
9904
29918
8497
11177
23042
13071
13693
31112
13147
1130
3838
25969
22002
4041
17035
14793
25078
15516
14149
21654
6102
12296
21458
417
31322
31540
18901
32623
31718
12894
29015
17203
25338
8418
9651
17514
13088
8152
10777
1439
17577
23966
8417
20777
14496
1307
9857
25377
6959
14352
18702
5282
14122
7987
23337
15361
8589
10253
23616
21027
3334
28336
18177
8097
27751
24137
370
12931
17566
4606
17638
6301
5616
19781
21087
6692
1329
29073
8756
15825
3854
26000
16765
18588
27647
24028
8979
5559
7291
6768
28880
14740
14032
17050
15580
22053
5331
12303
891
27550
23979
4617
12082
30597
22490
5837
20278
8252
7743
800
9263
17182
20992
11955
27870
11057
24418
19208
20704
28053
686
8520
9971
21770
8257
6477
23014
16705
17086
9926
1767
2684
10148
17231
17779
22520
1201
11905
17298
10231
1129
25636
32122
8119
13675
22972
21756
11434
31711
31133
25667
15612
5898
23183
30717
12097
16086
28876
13039
9929
19320
25468
7767
22704
27247
1528
11775
13299
32675
30263
28407
12568
20506
26637
4599
3759
18836
24699
5247
17799
5110
10548
30000
16376
31399
16965
16157
19475
1184
16832
1316
28191
19187
10341
5758
28854
6380
29276
11737
5184
3513
17716
27734
25545
4994
19286
2976
24296
12691
18223
28547
14576
13225
9692
22171
9264
23470
31372
17866
21991
24794
25314
1238
30563
719
20967
16095
16837
3836
9767
28267
25776
11424
10944
5871
32099
21059
31348
9525
24660
5019
7252
30395
6418
21670
16358
3978
7798
20858
24235
7791
14112
23271
27922
16042
11387
28905
32017
2626
668
11492
4657
5338
9331
20844
3129
23738
13287
13568
17865
7254
7645
11738
17930
21312
16462
17376
32039
30384
9604
12379
24674
21287
8132
7258
31579
28179
10323
5478
1396
19817
1838
14530
23430
18405
25174
5303
11187
18743
30298
12845
8072
22564
13303
15672
26581
3996
31456
29808
26339
7750
2020
9005
22609
30280
21502
13911
11830
31109
1912
21596
30422
20277
13203
24170
29281
16005
2049
3186
32480
17991
24918
24396
15079
18835
2429
30263
32563
30026
23185
8860
19151
14216
14244
24231
2339
18734
8666
26303
17402
25127
11430
28125
30335
9047
226
3427
17110
18508
2470
10374
32569
4902
15191
14488
27125
16789
13609
30549
14841
15985
7924
27027
8093
26867
29949
10891
1805
7546
15748
24202
22263
13809
10716
3283
18027
6727
8265
27381
15556
15123
10866
28087
23750
2808
16999
10099
6030
16070
29502
21732
30062
25049
872
15368
21495
29133
28533
26130
31955
11134
6456
21811
2142
8539
8459
675
12328
32063
19159
6712
8743
5714
5338
18502
4714
23709
3973
3688
7648
32013
16899
11983
25542
2905
27709
30135
19498
10519
17678
4153
874
29565
17771
18647
19337
27123
5313
27702
4178
7423
27463
5027
26190
16493
24670
8987
12170
20844
16261
10964
31195
10982
8020
7291
23154
639
17271
19241
24519
28871
32167
1961
7995
28025
26625
4730
23535
25843
7031
17462
32153
29692
23705
26313
21628
1629
16576
19862
17055
13426
11142
19481
16348
30242
18450
6587
15205
19781
4821
32143
13360
390
15899
31661
3810
26909
8172
23799
5751
11573
29804
18712
29564
15707
23062
31774
27817
5848
29344
22170
8734
21850
9483
2910
7821
1639
23948
30197
5599
32104
25502
18041
24568
8968
22199
24332
10000
22994
11715
28175
13113
11229
7547
3171
18702
28901
10730
28865
27760
8075
8742
18519
25733
26754
9922
20907
5421
10420
10888
16399
30936
22952
18807
1733
21272
20116
24509
1060
10408
27174
10855
7115
9103
22326
956
28876
13853
22389
981
25930
23632
30473
16951
17389
17811
6642
9208
2822
30716
6659
31363
507
4491
18258
27714
27697
24480
28987
20040
5559
27294
2672
17883
7839
28019
18138
21264
24694
19502
1414
7742
21894
11824
20694
14350
2250
23754
3736
5573
32249
2761
7738
4600
21735
25830
22362
5305
4805
14471
6301
31585
14370
24880
12132
27846
21261
2845
4778
25267
17094
1333
307
10567
18965
28124
5899
17306
1173
2474
23979
5295
8222
1961
17570
28876
26539
13255
24259
9203
15455
2117
1580
17621
1869
7738
14863
2669
15098
12595
26269
28674
27790
31024
20083
19030
28713
5640
26608
889
19664
28202
2784
7991
14778
16750
7742
17786
7525
31909
25812
1586
10669
6123
1779
3462
30948
12582
27660
3294
4121
18227
11826
10628
30058
27553
15112
16747
8949
20338
17174
25904
21112
21075
13712
9573
12337
16894
25197
25495
26409
11583
25064
19604
9617
5753
7926
6744
20240
25440
14132
16495
17157
14746
3536
1136
19539
20025
1120
2894
28886
21602
13851
13439
14523
15230
9038
32607
18883
11078
31775
28892
16369
521
29243
4708
25276
16044
14394
16191
11280
12775
16366
2031
11134
20714
13476
4462
16586
17823
12439
2171
23195
31254
3022
16660
11502
15548
26704
702
10279
27806
10309
31391
32365
4985
23843
14803
27398
32640
1912
24723
16387
1596
17886
32117
14749
25764
11983
31978
16962
25893
27418
23530
442
