26442
11744
24031
7134
189
17256
22000
10288
3678
17137
12274
7184
18516
13041
25128
7887
11743
23351
11391
8890
10122
12887
30819
6502
28096
25514
13687
32307
9896
12447
32570
18435
19531
22860
26379
18321
25704
28720
9370
26651
15440
20999
22665
2227
10950
3621
17945
15891
30400
12883
22700
30928
11660
32254
375
7241
16153
15466
22865
14414
31165
747
17494
11137
11741
19646
15643
25837
6615
30984
24539
7283
864
9052
9505
1641
30261
17108
31943
16676
17156
25260
14486
17717
22277
27289
26717
4376
14463
29029
4101
2917
25573
15334
14443
2633
11512
14022
13572
1072
1211
31403
13362
4789
1100
24243
13949
1215
9182
16515
24442
2579
6601
2781
523
2143
21411
21494
28192
17395
27115
12978
31746
5547
26178
21358
22935
29653
8658
29235
5467
26494
8153
4909
15048
22357
11781
10838
30564
22842
5981
13672
4978
1977
1946
18999
32727
10089
25567
11114
5951
13439
31990
5187
14898
31286
8701
22878
26043
15519
10024
469
32749
1053
32069
10959
11955
14150
19602
7164
16236
6959
30679
5757
29836
8780
27428
19435
7532
10638
6614
24364
25558
24375
11768
6375
16711
15866
19797
19156
27700
18445
17220
14359
27574
22542
23509
22559
30716
7030
4084
19365
9062
21371
20311
8946
11799
24057
9342
5727
4182
15718
11962
17087
16685
32041
18336
16771
22872
2989
20432
14530
22510
9503
8721
22409
28633
24926
13321
15550
4996
27679
2954
15860
22801
24308
19725
19515
525
6064
31165
16660
9645
14216
30289
226
583
25936
2302
18935
15743
13795
28450
5514
5699
27020
9381
19645
29095
18351
15469
6390
26763
18377
17079
26889
2129
9774
27090
18760
6443
22294
11796
10217
12427
26082
10785
14705
27557
30043
31177
28027
15240
20844
18576
23020
30680
8746
28670
9021
30799
24064
19129
2692
15827
7704
31508
27572
13757
6352
9463
2489
29302
13880
16872
12777
5281
20161
15663
20725
4889
15059
4120
10792
4117
24127
18884
7687
28600
31195
22077
11846
29340
9681
25155
24157
21808
14020
16534
21582
27016
1392
15007
9465
22072
29261
25354
12445
17990
27717
3136
6143
24589
7531
2288
25101
30328
17084
8311
22460
27258
16573
6075
29897
12176
3813
12618
5473
5850
28497
27857
6598
29561
23165
18324
30762
17271
21668
16158
24849
23113
19707
14138
11094
14215
6007
3145
2897
11750
11978
14344
15023
2983
4123
5359
23420
27732
14024
28306
16483
9331
21095
3330
32642
299
12303
1053
11909
6724
17186
32174
23859
14240
31072
22771
10397
13481
6503
7581
12505
3458
29288
10724
5943
16073
7646
8728
6032
29023
30393
7159
23779
12758
12566
1577
18804
16220
9898
24499
27895
18985
30799
17748
5775
12746
19263
12518
25923
27905
7544
14882
19382
24622
25516
11327
16398
27193
16541
24489
17121
12707
28463
773
14495
22013
17559
22921
21716
32339
16165
2462
21218
15073
31713
8143
25349
24308
19742
25379
22424
12225
13975
17598
14156
1584
15728
19090
26838
2541
6452
4124
23230
12065
20326
6542
23915
15680
1636
5335
2744
13700
20426
1955
27386
26249
8014
4823
30179
3632
1276
8501
16546
1183
5318
2221
13180
14063
15259
21545
26249
6193
7685
9603
32462
7177
3127
32175
5699
3153
26940
31273
6032
10799
2093
13750
12405
18066
12172
15376
1597
30758
3820
3849
3618
3513
24962
18373
1289
9712
7495
22402
5450
14328
4145
15667
17128
10729
19980
288
29450
28360
7076
6802
6363
3550
3391
32112
3693
22227
22349
324
23179
28547
18404
5820
1601
11962
8356
23930
14575
7367
23147
19459
15294
8022
28602
9530
4369
10776
7520
22755
12434
2366
789
1981
2058
16514
12048
31481
24687
13441
939
12203
3418
24814
31922
30689
22623
18450
31752
21607
17080
29780
32494
2129
19601
15022
16925
31470
28469
541
3117
28837
17688
4266
1208
15438
16607
21487
28487
2454
18366
17174
27722
31308
20932
359
28216
4563
12310
21999
27587
9694
6898
1699
9308
10744
26157
4924
11080
15786
26016
11269
19412
22824
27304
25011
7070
6339
23702
20830
4745
25372
4431
10212
8842
31032
32328
23092
15723
4483
20047
14929
10059
17437
9152
9634
1540
6607
22155
22203
5257
22594
23599
13413
9288
12952
12629
27292
24745
7144
19435
11076
6348
10601
754
21094
15170
19070
5183
17957
9367
18959
18907
19505
30223
13649
2616
2863
2869
10438
29850
9285
1677
1757
23920
10127
12413
22976
4430
18856
7387
2804
13926
11790
14
23936
341
9748
8941
27754
555
20465
30847
21955
5947
16820
7708
9458
14494
4785
11386
28557
12777
28753
28601
31224
29244
11388
17082
29599
29244
10090
3261
1117
30761
27255
20808
14537
796
16067
6061
13952
1398
16868
30677
27902
13258
17866
28346
7360
2212
32339
9826
4310
28990
1703
7687
1983
14419
15986
4046
4418
16194
12586
28652
13306
22057
4029
9308
29106
14540
18339
27593
3769
7773
16513
9140
18090
20211
17576
28747
17308
31504
20556
15130
23492
8629
17207
20686
8954
10214
22017
22506
5286
28833
18612
22223
227
15523
28945
24191
31626
16419
3073
21223
17265
19651
11561
15565
9334
26083
6714
10897
4570
29485
2391
678
22668
19141
25912
25719
30014
16264
16399
15277
5716
17606
22081
13042
32186
471
6688
28434
28316
25617
29910
7072
29447
5786
9543
17659
4065
29109
23769
28676
9806
29833
15654
21736
8191
9282
17857
24038
7236
6884
22139
21197
12995
30079
21896
1357
27963
8683
2428
21515
17455
28341
19398
25165
16382
25692
30190
20611
24216
4001
12791
4835
9302
27245
18368
3113
30590
13268
19574
14916
2377
12953
32313
19335
14348
31779
18788
23277
30795
7338
21790
3950
23951
17780
29839
4379
9045
1870
32058
18686
18876
32200
22788
11851
10300
29302
24669
8026
28124
14243
31713
31509
13108
19849
25666
12620
30438
11857
25815
15005
21061
29669
22909
22966
31062
10185
23567
16431
7993
17763
1083
31347
17495
6212
22939
18971
32281
15483
12860
29873
24949
22329
7554
5621
11952
29583
23802
9704
24595
5892
30684
15316
9510
25422
3508
16775
5421
32445
30105
10661
14834
7676
26800
25117
19660
20630
8883
271
10468
32347
25295
15418
14423
12157
24197
176
15525
22988
6913
62
3761
8171
21583
6333
