32012
3711
20356
11979
10066
1100
16283
7611
31923
17525
24779
21112
30754
8075
22231
5289
12335
16722
26358
15896
32446
25475
5767
14503
1596
18959
23680
29656
991
23986
18643
24330
26934
20876
25526
26671
12540
2486
4798
30629
27659
23981
11664
16205
20654
30144
456
15658
32145
29774
17867
9552
20701
484
13548
21942
5926
16408
10151
27977
24960
20416
16983
21983
4735
27709
6548
28887
5979
27460
24297
8990
19051
3823
20463
21254
26109
5600
15476
25858
30587
11075
10500
10290
303
32158
18252
32086
2009
19692
31080
5257
30590
15616
27535
30276
19693
4857
3782
7922
13015
30100
16
1915
18256
26201
17219
7571
29445
20069
12687
4938
27083
17365
27069
11374
28385
6976
30527
23908
19668
25518
4366
21152
13349
19417
13736
12952
28080
9538
32352
28822
30418
21808
10286
17388
25554
22616
21005
19503
23840
19194
24541
14803
20130
2705
28599
7411
26169
18401
30991
18956
12222
3365
31078
10038
21825
20187
12837
6596
14086
11396
16066
10286
10435
13457
8763
13370
31076
21235
17231
16670
9942
15619
36
5961
25940
27800
27491
899
21143
2563
16848
9989
8130
25438
6588
28571
21063
22702
31152
18389
2950
11950
11509
7091
12877
13948
28387
13477
903
20724
19452
28522
3976
28077
5192
21048
19124
18997
16637
31844
9752
11013
20700
6276
19372
29443
5663
2324
29400
30237
24789
10252
3292
19534
833
18637
266
24672
6022
4345
24044
32211
19477
27696
4375
22124
28086
21398
0
4530
7688
30703
9361
13512
24293
28104
20960
1250
28204
17518
5429
14634
9496
6064
31518
17208
12663
26262
27693
9940
10719
976
29265
21826
6423
32553
25561
6417
16676
11233
28709
648
6933
19551
3299
7481
10033
14517
347
17179
24302
19618
18300
23006
18616
8295
14511
9791
5918
10103
8769
4016
27053
6967
6207
16637
15164
26326
12962
27417
21125
19356
16787
15415
17454
30215
27055
15893
10269
10976
10409
23639
9295
3754
9798
26206
32297
5821
32326
26054
15854
18392
5205
2778
26022
9190
18708
31940
17368
1550
9976
5316
10398
20502
25018
28530
30860
4869
14788
17495
22700
22769
10913
30721
14389
7810
3232
12920
11383
15745
11579
20042
13829
2754
20283
3037
30705
2404
9769
10109
30974
11687
4046
21977
21966
4867
21648
13821
10470
10952
26368
3092
15128
28309
31016
17819
31793
20527
19129
15746
31618
21429
21066
2964
18999
13023
31520
26468
572
6707
19283
20606
3469
7071
30151
1157
18242
2848
8067
10026
19813
27292
17761
24531
13790
20068
6237
32708
31279
22276
6618
26995
26344
7202
532
23902
23811
9747
21012
21431
15142
29031
7890
16397
9721
20215
19088
28065
14953
23404
16394
30019
23925
17612
22069
6467
21165
19615
18164
2525
7736
21431
16765
18895
17725
24072
3603
24330
31114
23656
1560
27885
30900
18310
26189
26298
11304
27346
24575
28401
15467
13909
13713
28840
18433
17423
3306
493
8233
31008
21567
1627
32500
7715
17893
7820
26465
15023
20210
16433
24560
20364
10516
24576
14910
17298
6688
26250
7383
13403
23314
1779
2501
26032
32200
10987
28493
9959
13483
23692
6782
12870
29529
9598
9550
15173
25610
23731
5574
15897
15183
14266
14211
29998
32717
15985
27518
25157
2137
16253
32200
4146
13300
15414
15480
29567
25500
11218
14643
18886
1349
22592
31796
12127
30353
28696
29829
27369
15196
30389
28345
19862
11144
12887
7308
19017
19902
25263
22870
22858
21403
27920
5915
1933
15596
19383
24553
25677
29623
4743
6036
12791
11512
8666
22769
7242
28768
15062
6642
30308
10248
14146
23318
31759
15915
15300
25716
24350
12006
6228
11630
14472
21550
12870
4497
464
8284
12595
941
19789
4897
22192
23338
32611
29478
30853
26656
25916
1518
2171
24321
23932
2442
13864
6868
32033
6762
5433
30018
3705
20259
16675
23276
2933
16768
16300
30066
26632
20723
12663
12279
29883
11932
18384
371
13596
2799
11412
17687
22245
16807
29969
4999
3304
5513
23852
4287
26278
29371
5739
6238
11137
26998
10923
31865
12716
21572
1743
5927
6935
2728
8676
23177
15737
13741
9623
31393
12970
6901
31791
12517
1798
3529
2826
22038
3339
27224
30363
30653
17055
1366
30701
23400
27862
27287
25171
17726
13547
22090
21921
24316
19938
20837
24908
15837
13489
32071
27208
25434
27406
4179
31072
20234
20107
24049
21276
19802
13455
31055
18503
28390
3125
19617
31502
28031
7512
7448
5563
13724
27939
10177
4495
31608
20049
4570
12601
220
22140
31997
2361
26495
26233
32132
18533
25114
14701
4267
7457
11883
14500
26783
3665
27154
22917
29865
15564
12947
108
23691
27033
20484
25326
20292
21154
26555
6131
30732
12455
15579
1988
11834
16021
3752
20962
27344
8189
17215
9571
21324
9777
17283
17523
14857
19937
11633
28836
21817
13029
20045
21750
16801
32609
3009
3381
16747
29850
11449
7997
15248
6775
4416
23006
24303
20977
24412
9354
22664
17852
15976
20908
12927
19010
22986
253
15701
3164
1694
20182
22652
17882
31413
16766
29767
30710
29983
7809
24857
3085
15489
25237
289
16583
4260
10617
25745
3264
27114
8881
30096
1270
9332
17257
16741
2368
541
4026
20810
13784
3074
29571
14752
20853
14538
2749
28229
22919
19449
6656
32524
11950
12979
18381
510
10611
30872
17276
25063
17016
31755
18960
32590
17570
24037
30606
2257
32554
642
5802
17450
6906
25787
6302
10972
28015
23654
25356
12325
2594
13150
2590
13002
30463
22691
11048
19664
26466
24588
515
12155
26745
25756
9387
25936
22604
21492
12883
7161
28130
17757
29785
31054
30327
2870
721
272
24419
27606
5237
31467
30050
30756
26571
25799
24551
22800
15061
19078
5619
7537
24971
14590
9557
8741
12382
18667
9299
32535
31363
18488
27134
8554
5930
11758
12073
25055
483
22133
16863
2403
31733
28199
6002
28621
2042
31422
9965
5119
24066
12029
24324
5146
689
9497
28855
16013
22704
25018
24334
24360
11412
21448
5132
23479
32205
24186
20514
13167
30695
13388
31593
13179
21163
53
23270
13045
32660
30384
13166
1482
972
12766
1626
27206
31768
22325
23928
25844
9315
5265
16625
23535
16506
11940
29746
23504
13522
32198
17856
16844
18993
5465
4295
32109
24591
6319
23074
19410
13853
