10589
22454
24485
19067
5469
10524
31099
15423
19484
4710
32718
15609
14625
20810
2439
6057
5701
8833
2943
21226
24253
1702
20519
24189
13631
29782
14538
28265
23917
11408
27032
28373
3769
8570
11292
25233
17775
6944
31435
4227
25268
30672
20959
24145
27476
6666
27068
31204
7287
7141
20070
26488
23347
23754
14524
9798
4008
31509
1419
4061
17631
14568
3853
26069
18188
6924
18059
24702
32425
8207
1209
1350
24182
2392
27493
29965
19120
31552
28017
17846
13237
25604
14131
31736
22104
21528
19238
16601
16609
23858
1057
20463
4089
4339
21045
22279
22373
3137
21913
31129
7397
5914
8298
11928
4753
18717
20077
23265
6719
14190
21289
9209
29124
17390
14683
17964
31318
12002
28743
832
16188
21403
18594
18874
18801
22184
2957
27601
23648
31816
5790
27244
618
15562
28061
1462
8792
6108
6000
3041
13644
11710
12566
14862
13916
31746
20367
30090
14561
16161
8464
531
7445
7763
28397
26084
13726
19713
25335
8738
5111
8640
2160
4764
15867
1997
23442
20909
24480
14216
14826
19512
27291
653
10318
30535
8881
10657
29944
24532
30975
13796
25591
29819
31438
10390
31336
19886
11112
19247
3543
31633
21968
31233
505
2913
31475
28622
28929
22881
671
22041
29277
3004
29412
4076
692
17411
32431
19644
14390
18284
6703
25556
6021
30280
4829
17254
12648
24758
27037
6851
29520
2229
12856
13208
11653
12949
16842
10826
962
18670
9196
8930
2238
7922
26466
18550
2731
21190
31296
29026
4239
9423
30192
18295
17591
31320
14469
32722
3890
9286
32196
21365
7217
20310
11621
3724
21467
6581
26963
5251
4906
14948
32722
2138
26314
19395
6194
30927
7118
20922
7663
14322
21890
18876
29180
16527
17813
12507
29124
19907
19214
15074
25885
9486
3797
21030
22547
22777
102
14478
16079
3446
8397
26234
9445
13656
25735
26466
29405
27281
17325
3171
1421
4699
19093
23504
26591
7471
4903
1707
31078
13648
28747
17808
14362
13962
15090
29778
6953
26121
23455
17889
20298
9374
12621
14991
29333
19970
9673
23300
10714
21318
23901
1836
15652
7176
31635
19627
18350
12517
14
1718
22460
30650
13840
1886
28555
17795
11258
4311
685
15718
15356
4201
27897
25513
23
19197
12763
17348
6499
25972
9653
6124
25475
5974
6248
12550
11683
28684
28269
17788
8352
24209
11453
22572
14966
25102
13118
3917
19044
10055
19485
2588
24793
12489
13133
32575
21462
24454
29627
31108
6590
7095
4561
32431
4413
15185
29313
18164
779
12504
15872
23698
11814
27054
29757
16983
29561
10882
642
9473
5977
22727
14359
28466
28430
12107
31515
31135
11356
25437
29828
16984
6817
27774
6081
20823
12658
8323
15310
15199
18119
2738
26793
18182
12394
29426
32570
23359
2597
7120
31430
9421
18407
13939
2488
21751
15777
6495
16345
1529
7355
26862
22635
10950
15583
6
12193
6927
21622
17239
3592
16094
31936
13024
31034
27554
28072
3448
12739
20106
7050
23155
31071
15608
5647
25637
11414
9278
19080
27937
5821
13305
32727
14779
7073
30666
26986
785
11767
8178
21668
1545
20661
1245
5505
30181
3204
9002
5388
6686
3658
6526
32244
3508
13698
18850
23718
20204
7797
27794
21295
12849
20329
8279
8601
2947
6526
29687
16492
29451
31796
23100
30857
3285
30282
11068
8467
13476
21849
32411
13693
29102
22885
21880
24829
6948
31285
8117
29615
11913
11632
6423
19832
9031
14749
29726
20692
24625
13970
24926
3848
12162
275
16450
8356
22906
4128
13685
12526
2668
29077
2081
20151
1744
29642
25092
13771
1041
1311
30306
21973
15194
17871
25640
9069
8804
20991
16069
8426
17750
18303
9545
9388
22949
9685
30791
2528
18677
21059
9636
13772
9050
30730
29097
7278
31812
1103
32183
24233
8084
15942
24068
31584
14302
31504
2862
5548
7868
27436
26393
16299
409
21883
5690
20584
17429
16221
15242
28675
32387
6497
26851
23833
10181
12892
13815
25887
25786
30865
15594
16660
12686
21566
5238
27732
9270
7393
16133
13306
3583
29570
17408
2319
25657
20229
5789
32388
19945
11913
32715
10478
4280
3640
27835
24780
1644
22828
7481
15825
8508
27553
25937
27463
14972
27742
31671
28496
17052
22341
8720
29832
1909
14525
31161
7787
2174
7790
525
27251
31942
10588
30727
5888
20456
9518
3274
17084
13867
31413
31109
7698
26867
25836
21057
21887
24582
28898
10297
14833
31449
4341
23695
1494
23836
8967
685
10892
22813
14235
22811
7651
19900
31694
8329
12000
22903
23056
4149
5776
32293
28179
27664
3879
23448
17855
28735
9505
2533
12238
21877
29572
27598
29830
4100
11080
14685
15648
22082
21145
25322
20109
5181
24474
29104
22921
3198
25752
31438
3237
9892
23909
14184
23616
4927
29414
25575
9481
9858
5277
11347
32021
294
3730
16967
17239
15094
10462
5055
18208
15034
21252
32055
24155
5321
29095
19645
26534
23065
29151
12924
10281
32107
4307
11370
10400
18985
31586
32152
1435
27740
2057
3554
994
11631
25564
27432
86
14038
27948
3259
17379
4183
21335
12497
20111
29199
23025
4089
23605
1670
18475
4603
30638
15329
5971
358
16257
26128
1972
27199
7103
23788
15953
28660
19010
15797
1398
449
23067
32675
919
27410
2609
9159
30303
24914
7534
25713
27965
4213
5472
28417
29303
27237
32419
32571
14573
26341
3080
1463
13343
7331
3406
1044
23750
252
21751
26190
7949
1818
15587
472
29225
18286
30137
31502
5056
23162
11769
28113
10455
17304
29013
22416
21554
31356
26471
5874
16105
30944
25905
12865
9959
9548
31937
15271
28863
2266
9731
3493
17513
30142
27949
30314
26947
13645
6388
21520
12693
17013
11942
25958
13541
24835
5196
9385
3326
23594
28513
13044
23639
15875
19944
11735
13613
32149
29179
10145
1629
11323
29799
4972
4795
17487
472
11322
5161
27171
1654
23603
20993
16298
13981
19213
20518
1153
15527
15366
6694
25630
6171
23640
22489
25834
23839
4379
9099
31857
10733
25100
26881
25729
23949
23594
24129
16737
22903
7142
25088
17062
544
15313
12218
18215
22881
2634
8888
21500
11330
8206
15088
4565
7223
1954
27992
30090
27595
23795
11652
2303
24450
7241
4461
22225
13545
13272
3545
22176
21324
28068
3679
4692
622
19883
11379
12599
