21589
27585
20870
51
2018
24008
25176
2755
29892
19176
10388
13280
5095
1020
31103
21622
24068
25375
4648
20995
17644
18210
23804
6688
31740
28064
2768
13526
5084
30981
8550
29671
9127
282
30268
5446
5922
23850
12354
22943
8783
10768
9366
6122
3861
30479
19899
7872
31039
11278
19959
19097
24317
9361
31147
16655
7277
6410
1161
24836
10538
217
6970
12563
2003
27906
23441
11514
8648
8415
8237
10536
14725
19156
10076
30243
358
26886
21069
16283
11828
30143
20045
12701
7151
6484
8366
21010
32237
5071
16453
30535
12184
9251
2281
30294
20137
28557
31918
5103
2470
5540
18197
32109
23788
31631
9323
5605
19553
4075
26251
14610
28613
9832
22629
26832
17275
8098
23454
11888
28887
13676
30496
28349
2969
6025
5868
14858
16356
863
13354
28372
7808
23890
32278
7905
20021
3116
798
17453
9861
24559
32708
17477
32765
25129
5322
12954
7415
25252
32077
31001
3202
22144
22951
7972
16734
16042
20762
15581
14941
10591
21908
29015
10848
26740
2520
25157
13455
30245
27937
21253
22699
340
13094
14283
2186
1715
11134
9666
28856
30301
25499
20902
8426
24608
2236
20444
3162
14533
30773
17963
20183
13873
4237
26715
20858
26407
14529
18839
9669
4908
23203
12882
21526
8310
10997
7138
8395
24092
30502
19799
21272
14293
26707
120
24327
16877
12801
15520
13921
590
16702
2497
13477
7591
15862
9399
25650
11591
8711
24561
5875
9102
21989
1332
13704
882
22866
2623
18067
23032
4248
18554
17497
5264
2910
27202
27003
6322
30793
17029
6261
14920
11405
31087
30361
25413
21190
3929
9880
25745
14199
22729
25458
26193
23424
24298
25957
10563
18875
2684
18895
27313
2700
8369
5856
199
30889
32112
20266
14130
29943
1207
17537
24742
25153
31866
7436
2897
4074
20248
21955
18484
5449
29462
25601
7957
24195
15928
24584
3516
6307
12287
17104
28063
22062
12559
16562
27579
30823
17200
8179
24404
19416
27408
10631
21896
23080
24517
16799
5745
21575
14425
30059
6569
7268
3896
16950
13851
26649
19808
26719
19512
3127
19741
29929
27633
2535
28285
24689
8742
30676
13988
28434
17582
11196
64
12161
3619
10496
24096
11183
292
19021
11697
19444
21763
10495
21764
11199
27772
379
27962
31452
293
31357
849
31064
28420
4858
6673
23476
21704
19548
9771
31692
17811
4190
3703
17341
16577
31369
13914
29404
5718
21068
11866
23795
3850
10313
28810
3916
19592
18605
21857
15188
23591
7398
5921
3177
11431
14986
21435
19711
27132
14210
24343
19956
1518
20182
1903
3425
22049
10899
20702
28738
14965
3961
2163
13704
9352
8104
18997
618
12052
5304
2294
20235
30357
6773
14510
18364
4779
30466
32629
16831
9236
9919
18427
14168
32711
2812
25333
2402
28016
25718
11327
17260
17193
22502
10466
15553
726
11942
17898
18761
6986
14862
47
15322
25123
29958
23702
7332
938
11655
23679
25089
29559
13106
6845
28624
21378
17159
25678
26718
5220
2097
5875
2630
9515
30098
9072
9604
16867
9330
11435
6270
14728
14208
25319
5588
13828
26874
30810
18884
8205
14579
14496
13921
19799
23433
25924
1921
7055
21915
29131
30390
7869
6262
8615
27589
18981
11655
16698
29613
2209
31238
2355
19034
15707
32008
29252
4350
4713
18361
31192
19819
6379
17568
12895
18684
23792
10700
19999
12592
13226
10297
9420
5566
6752
14889
19889
17080
4487
13514
29179
21516
10888
13287
282
31369
17481
11420
16054
26004
6099
25158
1760
24481
277
80
27996
2294
18591
11233
11975
31664
4578
10763
13827
23789
7400
12418
28687
2100
21092
31889
8903
16809
29485
10952
10099
25341
19410
12987
32271
7260
10330
6084
16538
15296
17085
27064
21891
21274
15092
24048
21676
7057
460
14690
7755
28538
778
32317
25695
17362
4271
25327
25232
8824
19547
18945
681
10961
11951
14317
6402
4127
6144
22284
20720
14847
31927
8499
24753
20329
4472
8573
18496
14822
13669
22138
12111
10983
1767
12366
10629
25719
20859
29616
20697
7059
26138
19131
25087
6585
3886
22682
3319
14882
6100
19331
30239
26370
17435
8990
8248
425
3415
5166
11149
25694
6751
17956
24304
25521
20987
23968
9135
27979
27661
3866
3806
8286
19119
26145
7545
16850
26738
4294
18112
6720
21130
32561
15363
26731
6426
1266
1709
27360
20481
9681
1923
4430
24053
620
32426
14478
2847
23138
23401
13392
24200
19838
23712
4322
32416
18384
1271
26634
22260
31000
20526
10660
9599
20718
618
1556
20398
20266
29053
24156
28471
13811
1803
28014
8711
31642
25845
20715
7743
24852
4031
13812
22531
10750
25543
5849
26938
8155
16915
19144
27915
25895
1378
9040
25199
24395
12734
32597
25490
8996
30294
20353
24998
18709
16542
19379
14371
20383
14632
13035
16001
16979
7466
19315
13376
6876
10302
26278
31986
6866
17356
31296
8978
21415
10174
22950
3048
19844
5862
26408
17967
32710
24854
24963
20906
2869
813
76
27356
5025
25535
21910
2570
27558
20243
14314
2982
21773
4828
9284
23916
11193
25791
7321
22658
29971
28491
4072
6500
25555
27462
20842
29942
21077
19357
6461
4801
8109
11118
13466
16603
19518
7191
26790
27631
8397
3238
15764
30550
23320
30517
28515
4476
3062
24396
20341
21253
20744
9220
27724
4592
7114
13338
21121
32484
19811
6187
18444
7386
19260
4098
31726
7111
751
12669
4491
13620
24540
28125
1260
3944
9601
8297
31642
30673
20209
14708
29248
27438
26324
20704
26372
17897
2595
26433
10170
21892
23945
2793
23178
21832
148
12761
4437
31009
3537
11901
8511
12387
18984
5376
865
7814
30238
15820
26926
22504
24882
19580
3701
4353
734
11754
13698
24162
3791
10272
24125
10841
25713
3163
4378
30371
25126
1488
17144
18143
25037
296
3470
14224
26163
29745
31862
21512
6349
22340
25225
20058
7449
21288
22033
29660
21707
20481
11837
25993
29653
965
20033
23626
9112
31294
11934
12803
4704
5246
19568
8229
28379
1835
18391
9023
17658
20770
13571
27172
17518
16098
6323
32758
12063
4052
22686
17999
24344
23720
10656
1972
4488
14459
5668
25935
11734
10851
21790
12571
14352
24268
2032
4379
29424
2262
3861
8696
27451
8512
28079
21173
30538
10564
16223
17947
2943
20083
