27955
10259
23285
27485
1237
5233
26636
10482
22370
1519
5715
2888
7855
30584
8034
13572
26557
903
22555
1359
17748
19605
17612
31667
20607
21631
21957
8953
6808
8661
13144
8647
11851
3283
28727
9821
5429
21567
19745
31791
30918
10345
4703
9441
31412
22866
29633
9727
24918
4076
1555
14657
30305
24310
26572
7419
18273
23384
22236
7073
23359
27178
3469
4292
9209
19092
31824
11321
26911
16747
26265
31099
31660
1015
11465
24334
11083
8533
26225
5217
1471
691
26889
7782
24065
31417
31268
7576
10597
4749
13928
6048
13815
11968
31126
7534
4052
28829
25608
15656
5520
13914
14771
65
22686
26337
26716
4859
7838
22392
211
4085
23422
9537
11535
10020
11712
28101
29569
8779
24795
9746
29308
19342
8862
24989
26349
4699
8621
24705
8435
17517
5886
4098
13765
25907
27740
6689
12975
2786
19582
11957
23969
1262
30432
23425
16446
27166
28532
21135
648
25829
12870
15996
12386
22613
30026
20382
5650
18714
2801
27656
14696
32130
4197
2126
10063
7219
21522
27050
8102
24737
13068
11669
9566
23633
6447
17148
27333
27249
25119
9097
14103
3000
23966
18228
4600
6486
26604
24446
21590
1315
5754
20054
6957
14782
15391
814
15952
20903
19654
10063
1096
19322
14931
15665
15470
11619
17716
31762
5727
23576
32688
9000
15368
18360
3433
26388
16713
17746
16113
31273
13943
10060
14299
24298
31327
32427
28515
21357
14666
16903
28490
29082
27949
6897
25861
13458
6130
23835
9954
10011
29958
18414
11378
8313
23949
24712
31316
16885
5768
2223
7240
8815
17286
10289
17554
7909
29722
11622
25433
13473
14430
25902
4758
6206
31642
15183
30275
18058
1440
2936
11985
9974
31052
10550
1230
5986
18717
16392
26935
11085
8876
9876
3694
10156
12351
17923
1235
30232
3566
14041
31473
4248
18194
5749
22444
17144
329
30762
29737
6317
895
27323
13428
31284
18961
15495
6755
10014
13950
12664
3863
29759
6620
2400
31431
13002
3530
7230
28351
7061
7470
25144
26237
24855
8869
20688
22160
3078
5875
4754
17788
9996
21527
11226
18012
10291
15388
3896
20003
18162
13488
16778
21299
10283
24641
32020
13988
14030
22186
7242
30171
11272
12455
1884
20647
24332
14039
29809
1065
29410
24625
21477
14490
20530
3765
25255
12164
27795
25804
1079
21622
19656
7732
28361
11444
11346
14099
7513
3477
12697
3184
15739
5113
7178
4127
27557
30205
22976
26455
25455
15357
25285
29194
23133
29544
5149
7952
25321
4760
23432
7842
22318
25455
19547
13114
16385
21314
30992
31675
13764
21343
12857
11621
17170
26288
21796
19949
27340
1421
29623
21187
14358
2274
19729
987
14495
15008
10059
515
28178
18055
10290
2799
25335
3991
14658
5497
13516
7309
20674
8251
27283
8629
24317
26476
32318
26594
19957
17164
13764
5289
15333
11612
20028
16323
4186
22459
3112
29267
17672
10993
4495
15914
18773
19395
14891
6831
24618
27093
13950
27453
12585
20514
22381
5566
21697
14998
5332
17388
29473
15443
25880
14834
32057
24916
18074
19724
31327
32250
6742
7554
19441
515
7930
2272
23142
23560
7072
15053
28270
25579
798
3490
25583
20909
8249
21251
14441
20276
4646
766
24203
8208
24192
20603
28014
10120
4328
7026
14693
21681
25721
2477
13872
30431
24359
7664
14712
21775
16474
12645
17279
24098
9418
28412
20101
16995
22079
22748
12141
8886
31293
12466
24255
13102
29070
20637
18022
32650
18876
13481
20221
1404
6893
31015
22916
12416
28715
3619
11828
23386
28556
15592
12347
28476
16913
15506
10556
29830
1669
10968
29855
13093
26491
8452
18261
24322
5303
7193
10049
970
22467
12925
22186
3012
3398
4571
16377
30319
27285
3929
4760
8101
20188
20470
28231
21528
21728
13256
26934
4318
18086
8369
6207
27037
6576
14662
24036
19434
4524
20257
3188
12814
16008
3243
9959
13481
17216
14223
16783
27061
26660
30579
30780
2759
13956
2982
22788
28951
7011
8925
18601
13914
235
17709
72
3303
8881
27216
9776
28261
2904
11873
31813
8368
11936
7590
16636
14356
6204
10638
32070
5528
24814
31961
4640
11291
6680
5157
25983
14147
8840
9593
22179
3540
1882
13851
2596
25436
1139
3003
23664
3415
31911
13093
10995
26981
14427
28116
9403
9081
27962
23823
4569
27322
3480
10270
777
12109
24947
11903
714
7745
22586
8713
24067
4276
30976
18420
4615
18389
29211
635
6615
2274
22121
13676
22685
16616
23859
23407
6747
11911
15728
23837
17169
19157
29244
14529
9877
4151
19449
2097
31567
3121
30597
11009
11813
17485
24208
7936
31855
25706
14376
12167
18976
28389
19792
345
30715
12983
5306
14778
5119
3056
7467
8838
1384
21171
18470
27283
788
20281
12372
16873
26545
11984
28664
18239
30969
19973
10743
12367
504
8304
29247
21584
8104
1219
4870
7553
26850
11829
12744
24236
27916
25542
27689
10878
6421
19080
25061
13159
27874
11314
31444
1726
25821
4821
22362
20146
8743
29749
6327
29476
30627
31961
8898
23065
6204
30085
3722
29211
21911
25735
26060
25160
19769
4796
8366
6985
944
14956
31125
16630
25862
16289
14166
4790
19465
23745
16805
22054
17868
493
21411
3037
32410
20471
18885
25056
28154
16461
10412
24558
8959
11631
13953
22798
18608
8417
25912
23467
27247
29518
8850
2241
11379
27670
1629
7523
31258
205
13232
8908
27771
23727
26867
32432
13790
851
12682
6004
13233
16469
30948
8857
31038
14063
13174
27424
1319
10667
5617
9098
27209
6766
8651
3034
23023
11564
6167
17751
11779
1200
12482
14064
2877
21116
22002
16476
28027
23224
24417
24351
29729
14354
32332
31338
14228
15210
4001
20705
24229
26624
4126
7760
660
2300
24951
17936
23849
3751
19818
20578
24559
17287
13105
15300
32626
29779
24912
19076
22132
12965
30067
10699
16626
25297
1336
10683
26963
3477
11345
28799
26892
27101
9924
16496
11803
13856
24235
19029
11256
21036
18959
24909
1467
17424
16670
31416
574
16393
10148
981
2224
4476
22104
1388
31567
17942
7871
2302
15104
19552
7488
39
5752
32640
25025
10741
7929
3061
32556
31989
2984
7795
20990
1348
23590
32566
15729
15432
17773
8494
30740
16016
14169
25231
11013
9195
23245
32063
6528
3626
17643
29323
15262
