4987
16038
19676
6771
6353
6336
30496
747
8606
20914
30465
12655
7600
19234
3166
21324
29471
9253
27364
10646
14394
16317
10326
32185
7980
20676
24614
2723
18890
7323
5656
2135
18477
5288
15753
2918
25249
25063
4309
22325
4640
27608
13031
10484
21488
26672
27455
29146
22641
32102
10451
15029
24978
15907
28446
32146
19890
22275
32590
32114
8274
16588
26563
1044
8652
37
6540
12133
25068
24827
11527
26299
6908
4293
23268
13615
14976
4136
31769
4365
11894
13335
17012
19677
21632
31917
16060
32540
26515
14710
9177
26859
1775
21581
2192
5355
18255
12834
5864
20876
30633
20749
14229
19892
219
26658
27690
17890
4987
31168
1845
5490
15112
10184
10925
13881
21700
20904
22488
3754
6105
22709
25055
11712
28783
21604
23296
13676
31894
24952
14881
18450
25553
20158
20446
15687
27969
32259
15900
7929
31096
30889
17683
13480
12941
30654
7070
7414
3353
19260
12370
29540
3141
5883
6337
19687
21004
31570
15661
27925
12240
18659
30384
24649
12678
31538
31696
14071
24943
14743
27864
27677
13937
16783
8831
19388
17293
5696
22600
31340
12793
16392
32666
2127
3606
13290
17784
4773
27973
27310
12731
28441
8658
9279
28069
31969
7080
12564
31021
30749
15665
11306
13935
14088
30184
10896
25131
25527
21113
30534
19263
23641
15525
3194
7716
2955
29155
31727
9695
4491
2386
15500
25643
140
14583
26851
19268
7689
22468
29638
23225
20073
18053
9804
4558
25123
32475
5379
2956
26240
5487
24412
28723
26423
30808
25671
24372
6455
8167
25243
25636
7759
26484
10377
26042
22095
23968
14240
10009
13578
10798
4216
502
3095
4587
19965
28095
17675
27891
32220
15181
16886
8552
16644
20681
11606
29531
8438
8162
22077
17028
1981
10859
11555
14408
12734
10609
22252
14552
1621
21808
26590
10250
9933
12405
17632
30907
6184
30479
990
5548
20909
6312
8485
28068
5037
24628
5643
17245
1180
22329
28464
12323
20698
9054
877
9212
2870
2387
2028
30986
30237
29398
3355
29809
3051
14584
18315
15981
1481
16095
9996
4615
21640
17654
25162
31583
29428
31112
5920
4550
5777
6072
4642
3745
15725
27624
14531
32339
10225
2613
16950
19674
25957
13112
13896
22198
21908
666
15822
14854
26469
25761
28856
13939
17042
22439
21420
16971
15726
8867
13657
21002
326
18629
24094
32501
11819
28089
23178
515
10496
10170
675
566
24514
8957
18027
30991
21029
22319
12337
13303
31925
8930
10672
13546
8392
25136
29105
27349
24091
14133
15596
27122
16674
11547
23568
7886
23587
7933
10041
12583
4903
7998
3530
8901
27474
257
20702
7869
26399
11925
3260
30417
32162
23569
10105
12365
9027
31525
7712
8104
5994
25839
5889
25663
26827
7847
10068
23217
16237
6162
16324
15271
9841
3604
18587
2733
1167
3829
6745
17606
22935
5248
18530
14137
249
23008
19230
5661
1914
29087
29895
7690
10628
13031
23293
27856
13936
7810
19606
19720
12050
5900
21992
25601
21665
2829
6447
29169
23714
8751
3806
14697
17309
11025
23010
19
27059
25536
15353
13041
19373
30556
11991
27283
6661
19870
20323
21353
18459
6123
24653
30945
5485
10345
21772
18933
29664
22624
17499
23805
19019
5097
4469
18258
17132
12731
26114
11852
30438
24555
6650
31904
1866
12656
12383
198
18265
10961
18813
30291
13223
11870
23043
4904
29872
3116
6258
9103
32367
11314
5226
22440
2336
28788
23370
21665
30074
3080
11088
11463
15967
13049
14934
26113
7540
10133
26652
28457
8002
7592
17114
10078
19997
19289
6991
19377
14426
22936
10735
23383
8663
27872
26300
16815
17537
16910
10838
5646
1440
5614
24431
17913
27848
26684
1600
22057
13439
25475
32011
1974
12992
9298
14924
20398
23584
20106
31243
16089
3580
28338
30273
27152
29301
5669
3846
31195
7426
24529
17418
23868
15086
25448
11346
12292
5852
12402
3431
29127
12855
6113
18249
29218
9743
29653
10682
13236
23108
11690
3662
19868
15741
13993
32711
1249
28805
22341
8985
6998
26817
5589
29611
18125
21017
14535
30857
15855
8477
19310
18717
26931
2764
10896
25208
17790
24730
29489
3296
10891
4610
22844
11446
24010
3406
22121
22786
20731
30203
16936
29941
15322
23470
13452
405
20908
7883
2263
20171
19813
18787
24572
6247
16247
24398
32062
11683
12185
28159
6441
17543
28391
8657
16093
11460
12956
28644
31329
24436
22310
15689
5598
17153
25692
17098
20330
30159
12081
15365
20717
13951
22521
14790
8535
18460
26525
26899
31493
8174
1015
21819
4884
20946
27759
6082
1594
10984
3599
22610
890
9060
27761
23559
23420
26876
16473
20526
18697
23954
32676
30484
18854
1090
6274
3197
31291
11449
10601
10970
29139
23435
2778
23379
14959
15823
5423
4620
4080
5173
19999
1184
2978
26736
8956
19687
141
5167
32745
5557
220
20582
18230
19716
30492
15579
31936
19375
22253
26932
30424
30168
3730
20701
5221
17789
24101
24432
22540
1667
16534
900
17257
3698
4933
30334
27145
17151
21776
7402
1623
18337
25786
16419
26020
8986
19582
24
11108
24232
19892
15368
12179
6027
29902
28899
16987
25350
30232
22987
11515
31507
10935
21370
24013
29608
4725
17745
14111
18212
1968
23904
10335
26173
22738
23581
9290
9683
273
17897
4835
1564
23206
31334
16827
12977
14939
8053
31846
27292
31122
4434
16814
8454
29412
2634
23262
23747
15328
27941
13974
4732
27260
25712
28608
2093
7390
11558
25628
18874
32766
14015
17954
19041
17256
5854
29473
2325
6166
13334
26142
25570
27365
12970
7236
14735
31428
24939
9980
28053
15828
18329
29118
24881
14206
6604
17530
29973
18331
5831
18389
31120
7801
5635
24101
11809
23315
9168
13418
5840
4922
18212
11891
1192
1438
13833
6705
25215
3315
16376
785
23510
24991
6534
2873
26287
17854
10764
15086
19782
22699
14003
13996
16486
1266
23363
21843
11084
2717
27634
11033
32675
25702
11446
27125
3937
3805
29780
6541
31306
17691
7212
597
26710
22487
10058
12748
24431
30161
29315
14409
5371
23674
1546
17553
19019
13334
17902
24714
10510
1021
18865
12748
21652
3947
31589
27643
9195
31093
29218
2407
28735
25834
13062
25024
10211
18759
16308
2548
22349
5754
6183
27369
14188
19183
21501
25550
1079
14384
23601
