31044
24686
18827
31088
9530
17977
7514
2245
9577
20592
14046
17018
21628
26414
31927
23343
32016
32386
25139
8557
19247
11090
29665
5477
26248
31715
2834
24299
7412
15516
10015
11338
11062
11525
31237
6491
9467
11422
23538
10406
13805
16196
15824
5685
26453
14415
25652
2413
29688
3583
6195
19839
66
7892
3057
20794
22232
24161
12295
15094
28668
23666
24861
31576
7136
22852
28321
7968
19401
26507
26267
15419
8898
13255
30362
6744
22786
6955
27708
12831
21680
24848
738
21344
29729
511
22007
31643
1147
28748
22939
7544
14626
3083
9795
26273
8436
5577
26354
31086
27743
16589
31494
14351
12681
10691
19306
17795
14257
23791
25747
20737
9141
10458
27138
31876
3536
715
2619
23707
1038
6341
5115
11334
30897
26975
3099
31717
15799
27104
24259
29878
9697
6867
16677
28111
28367
26858
25135
11371
238
22911
2012
16821
4359
17466
10629
11841
22166
28097
18327
29990
22169
25419
23581
27103
20622
20077
3394
32120
18173
31420
2420
17274
28969
4003
21028
22674
31066
14295
18192
7419
14280
4598
13752
24541
8260
24750
6016
19524
18518
9436
10345
16489
19310
27882
17627
21154
23102
10824
30832
1742
18982
2286
26219
11978
2954
11125
6542
1326
16561
22724
22893
15292
19114
31585
2241
11988
11222
10940
25189
28163
559
25721
19821
1580
17085
24492
19439
21106
7595
752
17566
31460
18829
3507
21677
11379
9037
10504
13653
23946
19328
25320
3267
11414
6725
6305
12013
19138
17282
28331
16555
18242
3730
9181
30595
3082
17928
29301
4695
29623
24518
25474
31058
30552
28232
27293
26957
22910
14582
23710
4182
20733
25305
4254
6867
24860
25275
13060
25606
28430
20535
32307
28056
23611
29687
3291
15782
27076
19481
30218
7952
27150
18211
23589
611
25027
18629
3120
28685
7408
6942
10597
11207
1927
17725
15202
11103
6491
24327
12489
4603
12687
315
24339
22700
16267
3494
3627
20050
29499
28582
2552
31247
7466
30120
15633
23674
3870
26155
8635
29310
6548
20085
14634
17413
19744
23608
30650
31797
31730
7573
21589
18817
23172
14859
16706
1141
479
29229
30224
22443
28698
9177
11029
29476
31512
25518
5371
2462
16126
4927
20825
13722
30125
7631
22879
9852
13506
12472
14942
519
552
5598
20237
3416
5931
5150
12249
1286
4466
14835
32196
32635
14643
31082
29895
7128
13083
7553
7043
27911
5043
26287
20158
221
24405
30141
18332
10570
32370
17446
25731
11850
21855
30769
25885
31786
26081
12107
7106
24978
15360
25454
4760
1007
2691
27697
1568
330
20795
31875
10413
4820
26335
5393
29292
8481
6402
8122
32422
12668
17147
8651
6121
23103
29062
24146
18075
10266
1680
4452
19936
8184
14756
28083
14209
14200
20877
19252
3854
4931
32595
1927
247
12932
32285
25720
3456
6921
27440
26309
24752
11888
10457
25744
31402
6493
7289
32172
9952
28424
10859
23735
21868
13511
25948
19652
3518
27492
25379
7571
5977
6489
4159
18959
180
1557
10928
29577
30749
11072
22986
23955
6117
25189
1198
6252
29434
30714
31746
18502
10437
25692
32123
1153
18618
28973
12632
26548
3669
32388
25107
4815
21923
20749
17227
20234
5463
1114
13155
2949
1461
20638
20630
13912
32317
2939
25157
12046
22725
18845
24992
17750
29768
29939
16013
15151
24729
20614
1175
8573
14817
15872
14789
14968
297
3561
1808
8276
31444
9337
7842
26403
9203
3563
30899
4788
27581
22256
3622
22670
6236
31957
32198
12603
6430
11994
4732
10812
11069
2301
1654
26868
5864
30545
26758
26648
31430
11471
25474
24634
19326
8601
2478
2335
22737
26872
6055
5151
24450
12115
30594
25311
16373
19964
27046
6637
508
28920
13631
9876
2097
32119
24608
3124
15282
15603
30594
5226
28496
9805
27624
4380
26176
12658
4675
26128
13196
11434
2910
12854
4426
10017
18206
24793
22546
24935
1131
20066
4144
1450
3861
3929
594
16270
5903
8721
2008
12621
16290
1385
12915
29013
24629
7599
7646
26654
7126
1297
32042
17556
4887
24012
16570
129
25312
23927
11357
12816
14408
11097
24429
27453
13495
20720
14822
11373
27818
26193
26566
9821
773
17566
20988
21065
3047
15900
8150
1109
13770
23958
13544
25763
20441
28520
12481
1805
26441
15515
11763
19686
3495
27803
16779
2347
31550
23531
1328
15740
20433
7173
21821
11372
264
28644
23633
27125
1589
30093
26403
24818
8214
8065
323
2033
17093
8094
7605
147
27708
19056
13264
13730
19158
28780
25739
6662
9908
10706
24386
6046
30449
10253
5046
14267
24073
16141
8023
8287
5798
19513
31454
1742
3954
30329
31113
31789
16562
27491
4040
22204
6986
19618
11626
19761
26639
32766
22937
20810
12155
30180
15675
24961
1594
21515
13650
25632
4279
28040
11086
25934
26910
14495
21085
3250
13411
9521
14078
26032
16326
5134
20174
12536
23659
8154
14521
18126
14991
8063
10620
10301
13704
11946
9936
27993
11967
19840
2228
29536
21797
10724
6891
29876
9186
1497
9141
25002
18920
29519
26113
14677
10803
6277
23530
29168
30611
15608
30283
3646
1874
7690
30633
12194
14262
22444
9981
22341
8631
24383
12683
3441
4008
28050
29007
17432
12993
2017
8404
32327
20956
26841
11726
23720
15858
9091
27535
13860
5531
21428
5363
2387
6641
17696
12292
24525
6401
11081
6529
23659
31566
8391
27238
17725
15408
28906
15926
11071
20766
27068
26557
11799
2
5653
19304
31121
11595
18651
5168
14948
11363
23983
20952
21734
742
9884
17868
1314
17687
13615
27494
25455
6297
15228
24085
7222
29164
15699
26852
15559
19395
26212
5364
9028
3082
16347
31807
31147
12246
24485
27944
95
20820
31078
7482
31246
25189
13460
4040
22441
8934
1472
20068
12053
25811
16379
22768
22609
8942
18774
3981
9922
30171
12769
7554
25454
26720
29163
20182
29375
28608
25751
5752
8949
8689
19027
32506
6136
20749
31106
18519
22171
18962
10791
12646
6600
8840
12187
10441
9189
31974
10276
15705
29542
18813
15757
6926
18707
13587
22724
6551
21379
16897
23991
860
14633
7953
31712
2276
642
11990
20489
21523
24058
32164
20808
13122
29125
27292
13967
10555
25557
11419
18918
31342
3335
28714
14046
20100
8165
4612
22575
5061
18361
17040
2972
3050
24381
32705
1762
8463
31411
18638
12090
28662
17330
2890
31308
31501
8287
28017
4014
20384
16848
23764
15146
13138
14756
7614
29989
25271
5497
17859
9793
32379
22619
6807
2410
29277
30771
30727
29542
22518
21881
30968
30514
15073
1266
19986
21341
4625
8465
27014
27962
26301
26992
22511
6143
7456
16621
13009
17852
13851
24907
18888
4034
3495
5268
10589
19717
14610
908
6752
28978
19153
12580
28953
16361
27028
13838
20699
26706
16120
7878
22861
29184
22051
3507
1352
21682
485
4349
29182
21106
27504
6488
3307
29808
638
5841
30859
27400
5071
7162
883
10886
25838
5269
7346
20026
4746
6474
2678
8804
19382
12009
22862
4278
29311
1697
3068
19702
9244
1411
19690
1284
22499
16350
31094
3703
29157
19940
32763
24709
3752
18580
16328
26434
17447
8600
11226
24752
9534
11097
15627
2296
17844
5044
2607
13725
19416
27647
28428
6025
1746
11595
30430
12154
28655
10221
4692
16410
32274
19241
30989
2737
24286
6959
27856
3573
9542
26543
4963
22533
20679
6434
28296
22645
14696
30935
28003
28452
12482
3311
16865
19133
7849
21091
16169
44
18945
12882
7312
14143
12240
1138
23323
5533
14605
32575
2948
12981
17187
20990
27202
18273
1355
27702
61
4456
22942
26171
22799
29040
24427
2993
11383
27015
27240
6043
17728
5525
28514
22892
10387
29817
24156
25829
535
3610
13033
25503
9216
24124
5207
16583
10251
24056
9525
26903
4178
10827
14498
25632
3864
26802
16585
3363
27794
6286
5439
20576
17924
29821
31914
29366
2104
22219
25338
12203
15465
18833
18136
25391
14161
3800
17996
5779
32397
2585
16049
10698
2802
26926
19784
14324
8271
28173
3475
10376
7881
10960
32352
10737
2692
24200
32035
3943
2573
16438
157
6676
28546
17014
27019
542
21495
25094
14612
18888
20452
11228
23694
16052
30836
23777
551
32311
4053
27932
19776
5384
19937
29410
23313
4279
16631
2099
23464
12097
4368
32182
28414
22825
22852
4079
23865
385
10221
7234
14616
14420
5
12063
20799
32628
1382
8389
29304
98
15906
22759
6928
12360
31711
22252
3475
30851
24308
8178
8378
30644
10986
19918
30984
19762
18825
4034
8426
13671
3460
10403
6634
24858
27670
24323
22620
13904
12149
6129
26817
18865
9329
7751
21920
13983
14447
11528
16516
8415
16014
19277
2744
32286
11898
30505
5290
9816
26566
29655
9150
30588
14893
538
15355
31103
5016
10890
30208
15157
17714
11553
18351
6949
25208
22097
607
21121
16319
25562
20887
8351
19031
30522
13663
26383
12233
32753
11467
9601
28544
12766
12568
11969
4708
27249
11635
7811
25900
29519
1441
19901
18284
13050
14703
15280
14755
2027
1241
19303
20743
17071
8261
5143
1368
3952
31401
9041
12636
443
24633
16979
2167
28548
30833
11862
24086
30430
4918
1169
5078
32220
3503
32434
19649
23122
22511
7016
10332
27721
3377
13673
24533
13584
21102
12288
32709
32566
10743
4945
4821
24422
21973
10819
24277
17394
25914
28180
29058
2245
17736
27019
30704
8717
10153
28323
11061
32513
25205
11072
18520
24132
2431
13696
11337
17667
3958
3661
3224
10602
1269
21029
14218
23067
6831
14949
30565
19604
31865
19306
29116
17029
21909
1005
2605
3689
6786
16803
21301
32529
24349
26867
9087
10102
1929
21525
18345
24852
22362
1315
13388
7224
5632
21912
19898
10939
16568
18283
23624
10363
24433
27988
14883
6662
4701
11341
25442
26706
900
28192
12648
16883
30557
18498
15264
16180
17679
31606
5361
881
2823
12580
26126
24531
4263
10644
22607
29549
22211
3624
16101
18587
22406
4778
20388
4104
13859
7812
24134
20438
19875
10673
22594
21019
18093
9450
25393
11244
14211
22960
20106
25699
11610
1883
12863
16782
31521
26950
19836
31000
16805
6484
17700
636
31182
105
20371
26721
9258
27200
19681
13583
31068
11761
3662
2920
31086
1293
19629
27577
23340
26257
19991
10633
3714
11832
9448
9953
19325
25836
28111
26310
13769
17703
30827
16632
12952
2692
17726
31454
15283
13627
1505
28252
10715
28913
17447
30767
9298
8570
14516
3951
18224
17611
22786
7302
5204
22716
8713
2529
29865
27423
22837
19373
21583
21199
32249
550
4631
30750
1740
6904
31533
7451
30989
32702
3316
11232
6719
12906
10045
1010
17053
32555
2009
5495
26276
14240
24568
10872
25994
22176
32563
11127
30539
21574
11873
4382
7155
11506
7543
15222
16979
5429
7666
32602
20364
20334
17274
3898
29704
8259
24031
12332
19935
27303
8361
5800
1592
14703
11360
30922
29952
18050
14388
12614
14281
29469
11206
29884
7961
23820
19090
31229
26630
21917
19143
7985
9502
21828
28154
22521
18413
5113
32119
31396
16334
18064
21753
13134
3881
24117
14012
14500
8937
2019
9313
13693
21622
19051
27074
3524
7582
24482
30109
762
879
24844
11895
14922
32494
5256
20981
10171
8823
10754
30804
10959
24362
12717
22747
29753
26633
9441
31955
17980
31298
17362
20894
25672
6991
27154
10010
3817
15762
2153
17072
28382
20744
31060
16466
28912
143
16912
2757
17404
30317
5966
18449
8912
16073
1736
5115
4091
3491
23761
13762
17047
10205
8392
27075
19231
16527
7552
5651
3480
9148
13823
10112
1660
20678
16709
5175
14330
21304
31134
8639
19481
8505
29095
937
32006
14543
19236
10282
20361
32394
1741
4954
15654
26856
10843
27428
30548
29737
260
24308
28678
15264
9203
9872
27561
14920
18984
4487
19854
17794
21756
22881
7802
1610
10013
17031
9845
22280
20499
26740
14424
7814
8755
14494
11569
9753
13596
19760
25427
21047
24554
2706
29765
5922
4489
18790
10956
19127
1147
22086
10293
2354
14110
25030
10428
19295
23240
8562
29513
3133
25370
17738
15171
31020
31152
15118
20999
21000
30192
17645
29898
4897
29735
949
10202
17243
21913
9999
12030
28607
7787
218
23578
30530
28174
20220
2987
27731
3318
25936
31729
24631
10652
21941
21950
25973
5016
4652
26950
27611
28742
25070
12627
17755
12411
10020
9874
7812
31054
23172
14728
1428
14434
25084
497
10203
15748
3568
21298
11647
21732
25962
19667
19897
10849
28967
9651
14827
9840
14470
25781
6071
19285
13868
18666
4907
18534
1615
20322
28489
10582
2924
19680
2917
10260
9986
27078
20172
31232
31577
22121
14357
24328
12038
10624
12669
2319
1917
28897
15492
11417
27443
16490
6221
18170
16514
5688
9938
13751
22985
5788
2297
3660
13000
127
12885
16101
9973
10724
32354
13014
19248
11056
22364
7778
20983
1102
24556
28219
31976
15412
2820
10235
28269
21361
23137
3376
5262
28944
9784
10761
1223
24256
11014
21394
2213
7633
1002
718
1143
23210
32594
15564
30255
26563
19437
18668
12993
26341
7483
2549
25159
109
28200
7659
9994
30418
26252
17839
16977
19778
18760
21249
7458
22019
12630
21222
12081
25166
29440
2528
397
682
17801
24078
32671
17091
4623
14453
32314
1669
28188
8428
17229
13682
20600
8341
12792
25988
28755
26814
13257
28972
870
6215
20182
30100
10339
21541
18644
30345
29625
28787
5378
278
11427
31404
22691
13983
25141
4770
20811
6264
21670
4062
20831
7978
10315
14280
11289
2803
27148
24584
27401
5903
18189
3098
2221
6561
32505
21569
4025
22091
13751
16005
27119
11688
27285
17016
30129
21915
9232
23516
15573
30907
24782
27756
27952
17884
3349
4542
14057
10447
16730
29671
21042
496
29403
18720
9122
25601
19358
2803
19105
539
19518
27533
3874
13974
12535
3896
20885
20006
7214
9876
6897
10194
25606
17893
18916
27893
16637
30653
19869
32633
8728
30679
2259
5305
3923
14361
18900
13191
28378
30294
12159
32322
23467
31084
5285
27529
8693
13707
29905
24456
27132
30788
18889
2760
32360
7476
15571
19404
6456
9662
7689
5161
2052
24847
27904
22236
32510
9587
7337
4966
11853
3567
32623
25073
10978
27213
8167
20641
10617
31468
9412
16507
17739
17147
8015
20215
20565
16715
1302
27832
20596
7593
4287
3238
25684
22963
8987
7151
277
28611
32648
30869
9919
18253
22660
21953
9105
13962
25394
14710
19966
15050
22724
31365
11463
14462
27779
26897
6864
18968
7446
16289
21285
9497
15720
31270
30205
23667
27503
10878
7239
1530
32592
26974
17600
17669
21472
22983
30617
13676
13406
19408
5586
12810
13074
2678
4966
259
22384
17111
1100
6209
9408
17474
28987
12664
465
13321
4386
15688
32435
3752
13431
13207
433
11189
26603
11679
22689
10212
16430
16532
29892
20317
13113
11816
25085
39
23364
12480
5428
14142
32375
27114
18311
26348
24521
29348
14945
2254
5618
1039
5586
32420
3683
32730
20947
778
16289
29388
14157
22261
13784
30615
19334
20747
25396
7407
3981
10073
13634
606
20060
14040
22586
26625
29931
30419
17125
11119
2754
26518
20530
2392
30168
27231
3661
12634
16072
29961
20341
17548
4183
28582
13603
25373
24988
16699
23946
27647
21748
11560
8038
12271
16769
30817
3126
32153
12327
28425
2012
25555
1828
15795
31657
11090
27714
32486
29139
9187
19796
31159
17444
7639
12649
26454
6234
19543
24290
23759
9439
22798
13486
10007
22907
26139
26594
29806
25703
24025
20358
8796
11835
32489
516
29405
30459
9920
22950
17509
14280
26573
20117
12878
31196
25311
23032
11883
21045
2653
15223
31573
26122
14812
24050
20330
22122
10793
18093
6990
22489
6365
12428
27738
6613
16848
31585
6476
2871
2487
3360
12747
13522
13830
19228
22231
16697
21234
21133
18531
32250
5432
9285
10814
22536
25951
18652
4027
25896
13251
12489
10929
31175
10248
11809
21801
5541
24657
24759
25031
17456
29546
31291
16153
28288
15236
1658
24677
17801
30177
16413
20493
3384
6298
11410
8945
5755
21362
26816
25871
10251
19075
16783
24646
17749
29522
13604
30326
26285
7850
28004
30400
225
11555
13048
11501
22502
7373
5045
11155
28173
14263
24454
16578
6886
18101
27261
12132
17502
2720
28663
17800
15476
19753
4252
11040
21212
28677
27043
4670
27306
10720
18145
17356
8644
10769
2328
6765
5377
24210
16720
10020
5566
24004
13269
11205
9826
7674
14841
14728
31454
32713
5497
20153
9534
5624
8814
11524
31384
26889
2168
18904
4458
10050
31343
12153
15920
15257
24710
22008
11749
10780
27268
30467
13958
11243
31360
25690
11736
2846
31355
16099
20009
23780
14809
19104
26816
26431
29894
6800
18349
17670
31371
15430
12955
9424
22941
25847
31067
29318
9663
29200
18768
28884
14190
32022
15996
32009
31319
5334
27392
18804
2360
10756
5229
3565
25762
31840
8793
6344
28006
15463
11159
4285
15479
6861
10662
14368
14638
30104
27675
18147
31010
17170
18170
24656
8116
526
6326
2711
583
9419
28394
11727
3619
32068
1964
31728
26691
23921
32078
29061
3397
2591
11279
1199
8682
25128
23360
16345
22439
10022
25004
5041
32374
14207
30305
10622
10922
7725
25803
20615
15264
10334
17608
1895
16595
10420
24474
7936
27562
11444
12315
30847
14033
8736
21090
16771
16136
18888
32650
24793
15402
27465
29526
1454
7844
31727
12922
5061
20935
10743
13326
32449
31414
15916
29700
28507
32438
6369
1472
31302
2830
16369
9532
1787
7484
22451
5590
16327
19890
20204
25818
20897
16423
29250
24254
23507
16768
6622
17730
10408
12162
16832
2544
17191
29362
12569
3368
1307
28559
5884
11098
24662
25943
13887
15390
4168
14605
5753
5480
15789
25121
28734
23700
25070
32239
13971
22528
14538
22693
26098
3536
19942
3705
9113
27987
4344
16132
29770
12403
32229
26103
3219
32718
21327
24343
23067
10038
6174
3406
12557
22761
26189
15824
29836
4943
21954
21199
29994
3616
2074
28029
27514
20611
16933
27188
20634
20327
15904
10355
2046
13720
4366
6071
30459
3391
14344
22937
8809
17870
12906
31916
18403
23998
30453
24888
8370
11184
17587
22943
14570
27625
3005
2948
122
12167
11068
30193
32745
31300
19736
28631
1376
17556
14862
3120
10249
13183
13381
7010
17419
27732
12585
8224
30398
30483
11178
22440
368
18428
31427
13336
11482
17221
12883
24079
28246
2836
7943
57
7275
23682
10701
15297
12121
13073
12125
11091
17124
8971
21206
22259
27842
24557
26125
22354
24104
4403
22950
27321
21137
24517
7976
22077
15307
12307
13445
27204
14684
7810
7281
23568
29473
21543
27157
17568
18769
21238
21175
5828
21043
30009
30508
31537
17002
15979
5528
58
13197
24985
15751
23277
30567
8160
19383
27962
5353
12766
10305
16472
4614
12806
21460
29138
21110
6026
25661
12171
153
15846
12349
8850
22957
6688
14308
20093
29874
10858
29597
4864
10287
2178
3619
20799
703
30794
32224
21456
28323
17343
17637
14722
810
12398
31538
22989
16740
26035
18744
29327
3390
2929
4494
19591
18864
30756
27236
8291
6142
15519
1396
23294
6156
23301
30865
13594
15934
2301
458
21516
31757
218
27598
6178
25839
17590
32347
16742
6857
9765
10851
14548
23922
22397
9575
23872
7208
1320
21890
7697
18297
2362
12698
19121
26064
30975
8427
20068
5954
19341
11785
5493
32678
23027
18173
2205
24597
14850
2609
19404
29908
8665
17839
14847
31002
5037
32250
28925
29301
27322
6905
29911
8351
15170
29782
27273
2299
27292
20202
31000
23765
31481
12078
14189
31416
4438
1511
20619
24809
16946
18487
2645
14733
5019
13786
15601
20934
16844
7657
4152
16237
9053
30874
18594
11010
630
31368
19655
26948
8911
25034
15948
28969
24615
437
21507
27695
8610
17883
30787
17047
25026
29019
32099
29757
30672
1549
29337
25645
26635
5689
24006
22879
30401
25814
23828
6155
7947
1163
20182
19947
28436
4353
28171
28923
21460
5866
23527
20754
28341
1431
2103
8004
3520
30486
16536
13787
3336
7435
1186
8919
23059
7319
3354
28480
21461
25111
15222
29294
18800
20793
11304
18454
18886
5268
14370
18217
8343
26526
32228
23735
13078
30147
18101
28858
30277
3115
28857
32611
28462
19661
21291
29583
27221
6681
2068
308
13307
11811
24176
864
28305
6037
21833
12226
9157
17482
2193
14565
5821
32710
26207
27815
32350
23210
26464
19715
317
16728
21145
9401
26469
27204
9163
6956
8368
28995
13309
15939
31186
11437
19524
7211
18338
18678
3201
31072
9313
21581
9538
28956
14688
29721
15038
31928
9750
32699
25258
20001
25349
30965
1229
4080
1396
3143
5991
10079
32087
13832
25032
12036
25020
20815
31831
20873
18001
21850
16201
26691
2666
17293
21882
16087
7901
9472
23096
30248
16620
27458
4485
30871
20797
26008
30952
5135
32528
23596
7001
21023
27570
5890
4321
15179
3070
31355
6268
7979
489
29318
22078
15379
4526
1546
15357
2195
29273
13478
22513
2106
21888
19442
8691
9581
22100
746
5115
19632
24983
18074
14764
17592
26737
1790
19296
1972
2320
27216
22104
8697
10487
8780
14053
1918
17058
21837
7991
11988
7802
32185
11101
2013
29433
11694
21592
30179
5964
24245
2918
13487
7729
6775
5413
798
17762
18022
6206
10536
8171
21450
28580
5690
56
7299
27676
25335
23249
30524
12788
27210
24287
30340
23543
15454
21442
17625
24993
5467
7606
19667
2178
4882
20116
21567
2913
14278
29665
23810
17342
6952
11332
9137
19803
9443
787
11028
4899
15847
14927
17639
16533
11850
15847
15019
5125
26815
10616
28902
30661
14442
1963
14705
8546
20515
3769
28370
12591
21929
23374
15664
32321
26399
28201
20022
22389
5003
12759
15424
23419
27177
12712
32582
2520
17972
10065
32118
31250
18965
16319
6185
899
13135
3119
20183
26856
28345
21678
22973
31113
26902
9186
28510
28646
19229
23863
8220
21643
26878
8761
3874
10480
32276
8231
30359
10206
1565
5295
23939
17003
11766
15097
29465
25499
27455
25523
17623
20599
282
24762
28884
13242
14428
6341
8000
8090
18261
27233
30620
14687
24722
30910
6419
20266
15721
29556
30132
9808
14571
15397
13705
13565
5528
20733
7779
17992
1297
32139
19070
16099
15149
13073
26084
13470
457
1455
31008
17005
28952
24070
16617
18011
8302
18181
24172
22702
18998
1215
22079
30207
28800
21336
17588
28311
26128
5468
25837
1768
19235
29528
7327
9641
24603
24081
15551
5887
4602
25921
16616
2878
8847
11229
12565
6071
28135
23026
16117
3942
9420
13331
16766
4999
12605
32450
3331
19211
23589
1613
10857
18653
1705
15903
10944
6905
9787
19928
23678
203
14252
6607
3116
11344
20566
13283
3305
1073
8064
7815
31975
13970
4087
13417
11278
20524
15070
8494
19469
7045
17645
1140
12624
6211
6128
9636
11205
11021
14657
26353
1477
25
28823
14388
31035
22142
3536
30022
7409
5710
17782
5565
9807
22712
6923
1185
4938
28178
16602
32448
27065
3045
28232
9448
2935
1858
16772
478
17481
25760
6843
31872
3108
7219
5959
21886
3209
29706
31203
28365
22174
5916
7583
23828
7119
17323
8765
19816
3084
11026
25196
12707
31526
7135
13044
29445
1273
29266
30767
2277
4141
8330
4911
14983
4595
20263
25583
18928
30135
30258
9157
29342
4267
5397
14809
20373
2027
30390
31415
8318
6520
14397
17698
23753
7212
28319
22673
16376
31381
3991
27283
12699
17816
6514
16985
32607
27420
24876
4910
28987
15107
10545
12735
28591
16885
30327
13681
18124
21976
22512
20231
4709
28321
28443
750
5071
9716
29962
2359
14490
13349
26430
22488
11725
10631
14200
23934
19131
18366
18344
17130
24353
28155
13758
10914
11528
10330
21653
32623
4870
7313
3348
32274
4114
9202
4063
23640
5505
27253
2354
8677
18173
17929
15866
20651
9594
15832
17415
29741
11388
10711
1833
17741
22698
29155
32290
13479
13551
22170
31769
5903
26366
17044
32281
3345
19522
236
6601
23045
12543
19405
5919
23608
27777
13783
28434
27403
2825
17834
32167
15818
12707
4879
22180
1514
7643
13144
17462
9311
11892
16697
4829
5758
19857
27917
6496
10414
15527
26902
4548
22996
11706
8705
7385
26074
28005
24788
10423
22116
3132
20330
10530
11104
4149
6014
17054
14328
7783
7418
684
21384
18369
30625
18681
9694
16541
27977
27219
12526
31363
21578
4126
20139
21066
26241
27968
21533
13397
24050
8745
23682
14578
9292
23797
24116
31761
20320
26632
3977
1115
16081
24794
17696
16595
14913
32338
7496
14524
215
28617
176
19926
9108
4172
30894
25755
24631
18927
28912
1753
26318
28099
25820
31256
2571
19955
10753
8998
4102
32494
15804
27100
5437
4845
26839
30241
31887
10752
16763
2467
17454
8948
19147
30944
145
22423
7191
32273
28791
31459
893
29112
18899
13828
4924
4856
5270
19198
8978
26366
522
16674
17219
27014
17403
5374
20405
25910
16385
28740
3295
24830
29793
1747
14679
26944
2694
23200
25770
24691
844
18351
28122
5067
21230
21350
20495
4631
24460
27771
11870
8909
29768
18931
5280
4797
8454
18933
24012
20846
9632
17392
3661
20192
6005
7398
5494
3845
9684
9987
21841
22153
25625
18853
1741
18210
32704
13372
8714
28219
22913
5766
6449
11310
4061
1568
11988
3835
19429
28467
29686
20032
1947
23338
9907
7182
2548
21344
14001
11813
11623
32552
9058
28769
18237
27835
10944
16774
2190
5456
27243
27962
19089
19503
25728
1412
12532
15912
21922
6669
13057
8402
10622
27671
5884
8734
20062
27015
1518
24468
29950
30017
8343
32692
27211
31241
8960
28240
27409
27554
21057
22342
26550
76
3194
788
4362
4419
19128
23612
7842
27815
2570
3631
16690
31710
24463
31886
23955
9325
9553
13437
9547
28106
18859
12993
1944
1040
7766
31839
3156
21018
17942
12791
20082
20679
23808
4824
5391
31699
14667
15187
29432
7815
29019
21879
13752
9078
14116
27305
25651
26473
22368
25830
29205
27308
2729
31588
1863
16644
20215
30278
8220
31310
23082
11648
19083
9166
19154
12793
2551
26123
1558
14305
18499
4880
31603
28332
5287
7173
24971
31856
30429
10976
1395
28249
11252
31395
24595
19311
12869
15334
21047
4324
2685
31828
27166
17470
7113
6073
20956
1537
32114
19066
22488
8009
29649
12536
32368
28115
2903
32142
19091
4006
31858
2644
27075
1308
1025
28291
3656
16564
27789
2882
26717
31292
30191
27573
9296
5168
1345
10607
9395
29595
7464
15164
19953
29629
9580
21078
16251
25543
10688
31481
26759
21045
25811
9946
4801
28358
14851
5513
32247
12784
8055
7099
5581
22163
3740
17845
22322
30563
28998
8348
4489
8337
21866
27303
9669
21637
31995
16456
21169
7708
13051
3920
11765
7914
25986
11961
21922
7461
14894
10287
1136
26761
19584
312
9171
9782
18605
23317
7818
14
4352
15525
2428
17240
24551
30608
9468
23444
1734
29515
16207
7404
26582
989
3178
23319
14048
10080
1421
6153
16191
12007
2373
10371
1443
11937
29843
4552
13606
3216
8424
14650
26552
30807
9521
15010
8862
29210
9991
32286
21477
22614
21930
17172
14955
20562
30954
21121
22586
12379
31810
20572
25942
26055
20729
16024
1005
30124
23541
5623
21213
15620
12612
7665
30864
24342
3931
8861
11509
16936
30147
3920
5294
7513
15249
29396
12460
10941
32516
7825
30581
16834
15235
11992
4007
25402
4284
28206
17493
31465
5649
27139
10790
24610
21383
25662
727
7611
8245
21273
29974
10762
13332
23109
22191
13898
272
25126
6936
17149
12522
20692
3801
25108
26616
27690
2981
4358
7537
5662
1253
27936
27355
27825
5388
212
26807
6407
2878
1866
30557
20569
21815
8771
10145
25061
766
5817
691
17481
5253
15899
11578
20347
22559
23161
7897
6
1252
3539
24822
4250
15018
3911
16950
7709
22760
4884
14620
21980
8111
25753
11410
27666
8020
4323
21826
8821
7071
4430
12812
13121
14711
7199
10462
23912
7377
4989
12360
20696
17229
20355
19129
16896
3434
9753
3969
9123
14115
15220
7835
18920
23944
11603
23260
11144
4159
25547
12822
17634
28155
15851
23527
3179
20545
14194
17722
7525
29034
4938
17818
246
20845
32250
3885
26077
14798
21758
10838
14961
3119
7715
31264
11530
17791
12696
32158
17505
24697
16615
23992
30925
20589
25593
9088
27046
22750
28892
22125
31163
10034
27049
3776
14760
21731
19602
4710
4824
16857
27545
5053
8985
9025
14642
2985
24693
7531
10134
27055
8203
4007
1607
13775
27611
15926
11849
30537
7979
26899
11067
19093
20458
6688
19354
9608
16927
21762
18826
26428
23892
3565
31292
26389
15580
23568
1351
20522
25692
11049
8156
3633
11707
4077
13497
21446
3521
15317
29579
28298
9356
4929
29850
7469
25753
25725
18398
23231
26362
10188
6336
8235
21022
10609
5455
8574
29210
20219
7420
23246
2775
30403
1049
29288
9260
4540
24491
21580
2740
16358
23729
28148
3600
8568
6061
23296
30219
7389
15856
15899
7301
15662
9575
16147
16873
31785
17524
11935
5577
2551
9744
28886
25414
26920
13644
28950
5963
9438
17318
22070
32010
11421
1338
15994
31787
28219
32557
4217
27612
19852
7392
14089
2227
2261
22187
3751
12889
16974
16944
9345
26594
17992
27163
31220
13468
20998
25685
10575
8198
16917
15822
3605
6928
10351
5000
14739
14334
3982
12923
4771
30336
21609
17756
3303
21765
28885
10699
5454
14923
2929
32073
1053
12165
9220
26903
26704
4801
28292
27279
24417
28548
8885
4122
15158
21742
29884
8467
13537
560
24767
12310
22405
21552
31908
30496
18354
5970
5765
2205
7486
10589
5408
28685
11388
11253
18
10137
17415
25362
25882
5721
27996
21034
31009
1277
10739
28243
8466
16275
21101
28231
20776
409
27719
16655
7673
21298
13390
29419
21117
24837
19679
30680
6291
12202
14161
11502
3683
14542
24728
20592
32054
29673
19347
20821
18194
4974
16536
23772
8761
13643
1266
14668
1726
1759
10871
4457
27331
27827
30689
13091
31159
15260
1980
8494
18785
17859
21045
20155
25326
30510
23802
8180
8793
9759
12831
12197
22065
31742
15809
31853
13792
30420
15390
32487
2883
3381
32111
5289
15853
11455
32584
20754
3962
26063
19901
27062
24536
409
23381
21738
15144
18566
15216
2752
11690
8413
18529
29618
19864
24592
3897
17820
3166
15104
17821
21982
19436
20793
23090
19544
7328
31895
24714
7106
11436
1782
676
14383
32004
17923
11025
19370
31551
2039
6417
19725
13178
12593
17118
13614
28016
8975
16157
27045
23453
7894
14834
18462
6415
11820
10
27378
13017
22715
19938
7739
7476
29956
18192
32367
21649
25557
1472
24840
6181
19521
2364
12741
30239
12685
1444
30060
28879
3822
19421
5379
18292
29295
322
26956
4574
17959
13387
21454
8605
30526
28686
2389
2323
19108
7351
12272
29247
9717
28835
17513
30185
12378
7703
5788
22153
8497
13131
26229
4464
25979
11818
29862
15583
19552
11675
28500
10760
1884
24396
1558
24983
5825
25736
13238
11237
20945
31046
5607
3523
2593
13718
27428
31466
19420
15429
7352
6008
17316
1399
22766
27980
19415
15671
994
21755
25182
20853
6253
14868
5949
7187
12799
26686
15132
27664
1801
2375
17118
24118
23546
873
20950
16922
20930
9247
486
6376
18475
25037
13094
25705
8341
30272
114
30989
654
32113
23018
14029
13623
9111
13336
25149
24968
26262
18665
20522
25668
5862
12872
31283
3870
24600
24751
14695
7627
15943
16597
19739
13779
28233
19045
22966
22997
23233
24790
23216
1261
9402
18299
660
21787
13529
4438
7699
23415
12374
21083
19764
6981
20551
29549
6438
30082
15307
27795
15376
21809
31441
30144
22330
11466
25682
23249
16544
2360
10101
31153
5964
5481
31554
17240
29781
10982
17794
25306
4138
10834
17432
20519
26193
17140
27429
1035
20624
2641
23133
8982
27620
6259
28120
15365
31617
20226
11588
6001
208
2134
14479
400
12709
18002
6996
6625
8832
28804
187
31036
9464
19043
32463
32702
8813
4662
18078
193
2093
23244
17294
17744
27498
23747
3208
7389
21056
1703
12110
26528
14283
32580
6728
16862
24801
11126
26278
9075
22685
6689
8807
7227
5896
3221
10329
21859
9457
5280
21110
24041
32415
3795
27626
26522
27006
4013
14182
26907
2567
16462
26845
8148
16257
7791
26436
26110
16069
11557
10018
9775
24378
20228
29741
29167
3279
3446
5910
10922
31669
30227
2101
11313
12285
891
13115
27566
2816
25265
21539
11946
13060
20903
14233
32713
1927
8950
22585
4773
25600
24289
10879
19052
21739
14051
28381
31494
29870
25931
19213
25651
15607
2149
21357
6541
18890
19070
16962
2028
31508
14742
26354
20948
6875
7427
22589
4579
22282
19945
22593
24772
9132
25280
21854
24402
25682
6858
31950
5352
20305
27370
30466
15714
18119
20496
1304
4233
26608
21907
11127
2138
32463
9119
6531
5504
9615
31482
21972
3561
21079
2179
12266
16748
21435
13861
29752
3705
7154
1274
13842
10251
18448
31682
2657
11771
26426
24176
10442
18151
21745
19188
4844
29109
17179
5753
11741
5116
10785
14713
15249
20923
31629
30095
10853
26107
31619
4999
29079
10712
25251
7191
23900
1851
11572
14914
25478
8643
26811
2987
4366
32742
19585
7728
27456
24519
13201
14244
21509
31313
30056
16753
13101
13246
6206
30279
32228
28803
6717
28559
24022
29952
11120
31218
1076
4250
19940
31295
70
20643
26768
29986
23058
29951
13973
8436
4404
19587
28113
28124
19738
28974
11550
5184
3901
27212
4288
24518
15651
10543
27545
14460
13766
25385
23776
2209
24046
3234
6256
30345
15773
25452
25558
14972
28513
2519
10956
918
7400
31703
8240
11579
19766
13723
27183
3692
2933
10871
18378
30434
3140
29943
5416
19883
17704
21664
21457
23890
6224
10883
6847
24458
21552
14476
3961
31653
945
17966
21058
10733
19301
13383
533
15440
12761
5705
27766
28966
9679
27414
21472
28958
6332
22478
3334
3720
30265
7022
16781
16297
7906
23549
7646
19604
8654
10573
9353
29814
2081
20579
20116
5314
18815
16248
9743
22739
23264
20092
17447
17382
10739
15574
30172
31380
8111
31952
29105
12945
2019
18836
15725
8563
429
28066
21390
21903
7440
28268
14520
25122
24211
17499
24782
11494
4630
20412
30334
3327
11076
600
26104
7438
1672
27641
21091
29537
27980
9381
1850
7420
15602
3064
6089
17359
22259
20141
21585
14395
26948
18541
31355
29924
31859
2618
11559
17844
8270
4880
30442
22212
5710
27332
30843
10062
32297
6564
18587
7857
14233
20012
15829
31428
29759
13825
12398
21348
26951
19811
5908
3006
19563
4208
8633
12518
24767
26533
13003
27527
11883
1624
25367
16177
28455
3164
11844
16818
2232
27364
32097
32754
9372
4970
13291
4978
1803
1058
7190
31459
4847
25555
16435
18408
8097
7604
8757
14425
16695
25460
19404
15791
27302
16373
31739
24481
343
32223
2936
29607
18937
4650
16079
30670
13176
8744
18533
387
28592
15721
12562
5572
18893
4774
30212
7907
3575
21903
26683
29256
4667
19089
23756
10803
14870
227
12300
16072
8156
21828
256
19911
27543
5000
31899
17631
4984
2919
26492
8750
24061
996
7248
21668
15496
16389
6397
29159
26008
31755
26378
5677
14291
5788
14701
4578
813
17468
21347
5935
16218
26711
16043
15468
3233
24144
25746
25601
9097
3210
9715
640
8103
21893
28510
28166
9445
12288
8582
11363
10819
13287
26872
11333
8357
10546
32590
18029
19213
835
13190
20813
31252
21223
1608
21251
26411
18576
26638
6385
25454
3181
25003
26340
24157
18775
1167
3407
7937
1619
15295
2578
29207
8013
7309
5867
26036
9801
31675
26652
21411
8249
14495
15347
12364
15797
5677
460
29427
30188
22745
5728
1278
6721
27461
21861
4225
29473
14964
22772
25088
4197
30839
15545
4433
4701
3702
24129
15359
7346
666
8422
16055
30351
32711
8525
10169
21075
4778
13634
15772
10365
13005
1178
6548
16164
30074
6866
13278
19342
29452
15744
29789
12112
26467
10314
27318
26503
292
9596
26480
30643
28679
26653
19266
1830
19123
20183
22311
32618
9728
25671
347
15479
6523
2567
28719
6606
12470
21375
26667
22061
14490
31113
20118
4399
9223
245
21681
24914
26330
867
3046
887
14343
21528
3347
1932
17670
15487
25166
25507
4449
18862
23123
11565
4504
28966
6393
24658
8027
9723
24287
17179
11445
15533
23298
18878
19947
29984
7731
272
12256
9544
22886
7010
10252
2444
17228
25808
30575
19852
22588
28396
24861
12749
4449
5082
11762
24094
9572
30479
17390
7743
3147
22027
7988
16519
31685
30607
29447
29131
27850
2877
13069
15919
616
11406
19983
26486
23940
25510
12456
32416
17311
31896
10366
12527
8792
2092
1930
4538
3066
24648
4932
12350
30981
21828
20928
9204
6520
2124
13027
18354
14882
31621
12074
2967
9107
24681
3207
24380
2476
7129
27581
2207
15794
19473
6587
26195
29336
24722
18620
9635
23540
5660
5883
15028
4375
1870
27090
10950
21570
28838
11964
24843
150
29893
21960
18104
1312
28968
16094
4133
738
11289
27304
12313
17035
13333
22044
17546
24397
18006
10610
2362
7491
8173
26943
29019
17271
16722
4423
25393
17117
27672
13699
790
7861
2834
31718
22406
31936
3050
16154
760
22212
2007
15297
25151
17237
12485
26868
27227
678
19296
11417
13448
10373
16362
16573
21625
20053
11422
11228
16559
26771
3953
23242
23604
27556
30731
9652
19573
22439
12960
18721
18746
21391
2651
21395
455
11691
13045
21555
15221
26646
22233
996
24780
4150
22146
1378
3324
27017
29004
7295
20818
16323
25470
26327
10705
10752
20253
581
32202
30776
30024
25360
8360
27136
17717
30123
24475
19160
2584
31691
20549
2324
14551
5171
15705
17560
28803
6949
29757
3165
31680
13881
12028
18835
19443
3868
9506
2896
13866
2504
21627
16297
14499
31312
23399
17052
9976
19844
16045
28016
22429
29783
9179
18017
28664
23546
6696
31566
30230
32015
4806
5662
23002
24428
31737
31615
30244
3480
25655
25562
21109
25226
10026
14169
16973
18938
22081
1821
22480
14584
27226
710
22017
14079
30995
2680
24635
27278
19448
25010
17764
957
3477
6546
424
30136
8490
23900
15643
10160
27381
16780
21275
14685
3763
31489
15112
3298
458
3965
8604
11588
6875
3928
23988
25479
22208
6702
9918
11907
32161
92
1779
19954
400
8157
21942
5690
8832
14283
12459
16466
28621
1694
15726
19485
16438
15885
1118
13443
2854
19277
32747
8206
20232
31008
26439
4874
18537
25707
3326
26758
11564
2523
27000
27444
8051
27678
26484
5344
25006
30747
2031
1450
23458
983
18278
10178
26094
6064
31593
5889
25508
5856
3790
25321
1756
6929
4009
15317
21292
28148
27791
7118
7657
9787
12562
26359
22619
26482
17801
25343
11953
3869
7960
6522
6077
7264
7183
718
2551
11002
1869
18595
22257
23598
1916
28792
29784
5977
8045
5296
14877
3276
2902
27207
23309
14682
23609
16381
6599
23589
31220
31502
29841
15409
5852
4595
17564
31259
16758
7927
27831
25587
679
1050
12421
26856
3792
19808
2333
27099
15904
14693
31259
3071
7801
7193
12458
9008
5660
10912
30992
16777
29981
31407
17539
17332
20738
20483
18616
13230
3037
10275
29801
20446
2459
25390
21071
31505
16608
8398
13813
31901
4259
28219
21758
26432
11394
11119
26547
22769
32020
3813
25993
20416
31410
19322
16717
27060
12159
18211
8816
8488
30891
29448
18792
28065
5077
3241
27543
8666
29942
32344
18755
23365
27574
14173
26905
19781
7089
23570
12138
2048
10645
19565
7200
15578
1344
6278
16972
9527
1478
19956
21316
27396
18951
29052
27897
2214
25820
3782
7174
28522
8757
12036
16338
9275
24920
15500
6551
9688
12488
14089
24922
27940
7265
25121
1436
1099
30541
522
28661
21407
5870
24939
14087
29095
12468
31523
24563
14914
2121
18925
14179
4144
27578
13330
21386
5410
32458
21375
9911
11767
22781
14957
8959
12714
24804
31113
30823
31544
7051
31873
1524
27877
31235
8608
12082
20981
26307
30843
2148
22472
805
11453
24843
14868
21482
22552
12306
13837
26351
844
26831
165
11387
32551
10950
26916
5436
9513
21380
16373
12263
3081
11921
46
25171
18279
2646
4874
18521
4411
32548
30887
21648
19306
7407
18860
7153
29514
16030
12439
32566
25204
6983
2184
6802
11013
10472
9994
26416
11720
13251
3035
10676
22890
27739
28384
8600
5044
16389
15300
26996
15751
5471
6644
9811
24356
25791
20120
28017
21684
28538
28274
2774
32506
31659
17501
27314
14493
22862
14259
29932
29759
14922
25054
9949
20184
24761
24295
8980
24124
13950
30965
28486
8774
22872
17778
16028
996
19232
21107
27661
5306
3931
27965
29277
1494
21365
22345
12419
14304
31657
22263
20643
30323
15754
17575
3320
19740
16929
15564
21965
11537
20242
10056
28198
4633
32156
12170
17290
8522
6676
5894
31660
13385
11760
27550
22229
1473
18741
8805
31551
8160
20311
24971
5367
19374
9152
16671
30152
12105
29179
16665
2187
30927
25475
22522
11599
18598
19215
850
4360
19117
9701
20081
25287
22682
6002
11779
3764
15060
32273
8130
28649
26436
13776
1453
29927
6342
5087
30507
10683
19142
52
23981
26962
17428
13326
10638
26203
11297
16480
25690
31253
21837
31001
26034
6036
8868
18196
12268
2305
32631
23932
24626
9361
28097
7986
30128
4463
29805
3854
16906
5562
27100
14902
27387
19230
10775
12120
4405
7915
987
22253
26687
30417
11814
12519
29489
6656
1507
4358
22265
1858
26861
12305
3268
11449
20041
25594
2232
16321
4902
19884
9209
21439
5238
23227
3449
23186
29321
15378
2392
25367
2958
1001
21461
21683
29845
18843
6748
12945
18470
2612
18425
1027
12994
6122
16023
26925
2238
18940
25609
13610
27280
4645
25299
16690
3186
28424
25519
17612
15899
17064
7530
32111
26959
27590
23049
29774
29393
4826
8932
2406
10963
28384
24827
19951
29054
11658
22989
26498
21134
30465
8192
22822
10521
11075
11138
22560
20826
15508
17003
9898
16746
2184
15392
30509
20042
27862
23442
19461
28173
14622
5775
4493
14849
18893
14356
4855
19189
8457
20900
15251
17973
10571
10159
27926
8862
4490
28064
16424
17075
20121
3230
27091
16280
28588
13153
4942
3729
4461
29669
1802
26594
496
8408
7822
1975
3288
331
23507
29778
30865
32614
26583
20383
4547
28561
11808
2602
23871
9476
22449
21098
13014
11756
10408
16989
17579
31007
18436
5541
27410
27070
11844
10643
24640
23925
21615
23323
20250
721
29704
8383
32141
357
15904
19913
29852
10787
14954
29555
30291
4065
5403
30382
16856
9799
19209
21222
21393
31789
29682
32729
703
32414
12880
11924
27973
22312
7460
23923
5080
10069
8028
16791
11802
8746
10799
18765
28299
19583
230
26034
1762
24499
27971
20108
23095
20504
23298
914
8447
10821
9612
7701
18483
15948
30380
23278
17479
7882
25527
3897
7725
24254
28022
17733
5057
30666
7900
32027
3999
5373
21148
9253
12816
17230
27183
4641
9051
8110
3938
17960
23556
17627
8590
19266
31402
11131
29062
29223
29291
25130
11577
24326
25729
30046
8454
28509
30261
25781
24091
25609
4379
5101
4647
18908
16656
10699
23948
11591
286
13067
27182
31979
5042
18485
27910
19204
17579
1369
2332
12835
17910
4323
17011
26303
29369
1323
29721
2969
22470
7715
357
3149
13558
7912
9822
26135
5821
10596
10890
24002
12838
330
15088
4814
29980
3051
26800
14569
11488
22712
13737
27316
2183
22886
12439
28958
17056
985
24970
3728
9217
8914
4343
20953
13021
22989
1493
11834
24402
16655
26901
22175
3624
16487
21837
25383
11711
808
19028
19636
10681
12998
15773
11098
12085
20141
31926
13788
29531
3828
6376
28667
16948
21168
11351
21736
18888
32737
17306
23889
14857
809
1291
17288
19593
28343
10425
16779
11849
11281
2175
5308
26130
28170
27871
11157
2376
26922
32620
13668
30793
30351
15418
22758
8634
20116
3195
20056
15174
25991
13088
22093
2430
30046
17596
26442
12245
32567
13732
21301
4274
18537
4814
16005
20452
20530
21273
28949
20624
16787
25842
5996
14711
15851
31727
31209
26046
3776
1044
4485
7996
24047
13238
10957
23018
8414
23118
21983
22410
27354
27863
17290
15093
10465
31897
14422
23717
13836
19807
14213
12010
19819
6745
14542
10845
16281
14368
13351
9263
14372
31860
18572
30094
11941
4979
30143
27132
28066
32383
12036
7258
9830
20275
1282
17314
20759
8164
25205
30060
29881
10095
27500
32007
4928
24424
18735
362
25491
27392
8873
9725
16074
25870
23097
4960
5353
11476
14715
31081
30721
9025
1617
7447
15184
16403
23274
28409
11400
13976
17609
19956
27471
8739
8584
14554
25579
2233
4161
26239
8972
3596
24022
31442
24696
22702
1673
32145
7711
18364
8350
30754
27531
11461
31406
24930
26931
31703
7357
16985
22457
22960
24998
18227
29971
13791
26290
24650
20393
2815
17359
23473
29998
5429
4747
14689
12445
9942
29818
28321
25525
27537
31745
13052
22773
6129
13296
31602
18201
12602
14923
2967
1886
20655
14212
30778
5470
27512
6270
10908
14769
5104
20301
3171
2127
10448
28995
25192
20023
8570
20827
10759
31689
1038
31630
19403
19603
23472
21243
7643
2308
12218
14646
24114
11784
25975
26577
30292
10889
31744
12534
14670
3415
2760
13753
11059
28541
7404
2375
21322
31348
27374
25098
6383
26185
1157
11631
12589
10612
10374
25456
17026
31753
11397
29113
19219
13963
14877
13764
3453
30043
18777
22255
10082
12713
9791
20533
30387
5286
1939
11959
12428
10365
14609
21099
16378
30542
17917
29951
16396
30229
23570
17892
8242
25979
9862
7962
13967
11751
20466
21865
30714
28807
25421
29514
25437
8319
26219
29370
28178
24169
27176
3445
23649
17996
13703
9072
24527
8181
1765
10330
4469
20783
14754
12067
22124
9560
1679
20642
30847
12352
21189
4110
25704
25396
21650
10291
2091
17714
23500
4399
20502
13627
26390
26382
12731
23912
26196
15168
6712
6532
18240
12232
7294
9618
29669
19557
11347
26932
10747
7113
9865
19533
20453
20228
1776
10423
25758
31923
9423
19916
487
7454
22177
11366
5073
16244
15798
12924
11774
21820
24382
436
15251
20047
9637
8983
19231
20210
27151
15660
4973
23359
7058
8621
26462
29485
29762
23344
2286
17629
25229
27183
15722
2320
1515
30759
21286
32590
3427
15608
1323
28319
26706
29151
27132
27383
11140
16830
22629
6192
12188
23028
9481
6255
16825
29048
21357
5813
16199
4483
7812
24653
29928
23218
17185
9161
30116
14056
20305
13544
32036
3669
14243
32582
26607
11764
453
31012
28435
19845
19273
21018
29442
6547
25976
2825
30828
13153
17042
5856
3621
15198
18664
18502
9404
186
777
18836
19092
31910
21240
7101
17072
9001
25887
9499
22131
11288
27365
17348
32271
23719
19270
19990
27856
4353
4423
15507
25318
12467
3589
12607
24871
29673
9375
31419
17250
24607
563
24073
9347
5777
16093
27619
7417
7295
10285
28667
25661
24247
27705
4487
6076
7683
17329
18390
12113
29559
4241
31336
15746
19148
16613
31492
6195
21297
10737
19803
1393
20602
31887
15322
2950
15780
5132
598
21955
14248
9157
24257
3458
6513
32577
21315
9206
26066
29403
17872
20222
16849
13009
5621
1325
24006
1820
81
28034
8672
18994
7363
29402
6712
20112
25261
29345
23472
30657
23414
20375
10504
26231
4160
1314
25303
144
25928
32399
4133
26487
2227
4305
15194
17269
25963
951
6671
4609
31661
8692
1214
1024
31443
13794
4477
25791
29412
20788
2981
18995
8982
4926
21866
12573
348
18086
16036
12069
1467
13990
14651
2817
13734
4267
17875
29770
7206
32281
32394
18573
27643
12487
31311
9404
23077
14333
32305
13148
3792
24051
28548
9182
23009
1159
13130
14871
32465
26598
12096
24933
11894
27898
2833
23450
20803
20805
23110
1488
1326
6844
2745
18598
13334
27195
3806
10308
21865
28929
8772
24259
2915
15446
9306
21633
14057
22484
16283
28709
11467
27831
9165
15909
2428
29039
14563
27328
706
21351
21010
26221
9411
30431
14853
7225
30059
23056
32451
387
6194
31493
5379
2419
13051
4531
23637
27113
31299
23533
135
31668
7146
12761
10572
24427
29076
16810
14899
31478
30971
391
2430
24967
24351
31233
17112
23518
13031
13950
374
20336
30674
842
14706
27728
14817
23089
20633
19591
29035
18965
5103
25662
31869
11252
20342
8120
21659
24764
13138
22505
25807
3281
1300
21555
9017
25028
18897
17019
17504
11245
17187
23399
620
3841
13389
7339
31136
13332
9349
13846
23568
15757
28110
747
4304
26785
10965
7409
19142
32706
26164
27494
4379
4898
18113
3782
1823
11015
27708
2360
32714
25190
13738
21627
9965
26839
26712
17139
26518
30411
28502
28140
30169
9149
32419
21933
17090
15726
19127
11490
10465
21800
6628
14887
15216
28599
29575
27742
4456
5778
1589
21206
1714
30706
28956
21348
25484
29232
29400
17855
19765
20452
19559
3202
14454
21086
31556
8661
13354
3882
27711
21501
12945
1184
24064
14114
11012
19359
28082
1691
31850
13183
5908
27405
27097
8588
18051
9771
21184
14190
25094
14674
23623
9101
1878
12987
26413
3273
12831
17550
19458
20301
20401
29184
13806
31241
15578
31866
9709
11171
10420
18634
5879
23621
30702
27610
16361
19194
22616
5819
15163
28397
8071
11200
21063
6560
2832
10771
917
17418
17273
22198
26221
28357
1276
2746
31927
20070
7033
29703
2716
13096
16686
22353
2471
28869
736
9946
21645
26088
16543
8947
30579
5750
19758
27293
21140
16623
15507
10607
3914
13955
3352
15142
7457
5171
1241
26058
13642
30065
21266
16862
15530
31802
21045
3713
17606
25021
30317
6793
28095
21142
16113
21594
4058
3599
14463
15421
32010
20642
15877
14739
18477
3752
13796
18699
4547
5780
28504
30686
19900
20188
2289
16170
22158
3317
2698
6690
10601
11884
1182
18654
26697
31470
25275
17630
755
6210
14306
13560
22499
7708
20667
1648
22098
32093
8366
1655
1819
13058
6945
31547
13481
19220
32630
31656
16390
8600
26529
31915
4200
17985
12331
21604
31328
13367
24499
13348
4279
12681
18536
9283
13602
14616
24354
23850
25249
11336
2342
25854
877
51
22755
4204
13215
30478
12936
31047
3933
26844
6000
27697
27180
24314
3800
19988
14441
24191
29548
2537
8687
7508
8036
14482
4314
25953
1875
1809
2057
5912
18894
28210
13051
31656
9553
22474
13799
30779
5785
32530
15893
18417
16572
5396
4722
4148
3511
14968
30090
4222
27551
19152
25170
12862
27130
13481
23769
22367
8274
30144
8386
12180
21575
10614
26838
26273
23110
12815
31453
25268
32689
7069
3430
23893
4245
20022
15294
21900
11813
20289
31407
15239
7008
4845
9523
7486
318
31049
11860
10581
7283
18494
1103
19405
26263
2104
22528
15834
26619
22498
16868
13084
26261
19997
14228
14135
6
16342
23158
25278
19198
19520
9903
32196
4729
23391
31011
15908
18612
10287
15511
10317
18996
10283
15409
13666
21064
22665
2345
28057
25732
1793
4304
25140
26252
12419
24790
19130
17895
25124
25482
24551
26866
32716
10789
17752
14143
15598
12851
29384
17509
25528
10334
9312
4485
17360
19291
4136
17588
25428
27543
14502
27625
8399
25416
30783
2521
9764
29957
21605
18163
1593
29224
15319
19896
4298
19179
11037
14232
31203
9235
11277
16885
22347
7136
16325
4591
30266
25246
21117
1829
32101
24444
14288
32104
30941
1279
28415
31090
26332
8148
6672
17078
31889
12120
26691
15627
14855
6078
15738
6816
22040
13293
23822
29479
20096
2156
4200
27641
24289
22548
6858
32348
19110
25807
30656
22179
11833
30666
24219
627
28284
15175
13455
5927
17368
22990
22250
5071
22860
26607
13174
26778
5094
27870
9757
852
20026
17258
7873
20358
22904
29515
3878
15995
27252
11176
20012
25053
29905
12518
6076
7709
18303
7454
7331
245
10731
13047
25174
9553
17156
19424
32732
4182
13605
22332
17690
235
20804
13599
14174
4069
15761
3323
14414
4986
24881
1382
24811
15251
11863
1025
5721
25592
24172
24099
22860
10187
21369
30947
22782
8615
20334
29186
27798
14853
7080
21886
14537
15806
14780
18022
22794
9684
20375
25139
9588
939
24593
25215
2710
27290
4605
14552
4005
28170
8117
2275
21328
24186
3433
29641
7667
19
15556
15629
15496
13948
15617
12986
18204
27013
22691
32386
19656
14118
4025
22657
18189
23350
30719
76
7416
27003
8605
27909
21661
26215
21591
15514
27590
1534
18065
5987
31925
26621
14540
11630
2607
8007
12799
10552
28923
4555
28899
10855
19780
13210
25051
17487
28452
14959
26631
15384
528
22678
17641
26522
32053
13818
6094
8573
28311
10129
17769
14230
24535
553
9846
29991
20445
7494
15328
23482
14816
999
11208
22359
12547
17408
13540
16537
1258
28491
17367
13008
4967
3775
3003
25492
24592
8029
19618
3248
24830
2549
4636
13582
21084
14156
22331
5600
8081
28375
20358
31868
2659
25435
9857
19954
2351
667
7339
9971
14588
25689
547
16057
32048
15742
19947
11939
17572
3577
17481
1170
32531
15815
3990
6248
17373
28849
18397
13561
1244
30825
13854
6279
22200
23474
13516
6042
4310
12151
28631
22745
4055
23723
8814
12357
18312
25159
12314
29215
10096
9320
28200
30930
14671
18233
29269
10187
9186
10568
18542
16224
5088
4846
24081
4863
31085
26254
17010
1389
18123
30254
20793
16478
17055
32614
8337
31016
9653
28062
25020
27149
12255
18384
6720
16394
12243
16799
12734
28636
31670
13781
24668
24069
30234
20957
12166
2498
8284
12286
16681
11266
30445
23171
21504
32219
5034
4612
5763
13223
18330
16302
19179
19591
26673
30934
23517
8555
30150
19351
7570
6826
22862
20189
15682
2188
29251
20318
2647
17548
28909
27889
29562
1878
9481
11424
11156
2444
15086
23466
21317
32322
15169
14107
25551
3946
20419
10580
29717
7374
28487
3344
25121
14669
23449
14690
28957
6516
3125
3878
19674
15216
4598
26749
20761
123
2232
26214
20496
1225
10907
30864
23284
260
29523
26611
19016
18560
18425
4059
19888
3032
15699
25301
3915
28136
26394
1760
23273
16968
7320
13830
15542
21367
21112
13952
25905
14895
24586
22688
20319
25870
6128
12210
25367
17636
5571
2359
442
10576
2769
31
16629
31152
22222
5423
25725
4442
5466
11187
13931
6173
4679
5358
4986
29599
23648
3452
30880
25375
24356
22449
18745
30621
23663
5993
7983
5123
26418
15336
28189
6083
1739
10
72
3939
29004
14406
5792
15943
19595
1246
2136
5173
22277
6342
7067
12047
13301
10478
31670
31970
21429
30132
11990
23582
8414
20504
28731
17791
30347
1949
29754
30604
25223
30052
23354
12140
25142
25085
16019
8232
22581
17032
19568
2545
2540
4121
6750
2899
15295
28027
2014
23827
22522
27351
2339
13358
16669
24768
12768
9279
19246
15167
12186
26190
883
12266
28533
31722
8928
24791
28682
30363
2536
26822
27814
23726
732
32675
14967
7683
10409
26429
9595
3193
10351
32296
19846
19953
19077
20926
16543
6055
2788
475
10227
29412
2101
18954
32552
5197
21583
21154
8631
18338
25926
9781
10416
1481
1537
8559
17931
20250
2670
8409
5351
5751
7842
30902
3163
24139
18725
10901
15802
24556
26736
9494
8153
9018
32656
18074
9009
25470
10660
228
23847
15120
31713
4200
17895
22975
29746
1789
8885
20993
28666
26472
15948
16171
10595
12893
4053
29808
27064
15555
22361
30067
26611
12360
31469
17313
28302
16507
18551
18576
12359
3008
2208
6178
31754
19284
11304
25415
13230
21204
30125
13288
12985
23852
14031
12553
11272
25290
28107
8241
26867
6705
28460
19335
3553
21140
32007
6124
12297
10311
23173
7346
29026
6702
29391
27055
3136
22604
8986
3319
2380
12329
11055
12369
31962
3818
31956
18237
23739
25362
27233
9636
30470
12569
27196
26146
11723
5012
637
29497
27332
19545
18822
15254
16099
27326
1607
9292
6132
13501
19870
9796
27435
2066
5915
7917
9031
22545
15846
23934
99
31052
3007
2740
21666
142
22920
5443
27404
30801
21135
23076
9430
32136
27061
7640
26609
3085
6297
1530
24357
15111
28255
14915
14476
837
13485
21612
2389
23557
14310
6227
15787
22912
9180
4175
28604
20665
15089
25462
6473
10108
15441
9918
13791
24880
21700
26226
24995
18890
15719
13699
19840
31317
28698
13176
28320
17852
26194
24077
27840
20321
30780
1485
17409
25041
32723
22408
18912
11795
10776
2096
21392
16232
3149
20517
28994
17623
5619
19743
7762
15077
10355
14151
4117
7310
5468
16808
28152
29026
19180
24423
3954
18018
19569
26388
5970
30103
16612
20329
21573
20090
14557
29645
31779
20963
17402
16313
32162
1411
27376
19482
28024
1553
31048
10612
3286
24464
25470
20519
32056
32483
29146
17897
12478
1516
399
6765
11742
25490
26964
8364
15836
21854
25132
21698
27303
83
21951
2090
29068
4374
22465
29598
1313
26056
2875
12959
11630
32356
19632
9334
23337
23507
29573
7406
1727
22542
10124
15262
29498
24129
26495
3502
20296
23199
18084
5818
19093
12012
29975
12896
24013
13939
6038
8549
28190
3293
17924
10944
16345
22288
3660
22675
16520
16273
8313
12505
13325
6347
9778
9489
16780
16075
31118
17306
23300
5362
10813
498
26756
11949
10370
1450
22572
16238
12017
5253
27716
26039
26201
21971
4835
696
18609
21406
21080
22914
324
3238
11746
1532
5551
10203
14293
32491
13497
24115
19026
4187
24323
19569
22817
31667
32360
21573
22513
8201
32729
11339
13624
17144
17591
21111
25943
32533
30103
23924
18090
11787
8545
11036
13742
28103
23475
10116
15526
491
23380
22461
26125
18996
2502
8612
9203
10272
4980
6703
27347
29633
828
6699
8984
14887
18285
30728
20187
29916
31820
14913
18499
22035
18429
7540
31325
20087
27488
2257
17141
9901
32343
20958
24983
18457
15827
22805
8119
31458
17646
15083
24208
24805
8203
31602
5544
11932
2023
25585
30617
3933
14522
9905
29938
16195
11591
22010
8653
31208
2215
27811
10080
21504
7038
25430
13298
29209
14515
19321
18296
237
13086
21649
24064
23537
20371
1080
1764
32412
17800
17733
2802
30128
18078
4936
24308
16811
17903
20047
7841
29591
21787
6990
25359
8524
27907
24163
20941
26189
18800
7669
2577
2863
18111
22097
9706
2068
1939
17994
29868
22616
21050
9421
22426
510
22945
10273
6921
769
8932
2602
18531
19545
11407
28829
16852
19829
31800
16270
8315
1141
5004
3824
12599
20656
32275
3678
11152
14186
30597
3279
1836
31100
2060
19807
16297
29364
14322
14847
11536
19548
16004
6988
12018
8695
5977
29052
26925
11282
9239
4843
7710
24431
15805
3509
22984
10153
31426
27385
13161
25715
17969
6316
12155
1745
13513
24335
2115
26807
14982
13859
23634
28250
17657
21686
31155
16559
20542
1108
9881
4802
22627
26483
5053
27086
3914
25651
26688
31225
8502
8986
20910
4438
29037
18392
1179
12754
11475
9434
27748
31573
5920
31913
28321
9634
20446
31316
2394
5164
29683
20706
28562
11395
13432
22757
2180
30703
8368
26587
408
24231
16823
25496
26814
12099
26756
32676
304
24983
28888
17759
31629
5559
3958
32494
18434
28766
3917
26492
5023
16174
24024
20257
12778
32686
7117
15169
14547
14667
20053
1606
29781
5295
27582
20969
3422
1500
10127
17777
19180
23451
13804
31586
26346
16691
14147
3237
14910
5099
24701
3711
17229
11647
7356
4025
6169
32156
14877
28166
29980
30752
14227
21056
18304
13684
31886
31447
5728
32685
649
18427
5401
13636
21302
15384
18793
27022
5337
8096
18214
15678
15213
29523
29840
19735
17242
2486
24396
32345
28661
21120
12625
14653
14951
18675
14106
19052
31629
9155
18198
1044
25203
18319
4926
9413
27753
16859
23179
3359
31886
19682
26519
7465
22351
22144
18370
9932
2501
29026
25290
28266
27360
4695
18387
21499
15633
30445
8678
1527
16853
7043
8184
21331
31715
32175
8391
16013
20171
5414
24966
30105
4347
16860
23294
31379
17792
24907
29260
201
2712
19138
21749
28540
7707
10402
9015
13781
18241
31923
20773
24748
28313
15732
19489
4364
9760
24512
18066
10677
18289
18177
30866
6837
4746
29215
28324
7998
13919
16784
22992
14004
23939
2212
2502
12459
2157
18005
30551
32679
12391
31986
16323
5945
12464
22585
28246
19392
30673
2596
17956
5273
12781
20660
31062
32595
10744
29232
3830
28421
31866
17373
13569
19373
6699
4374
2579
10686
13879
4178
17388
6887
16816
21867
16688
26180
2064
23076
19814
16857
4174
10352
13542
25500
10149
25042
14471
30486
32356
13865
28449
28150
32426
12685
19840
26509
23859
30579
17302
9691
10705
7782
13500
7680
7964
30344
4007
17052
26221
26801
9952
15167
19469
19670
1759
14311
22289
30033
24809
342
22767
19450
13109
10238
7587
24590
23526
11386
16049
25464
25093
22456
11453
22709
6927
27897
32237
12095
13959
16228
2514
5171
12645
10012
4185
23346
3895
26593
19052
17545
1608
17695
21554
10398
6733
21190
27423
20101
19535
17740
24588
23703
20436
10021
31392
31637
6735
1295
30119
27770
25945
760
32688
2207
4850
6494
32733
4944
2379
21842
600
19867
32081
14511
11718
18775
8197
13099
15227
2859
16741
10137
9230
31058
11133
31111
22123
611
8786
16210
3944
1836
22858
21122
4124
15689
9941
28842
12027
8069
28001
511
24414
7309
7279
26745
24859
24226
27912
14629
9262
12
1399
3071
1347
26883
2370
11526
4949
11535
11557
16871
9410
14781
32552
14264
8460
2894
26367
32380
17399
5368
8520
5288
20918
20867
22476
19239
11937
6291
5387
8318
29654
9713
2071
11793
27503
16362
12484
32043
8245
28259
8289
17386
25397
28128
31683
31590
17978
12549
18905
5402
1801
17215
27223
31655
2768
28440
22217
30169
9873
27843
5705
20625
29779
25006
16209
3846
20804
7092
13262
28899
18539
31587
26547
17078
4136
25216
6973
32354
10825
31654
32612
23141
25777
22924
24195
27236
27205
20823
15176
8273
21754
23306
4877
14851
12358
14962
11962
22216
11205
16748
10094
10559
11260
9523
13073
29098
27343
24674
18231
23150
3589
15782
19999
7860
7214
2118
1464
26384
30455
29906
9153
22386
3060
30775
22389
14574
28503
19394
6481
20669
21474
28915
11734
23458
12578
3866
23810
15794
3761
19666
25172
9115
10993
21079
3275
3231
31607
18824
3783
19680
7470
27136
29117
17507
2518
19366
14650
17332
5487
10414
7694
17846
958
15498
23723
2819
30210
23020
6142
14051
1616
13740
12654
14857
7844
25147
3439
22124
12089
20828
27028
24866
19585
28301
16778
11065
28414
6842
26987
22122
6302
1725
25224
5278
29263
20940
29544
12250
11841
26858
5520
21555
32713
32180
11240
3346
17555
12969
1181
25081
24606
30665
16923
24734
11099
26219
3371
2391
1184
2803
16528
23066
27699
2211
1288
9870
17013
27061
23018
7861
3776
25362
17419
15657
3343
15064
13263
31267
21820
12489
3229
16552
16913
23274
5363
21498
8156
27209
25265
17290
31593
