29356
21572
7132
5350
20201
21906
30461
30187
20366
5478
5146
25587
29739
2881
1513
4962
31885
13223
16402
23554
25482
10572
31862
4010
26728
18596
11886
18926
12356
18537
23721
4944
31319
26860
27814
29592
31117
2731
18537
11778
28442
12578
27894
10593
22745
6820
5722
30528
15313
15738
21311
7569
25289
31416
10486
13699
6636
10732
16800
25881
9396
23003
17515
7953
7132
31087
2012
10831
26390
12073
22326
17883
7520
22744
18099
7875
12023
13344
3919
22562
27121
3415
22147
3418
3664
14309
18344
9797
7391
13557
22927
10384
23492
14554
29144
4599
4787
1156
12189
367
25797
24372
654
826
7209
3608
26889
15241
5525
12316
8130
14330
5228
13727
5213
15913
28733
20916
15859
3670
13230
867
13344
17928
4360
21677
25473
22533
28334
6389
10226
4597
29493
32713
14949
4527
15258
22202
16608
30601
962
17779
3984
7693
19399
7493
27718
21185
14507
5138
27337
1650
18940
32371
12586
18932
11730
4681
16853
15423
24073
24144
8371
7827
15755
7764
13811
27936
32603
17956
28802
31998
16391
1056
4476
27575
27387
10521
10575
30273
6179
15104
5300
15639
24775
7504
5001
2617
17875
14516
30085
17822
11826
30783
23958
2215
4846
17989
7370
1564
26156
6092
13606
28283
873
8334
23119
27260
1787
15801
20771
20426
5543
13589
12926
2781
13021
3874
12406
22108
13410
24326
15086
24458
3076
30559
17046
22437
7913
21852
26861
2620
6158
12810
30119
3410
11809
2782
14269
23791
26180
22390
25229
25194
4567
24746
6951
22348
24638
7139
30249
10860
1941
15081
7695
8678
15035
1635
23106
18630
13382
21606
24416
7400
20042
32132
17047
16335
21337
5657
9585
15203
1012
16617
31110
15901
24102
24247
1574
2650
19458
31758
14205
10210
26873
14738
31233
12364
8788
2994
25543
26267
26174
14125
9082
5388
16052
25280
21926
16288
20075
2289
6315
9347
32606
11891
23261
20703
28481
22737
14168
11714
30481
9425
2242
18472
13740
1283
30647
3345
24187
21678
32619
12617
16988
11099
12879
21240
12975
24824
28374
16043
20534
7636
3423
3901
16748
9272
22498
9728
8238
31350
29732
7935
4417
18294
10973
13928
17201
10578
24187
32385
11148
21655
4586
20413
23179
13069
31002
25600
15362
22823
18904
25316
32093
18622
32011
25705
19533
29052
28562
3505
9621
2684
7651
21275
32482
25120
12273
32264
26915
28669
29996
29313
1749
4723
18033
11088
21887
29878
6702
1004
29083
10500
19797
32231
12737
21293
27843
31389
18038
4861
27393
8449
23580
24482
12978
13326
124
5251
21662
16994
23540
5560
22163
29057
29778
16262
28140
28824
20975
19697
10120
30983
11127
2457
12346
4854
32071
11103
7426
15135
10231
19954
30748
15450
27783
16456
26936
14793
10514
32201
18964
19745
25383
23978
337
20353
29044
24635
7540
9676
23707
30982
5587
27371
12223
21368
10412
23977
23787
22344
27262
28110
30173
691
378
15584
5285
19513
3461
13240
25339
1575
9692
15930
10139
25201
13084
15359
30758
27922
10591
10693
14134
6772
19593
17802
18755
6671
12230
13647
23017
14449
11148
29794
21923
5343
8903
10642
7823
20467
567
27213
10631
2448
30979
22099
28748
15753
3839
104
8835
29612
26846
25126
19608
7332
32238
23614
22685
7619
25191
15705
12196
3137
9961
20642
8294
8316
9309
2933
8739
4429
29482
7052
7536
21992
6164
31132
31371
18270
19220
9287
26384
29877
15611
999
3010
15215
14996
4510
32517
11699
5125
19274
28703
1342
24131
22693
11632
3919
9587
7404
6010
29164
18287
13369
14657
275
7662
31340
31986
22876
7312
18237
23926
25597
5549
10844
16879
30634
824
3667
9539
21445
7281
56
21947
6956
2135
22398
31516
1180
22360
658
4769
30411
25254
3533
1837
12015
25119
8253
7542
31565
8888
7565
9927
6705
3918
24749
31584
5699
21181
30760
30111
16017
5471
6474
11442
27909
20566
2491
24383
17810
4696
25915
21369
19508
9838
14126
195
14865
19294
24916
7798
30659
31788
9012
7924
10384
22074
6398
1949
15196
414
3518
12723
8675
3992
1506
7465
19148
4520
6200
1130
22893
31611
8719
15870
7135
14137
2396
22344
1857
103
21439
20892
16164
2199
19726
9571
954
9990
10926
27255
17603
20248
12176
2679
15699
23123
9733
17799
32191
10508
1724
1470
14952
25115
2532
8619
27213
26663
32494
4595
18500
12473
11441
13445
6055
9674
988
5018
3786
17254
24874
27911
8795
15136
10962
21343
23923
29463
27765
2940
7596
24828
3994
22313
19648
27705
27031
12731
409
27229
31076
8221
27729
23669
9825
32204
1651
20480
8530
11396
24885
16354
2546
3245
11996
23671
21553
9731
11552
4251
15531
18986
27481
13897
6355
14410
21277
16947
11710
3872
30422
15876
5325
1246
17533
7505
1300
31742
19465
21220
6659
17753
23740
31389
19167
29497
8653
24085
11457
10265
22287
15764
22834
24341
30068
32670
24710
9436
19327
8709
32203
19035
25414
10900
27530
28023
10684
32615
17893
8205
30165
21720
24498
26131
6660
32303
5658
4866
15126
12507
2944
10385
22302
7633
26137
31990
22473
7300
20023
24771
3194
19749
21291
29263
23878
21194
17590
9863
16905
15104
8582
17600
29526
213
11025
10420
8289
12899
10228
27689
5006
5283
3954
4072
18359
25095
19056
20624
19206
23808
2740
20621
25544
4413
19886
7561
31917
9915
16034
13289
22863
24264
21916
19638
13373
19491
14035
9454
7916
20060
1278
15624
975
7098
123
12495
2950
12459
20652
32670
28040
24241
28973
25498
17218
3998
12404
10449
8328
14694
7967
30413
6440
6963
22977
9640
18664
17053
1150
368
16672
30189
28275
23878
9818
11464
31639
17276
25646
943
1962
19966
27477
30522
924
29026
10790
21252
23459
10822
3436
25997
31043
18242
5415
27607
18928
6
15304
29258
246
21781
27332
8677
30272
13420
30255
27721
870
23150
13950
14596
10310
5795
16501
30284
10648
675
16386
13159
12394
6481
14434
18733
31806
13761
2953
11768
9878
8599
2829
14168
13662
31177
20322
26977
13951
5276
29078
7580
9894
9505
7384
4997
17363
23712
8332
5489
26567
27789
13828
22266
17120
10902
5838
9497
4241
9633
21693
12701
28799
1975
12685
7862
13395
13727
583
11590
28799
24701
10035
31413
14308
30645
6502
28090
4878
11148
13276
10610
21743
15833
30954
22922
7997
19335
26569
31863
6118
6370
5063
13011
11429
18311
24056
552
32399
14997
20655
26771
4406
15610
29658
1176
28570
31372
30044
8050
9032
16864
12234
26451
6346
14237
9041
3462
10925
11900
3319
22923
9179
10685
5895
18370
11580
2005
16046
10361
4366
17836
10415
30135
17466
6440
15788
28933
19219
9967
2882
27818
13390
7000
22142
31275
4480
6383
14278
26087
8034
1511
12378
31649
6108
27521
8384
24860
23182
28267
22817
8900
32574
26238
20510
557
4010
21634
19479
5200
3207
27319
31756
21068
7062
16230
21340
5501
22309
808
14766
16927
22071
3415
14817
30761
17414
21466
30307
20262
8906
12843
20899
5401
30553
23286
14832
29681
3340
28091
8864
516
32586
5001
26521
20891
22029
27916
18927
2592
19670
28361
17052
23988
26590
14077
964
19326
17810
29538
20278
18237
24538
25975
17659
21564
30360
27651
23406
22100
5944
15720
28708
15621
15147
29354
15293
13848
10460
21100
2728
5086
5558
6872
13378
21661
11675
26807
9187
24615
18904
26906
30808
14945
22342
7647
26406
6076
23030
11179
27009
26192
21866
24976
11229
21944
21044
11134
21602
25461
17163
29031
2380
23442
30837
19426
7718
15903
22343
4146
11928
8478
32412
3408
25652
30463
25741
9030
2340
29160
12868
31175
15485
28321
9570
6311
12834
2321
10224
32574
26940
14633
4368
6774
8703
32534
11630
6311
13697
32467
15541
20463
20960
3469
23872
23048
25125
31177
9166
15669
24745
32076
30369
17348
13676
7933
4920
1251
19723
26387
2914
3305
27079
11592
23502
18321
1354
29640
9289
19652
28042
27378
17841
25716
23772
32449
22219
9214
28712
17047
22343
23792
779
14464
24071
5402
23563
5702
2403
8188
4341
29206
32486
14723
29118
30822
12511
23456
32495
32496
25061
13026
29515
330
12634
20551
1909
1290
14245
15760
17517
11682
28470
24976
29400
22711
26616
28041
23908
20191
8196
20094
21220
3643
10057
26575
7078
18765
1064
10081
27266
15209
29127
24947
2086
13082
17579
21626
10728
4884
21030
11769
25638
26633
11080
22134
25488
8956
29571
28140
6315
15085
23691
30644
4630
31585
24849
17097
26383
18995
6724
8927
16112
27444
13188
12266
128
4583
20173
31619
14262
22670
24141
28662
14273
16391
4487
2816
19519
15427
8654
30892
27973
9590
2130
24214
15925
14317
23209
21570
3893
26486
13898
8894
17355
20652
30521
32689
10229
5587
32392
25141
803
7791
12968
11886
23074
8888
10882
22303
206
13122
14703
5179
17280
29785
1721
7934
12062
31543
26266
32029
4507
32731
5516
14603
32468
23561
169
19364
918
648
23548
4552
4452
4962
1581
7401
422
19833
20651
24193
32452
24211
22490
10154
21749
10317
21961
16386
30374
2454
21503
19202
26109
31236
23167
29697
18784
15004
29543
379
20640
5275
21980
30726
26731
19366
18006
14334
16364
31484
8088
16806
6472
17230
9245
15435
20700
18816
27107
17869
17009
7912
13753
2221
2837
585
1841
16831
14561
12135
28988
12586
14059
32141
20709
27690
8646
29165
31011
16426
30615
18408
26150
3824
9109
31108
10078
10907
10929
28080
6941
21849
25826
25175
14385
23159
29577
4920
6835
17279
23239
18231
25644
17821
19743
9225
22397
7903
31347
28234
17482
17574
14637
29426
32651
20749
15166
30019
30272
17531
26651
32701
28020
20358
17379
32367
10004
9359
22321
24856
5701
29206
31149
16592
27444
25080
24684
29048
28983
22816
28526
24575
5722
8773
20355
10338
8999
17284
1510
23640
14987
18034
11384
17530
13333
8844
17095
264
28536
30838
10673
4136
21919
19711
29476
25392
28121
5115
10685
23304
20004
27495
15937
22924
21497
11551
5458
4699
31879
24788
30794
26366
17758
28042
2203
23456
12895
10392
6143
6134
27627
1801
24177
5431
6387
31941
28751
31423
14096
31860
2098
21104
2328
1295
12823
17955
24010
406
1223
3670
29190
11428
30904
28067
10281
17543
855
30073
15379
5476
31426
13069
10196
27243
13996
27306
30157
25640
28301
6713
19123
10056
27599
18933
14850
25305
1886
27559
12789
7418
25156
12349
1510
330
8206
18427
392
20734
15660
21467
14318
20059
2093
12394
16170
18811
29848
18384
22707
11316
3681
28255
4684
23116
3176
28088
9465
15873
27653
10309
29315
5815
15603
11241
9981
16170
5186
7833
9368
12912
24156
21388
10730
21124
26846
26085
5938
6114
1560
8253
3982
10564
10230
18548
20139
15499
11259
3194
29224
6587
7066
15798
13990
18845
11649
13293
12331
19041
17649
2725
25880
22509
7952
3464
20140
13968
10930
14188
19941
4776
13062
32505
16382
9985
25918
16436
20514
21931
30094
16675
26813
26258
12109
289
11212
27983
3499
5904
1833
27349
5878
5831
19357
11991
21968
23845
32319
10535
27535
32393
4828
13290
25846
14485
10502
3329
24678
11945
1341
15160
4053
24896
22790
5676
1372
3991
12310
18405
18822
17145
12239
23080
31729
12211
12559
8958
16201
7358
13758
28956
3572
27513
14499
2404
2097
30502
12740
26891
14339
15209
10196
7256
2361
24283
22810
15865
1130
30560
15440
8654
4730
23989
8517
17087
9124
14358
8510
23343
30163
13323
29309
31423
28338
13155
31079
3691
31818
11782
24462
3492
4978
15376
29361
3956
12191
4621
9983
30658
11762
14443
20271
28971
27325
24815
3094
17030
3773
12125
9713
9048
8578
21364
30219
28023
2825
4760
23366
70
5792
27145
20227
22934
13381
10975
22288
31826
31522
31038
16421
15377
7923
14940
21215
3341
28622
10229
19507
17383
25588
32228
5411
3836
16787
4566
11894
11081
17139
32242
19959
30553
2668
15326
21642
30100
5994
6525
14023
27598
9958
19489
4403
18946
9061
851
30957
13098
10347
28058
7624
32215
16604
31924
10262
9697
23466
26365
23494
11158
14597
29300
31071
2917
20653
21926
13604
25478
25398
2761
5639
22465
17957
20617
27816
3100
26490
16391
22759
50
15286
9316
21675
29853
1509
1325
1645
13245
15984
10880
3135
31039
22046
13313
2844
31144
2043
30076
30247
7262
26668
22118
632
18311
17324
11572
26217
14462
987
10750
27818
24220
23345
19156
236
7248
20657
14007
28711
703
32635
10227
15934
15501
31454
8568
4204
22727
30379
31331
884
30934
13913
2457
16897
31249
12859
6363
16696
10852
28771
27322
21975
3275
15259
12868
19661
11771
29595
24293
4528
15283
32343
1937
18317
26757
17806
3962
9780
10870
18944
22038
17409
31591
21164
27012
30817
7949
28096
26096
211
27160
14252
24886
1628
5583
11063
7156
19296
19341
16422
28957
23549
13911
1409
20818
26410
15577
21526
6537
24427
32416
12384
4085
5487
15910
2159
23552
934
4675
25343
16390
7895
30979
6623
22829
7395
15455
24358
17217
12208
21487
30378
23459
7275
1669
18442
19832
28219
32676
4535
14550
13449
30748
29093
21063
13014
15672
3806
17591
29945
9628
11809
31698
5858
10378
18555
25356
19895
19006
13050
28142
1986
11562
5085
23321
15928
31452
1595
31689
9083
18152
31741
16936
9109
29238
25014
11709
28651
21059
19630
28817
23511
7329
4557
20365
5933
15949
18448
4822
7460
27862
21543
23330
11029
7016
9456
23691
20901
23832
19150
7544
26246
25744
18701
25645
9323
29749
7802
23425
841
11411
15471
6574
1833
5850
16276
17396
11101
27160
556
8253
29817
5232
31604
23603
15538
2142
2047
31512
17391
25340
27873
4714
32719
31217
2939
3897
25962
21839
10584
32235
16608
29255
3926
9895
31138
22109
3365
22511
6038
19023
19350
16441
32068
25289
22888
14723
27914
22234
28449
19819
28701
1773
12660
22291
1965
12512
6642
30676
1382
19948
17872
29921
5193
16530
31059
23997
9339
20425
19993
16338
10282
21779
7480
20913
18472
7175
31266
31962
197
26365
28763
28501
5416
24942
23379
11556
2397
30656
3778
28909
23153
8882
7692
32285
15670
23162
23923
27566
29519
499
29766
13098
3021
28993
8206
2602
6383
29386
20856
22897
21892
3836
5156
7147
11038
31679
3734
12569
19705
5481
2965
17289
22267
21466
1153
31873
32194
16313
29372
29737
23374
1574
10309
1466
19189
16109
14476
30135
5336
22047
27804
14720
30820
179
11553
25625
17598
1214
9832
32224
7413
15924
2891
23403
1813
6725
13125
25489
9239
24258
10971
29394
9872
19326
16011
22929
9303
27883
4424
23426
1170
7272
6904
27324
28141
5532
24011
25670
19384
2546
21724
23979
2121
32712
6090
28107
16505
32718
11088
5512
6806
1718
18784
24512
3465
15934
6648
4804
30409
10138
31534
16273
19421
24901
4162
32605
2282
17934
30398
24509
2325
20061
23921
10009
14652
29423
14885
25824
29363
10245
13892
21373
7227
28839
2473
11783
2966
10247
17316
2263
29632
6485
21563
18670
26096
12039
829
8146
16483
23113
16650
22397
28755
21144
24724
22734
23292
2787
28236
13434
5423
3359
17250
32688
15768
227
12496
8418
29225
16805
28166
29826
17078
7026
21434
20790
4761
32071
11724
23132
8094
6149
24624
26009
7789
10742
25635
24976
579
6058
27364
13487
23828
28013
7776
15031
10134
19610
14707
12702
1159
25799
413
28400
8902
7337
10346
29103
26491
27379
12609
29684
3478
16694
25869
18410
4813
27940
28827
2575
23566
23739
27569
14225
11858
8777
13272
15519
9646
16183
32605
21517
26066
13883
22397
16790
21143
2364
3848
14005
24636
18437
31345
11852
21886
30572
31941
19446
17361
23137
8875
28754
22906
23154
26758
21380
10665
688
327
4625
27902
5473
30818
1674
3217
26835
3412
3003
14389
6489
14510
32231
8244
23538
18964
9528
16949
28569
15508
18716
13199
10952
10002
31977
31485
22762
9625
16607
22629
31773
6855
19869
454
12288
9317
22592
29303
14292
31512
32134
14477
20805
17484
24775
29858
3216
59
9777
32442
31840
245
14286
23841
5536
29771
8347
15878
31066
21752
7349
21047
2145
17804
4528
11063
26241
7078
20242
12087
23463
29343
3163
17452
3227
7430
32751
11462
22198
11511
6879
9997
23103
26172
10630
155
20085
29259
28188
32730
217
30091
3912
28556
21070
15216
29043
21918
27691
19766
56
25054
32234
13725
11685
25746
10018
17406
10958
29103
25524
2389
4369
20376
3724
28063
22785
24537
13422
23176
400
3470
29867
19980
29939
2544
1883
22226
19995
18486
320
31398
11456
7056
30678
20653
6130
22285
31795
8048
10067
23213
8041
27684
28402
6352
15838
20558
14916
4131
7607
16919
6831
9367
24583
27445
13462
18494
10992
9658
9472
19479
25881
19395
25616
9668
19156
30823
16694
10152
30435
9417
18910
13083
24230
8181
6450
11471
18202
7355
24544
26301
22704
25070
3346
26628
20009
22414
19662
22164
21405
24045
4723
32588
14070
5719
2348
21804
7493
6747
25490
21576
5663
10445
27093
32492
18230
13503
7939
31289
9084
11807
18124
5731
21021
32308
29617
2641
16917
17756
22180
24129
14345
2205
23980
3841
25715
15615
14525
32367
24637
10875
11990
2449
23797
2179
11275
29589
25072
27868
30198
1670
31061
30962
12226
8710
13926
18200
32010
260
8317
11880
11791
1333
224
19035
1462
4607
914
3402
19136
3943
11213
14031
5680
24423
14177
28459
13108
8093
1145
15071
3791
17832
2805
16084
23915
14043
7922
4546
4928
14653
21169
29157
22360
9345
16839
18898
9325
29935
28992
31371
23334
17938
12320
1034
22163
24993
30924
15783
28510
2609
26558
4501
17470
16651
4366
22562
3066
19412
7115
15444
15965
3229
32168
5054
30828
32106
8134
29526
30443
4587
12016
30796
24588
2571
28812
21470
6379
32120
21382
24690
12797
28015
19688
30163
3012
19820
13000
8622
8021
7046
15679
24854
17634
15322
13379
9806
32652
6628
1439
2538
8887
21124
11497
20555
20384
26695
20839
15452
13159
18134
25361
32748
12735
1262
436
4599
9798
29750
30846
26621
14886
6013
4934
32716
3480
21520
618
30622
26268
22997
18742
24323
22089
17176
32135
16289
9664
2180
5014
14430
32622
1586
9634
15537
19762
5728
2311
14010
24395
5208
16868
2145
11206
28329
9330
1086
7014
25134
6155
23366
26962
16567
10820
20590
16885
28322
22815
20700
27785
14287
27238
25346
24895
17246
20553
19209
1135
16984
29021
17209
31395
2391
5959
19979
27543
31370
20502
30725
28490
22383
9805
18913
19484
26795
5648
4297
8952
17728
31176
17460
6800
23841
5779
16990
30477
16519
2756
5958
1319
7500
13544
27600
15000
13217
1644
7577
15998
25465
26336
16289
9332
4216
13442
29512
25457
25599
30467
10166
19763
2543
2410
8042
32169
5399
30958
28691
13527
6476
16307
15119
32548
13626
5381
26058
1221
10767
13863
24838
5328
24864
22978
4119
8660
27674
19176
29878
31691
26747
24311
14770
19802
13058
7324
13511
9648
22104
27041
30930
27155
6190
16613
30689
31324
13336
17049
12708
30610
14124
32290
1619
20365
22370
12217
4045
522
18692
5580
22945
18852
9433
19116
28913
32424
5084
6804
3735
28893
7047
15657
16230
3595
2097
3767
736
6981
25287
30135
3965
12938
25604
28312
15923
14444
24057
3629
2207
21532
10882
16
22216
11314
30327
9914
25594
13556
19926
11668
5603
21624
561
11275
29101
15854
7389
6908
27867
18557
2865
31882
32475
14066
7472
12095
23921
22060
833
15929
21573
21624
24313
4610
20706
30411
290
30137
29281
28575
11107
24971
20584
19647
10294
17701
1872
31264
1240
1545
1440
17976
7717
21240
14327
6060
7863
32241
6963
30733
5545
13085
7667
15577
4249
10326
15664
27712
17045
12399
6819
17242
8955
2175
15167
16300
32453
19636
10858
27678
11304
23045
4284
23375
17743
32761
31920
10706
25939
3581
25807
25768
10128
29646
23025
2888
28267
22580
29365
25293
9641
10112
3254
17831
28305
29126
2612
23386
15487
18858
7527
4850
30751
30243
2127
24957
14872
32
16940
31018
3179
18870
24602
4612
2274
30440
26891
29137
23646
31198
16721
7019
26040
19651
14628
18355
12109
8142
16573
1160
24729
8323
9998
18802
31019
15950
17680
9167
12209
11059
20919
22703
23695
11291
21243
11897
12635
13329
10997
25161
6019
29338
16478
32523
13429
28455
24386
10562
26408
8729
12866
26762
10993
22720
15024
14401
32712
22365
1014
22380
16150
18907
28027
16794
18327
10577
20552
26657
8247
12102
5869
18058
162
7439
12468
18600
1333
6650
8724
32225
11472
14616
18893
16487
225
10924
11068
8563
20606
15380
5838
31276
32194
30708
23078
17222
11345
11398
10599
21274
20725
14138
24033
13570
20507
10989
2976
22378
1906
10322
31743
12943
1389
16247
17538
26749
4997
17163
22212
32050
20920
7789
31891
25003
11042
20798
3509
26416
9590
6873
27919
478
1820
16354
4028
25707
26952
744
29865
25076
8332
18527
1739
20829
28098
13879
11329
23566
20956
18205
29791
5792
653
12990
2300
25608
12312
294
11747
22780
19140
29658
19380
20146
3597
25527
28068
11630
32342
31253
19812
13005
30124
5304
665
8951
15958
32379
28742
17973
20423
1063
723
21831
28291
8616
26351
6517
20528
24456
12752
6328
22216
9469
17195
8374
974
15633
5352
7724
18157
30647
15698
29231
9125
5420
17528
16769
27378
8706
12956
30925
31156
6445
16045
24420
30466
16994
27371
24676
21053
15875
4393
4199
2907
30785
30487
19897
13628
25306
9563
10287
10872
10458
5112
22572
4494
19470
9242
18562
17525
20466
508
12694
32611
25291
16387
14418
8222
11207
4195
28555
10076
9202
5535
15041
16848
30850
16076
31382
2398
25593
23815
29411
803
6507
25852
24190
2894
930
17051
3899
20057
11006
25370
16010
30608
29504
27846
10408
3016
6584
32183
2245
27236
25158
32526
25585
4397
24523
18377
1848
31450
23332
3810
26259
17051
9814
16720
27154
23342
7171
18615
16369
19238
29962
331
3741
5547
2469
6266
18446
14666
30040
2953
9616
13275
9664
13707
8654
31560
5693
5800
18268
1424
10990
25110
17200
2926
22709
19035
13740
12200
4664
28519
12635
16611
28065
12720
7134
13805
25142
4932
5495
13556
16817
3461
3738
28777
17754
26561
16002
21747
8904
19799
22787
21768
646
2924
11293
30164
12396
27962
30324
7380
1973
25000
30611
29284
24464
9411
21446
19888
29619
7973
17176
16230
8121
9507
11477
2091
11676
32260
13374
9164
3496
13850
23549
19709
15405
28786
18771
13165
8088
9826
3465
6720
5812
32594
10239
7131
9838
597
27617
30119
2027
22121
28859
27578
8339
18690
12500
8530
20359
32279
5713
32475
32005
9944
3903
1653
8878
17453
7338
28112
15641
19695
17201
28124
17847
13145
19458
28725
28326
7031
14050
5502
15966
8501
22382
26846
26273
2443
539
7165
8965
22975
4087
16889
19520
27714
2315
5489
30102
31716
6
30464
19317
16217
3079
18005
4188
15779
2634
2515
15937
27856
4670
4122
22462
32472
21035
10968
6181
12268
32566
32087
9447
1362
5604
19793
9401
6236
26920
26474
11646
14805
21621
19044
1311
13862
2160
24072
26459
10988
29769
29406
22752
27590
1594
32765
22503
1067
18770
4493
5360
13428
14880
6096
9673
30427
4648
21192
4317
9237
11664
26975
16530
6743
13426
31027
27280
10139
5892
30788
27858
20849
6005
10578
8891
12637
21888
30693
3963
22890
15373
3075
26635
18733
5516
25404
20116
22464
21213
25184
2329
27852
15834
29422
23966
23907
32133
30322
27994
26694
10956
20746
3729
7010
10770
16565
30570
29384
32245
20723
20867
11429
2595
1150
10753
6174
5717
5504
6389
836
32417
23960
26213
4558
2617
32111
12457
2409
27245
10461
25888
28222
24961
8133
6891
11684
26663
21616
9558
30420
32371
32452
5351
16253
27028
9499
24817
19912
3710
26471
1714
29455
607
4180
4407
21424
15491
19939
21625
23288
24587
23558
15502
11509
19638
22584
4692
20529
7032
10051
6869
26274
4395
17083
18069
19977
11134
507
32729
7080
4087
18973
22090
24230
29489
2989
12408
22970
9621
11882
3138
27434
6355
9285
30094
13647
23575
23600
14243
11417
21123
16850
17177
17691
6211
21078
6821
23830
9317
13065
7813
28437
17852
24433
1190
8664
9791
3211
11804
10892
21692
5024
22598
17745
28107
3645
27841
15499
24152
5158
9313
6062
12539
28021
22310
25712
24313
3849
4266
1373
17660
23885
15576
24662
6725
25268
9239
12952
26596
29338
14879
28936
23988
20294
16830
4020
29686
16034
21888
23906
5299
2978
28907
12805
12301
15795
908
10603
9945
3394
22439
15875
4608
616
11294
6807
25567
28660
28042
11352
22028
11302
11407
29936
18444
6625
18089
22389
29586
32700
24461
2531
1811
21807
15262
30242
9352
10478
20590
29934
8476
4369
32404
23986
7739
26986
16347
14340
4306
594
19965
14628
1075
1449
28431
23030
21993
11915
9958
5515
4139
1893
1891
25119
29770
7729
1356
11341
20297
19302
24905
14796
8920
10136
29325
14658
1878
13946
5775
4588
24465
13191
31790
10417
7200
30620
14510
30852
3858
24863
16025
31291
25180
30042
119
19292
15494
32552
2460
21636
16134
20354
9332
18868
13426
22755
31048
30779
2332
13317
833
31807
29887
16837
20172
19929
4523
26725
8362
24766
14415
21254
4241
5304
9560
16356
20155
8677
16310
9531
13561
20203
19889
19369
23521
16682
15402
31314
13849
8486
8414
17576
25802
29604
15043
25792
2999
16597
11247
26825
23626
8268
16229
5742
9186
14750
4817
5304
26814
14552
12431
13987
13999
6134
1549
16574
25995
29468
280
29800
519
8753
69
24016
9202
28145
11047
17123
17106
12779
29153
22725
26619
9862
16419
16890
7769
18718
13224
1120
21313
25774
5815
19813
15297
8621
9355
12134
2523
20465
12528
21135
11438
10628
25027
20291
16138
30222
4954
31608
5167
17616
29560
14171
12096
4171
17830
13918
16007
2570
4023
9211
2274
32163
12454
31707
10965
3236
24732
12033
2398
7580
13429
2516
14799
18084
23680
10128
2892
18100
21836
4650
8351
24403
2485
11646
30739
10343
16594
30906
629
3452
7385
15316
30686
3403
15164
13981
11296
31683
4318
25747
23212
1223
1226
17506
2158
32536
14746
9306
30584
13040
19195
22452
31723
14874
23368
4491
7191
23320
1380
5670
1774
14826
31148
14060
12506
29072
29900
24106
1719
10519
30772
32376
18500
25066
22546
28824
6916
15579
16935
4960
520
25803
7154
7027
11643
15471
25110
9161
21519
24630
2228
28399
24154
32686
5450
9547
31840
16733
24878
10948
27100
13544
18091
20098
7685
29253
10749
19949
29964
3115
9276
26964
30940
19550
2367
31809
20822
4385
18981
18880
23885
22749
5226
15701
25119
21685
16576
24523
23145
29374
27507
5998
27587
21527
24855
16715
24524
20227
15674
26270
20449
16123
23312
32609
15927
21424
10597
21213
32170
18659
27869
9681
6075
11890
29526
22382
23858
24291
24759
31468
24037
23157
28418
31557
31201
31971
23659
14359
1337
29479
6449
19404
18861
20004
5865
7546
18220
22885
23936
7607
31188
20870
13086
14379
2383
4808
9884
4114
20412
9102
3086
25044
16388
23542
13193
30327
27187
28480
11543
21887
4182
21547
14823
27698
18183
1789
12661
6077
21490
30992
5236
22289
511
20405
8605
24050
12570
2310
19274
7963
13438
25843
21910
12207
16548
16793
2778
31467
29823
10544
23831
21404
5044
11884
4334
5798
1693
11043
13927
4780
31064
29942
3742
21587
26363
4519
28260
27333
12754
23669
5279
19609
28029
30203
3927
2557
6315
15665
24588
26597
27796
26269
284
23840
4955
27683
8251
30043
24952
19504
21961
839
15973
4184
11084
28456
32582
5179
31176
25643
5912
22460
29078
24516
4588
19041
29738
23308
25678
4640
655
23657
1078
19875
535
21253
27106
20776
30890
20309
20542
31130
20974
11082
5002
10842
6150
18228
6992
31508
4927
6321
30249
16303
5289
9853
16728
18815
14980
20288
15965
29396
23272
22738
4142
17797
17668
6434
2281
17112
24278
21435
9976
7059
25117
18369
15528
3290
24675
24771
31748
7388
4729
20656
6979
24767
2897
541
14865
16261
2676
26846
27487
20110
2735
23497
9088
1918
32171
7248
31764
21647
480
28372
7399
26715
9584
26718
16663
22717
3089
30455
7373
17162
3303
15413
32725
22034
29874
28968
14842
26454
14643
4323
12550
28851
945
21653
25728
2132
25592
30655
16318
1639
23993
18840
12876
12234
27111
4647
17772
17944
7562
15520
22181
9725
9435
7878
28781
30376
15866
10881
24215
2768
21224
5145
25263
12411
6324
27469
5663
30780
31549
16250
5224
24341
25246
22997
14444
24448
31676
10618
8229
27559
2759
22113
24108
26505
30705
18614
8345
14090
26751
5850
5565
8788
21556
20000
950
31746
4222
4702
9850
22980
12920
8996
16913
5936
29726
7899
17107
10133
27962
20380
32111
4815
23045
23049
5942
6729
9934
31111
23037
17328
26877
31902
3678
9494
18976
2951
10649
23312
10301
15686
3876
15419
30547
13349
11126
20715
28993
2282
30474
15686
2350
6163
7549
23513
13923
8479
17988
12000
10757
10883
723
13445
27406
32151
8642
9854
17916
13366
15593
21186
17484
7797
19296
32349
4
4509
29430
16160
1945
14990
22358
25785
26731
8058
2592
21678
23652
9036
20764
2962
20703
32720
22205
6413
19066
11901
20027
20560
12650
20287
20302
19518
19454
28136
25374
14218
11608
19280
31833
28554
22644
16697
2834
14935
28056
22881
23210
26120
18180
10905
26012
22601
29078
29542
10253
16602
9769
7219
11694
27100
4711
32537
25348
27608
20037
1329
29027
19274
734
15138
1968
23991
6072
384
20288
13802
11495
10155
23889
4499
24980
22389
23169
20792
1597
18393
4643
15352
24389
2590
32128
13738
23589
16111
21086
21513
27994
20755
32174
10953
30369
16053
21758
10561
13279
20434
447
3863
13868
22716
14186
9993
25744
26175
17723
4328
24242
27503
7934
20074
23506
27188
1590
30369
20225
31687
15293
13878
21489
20790
24712
6406
67
23378
24297
27483
18940
14611
9262
28121
31136
6737
14134
31378
14421
1747
18593
24939
31087
29916
10963
17852
12231
29709
9538
14161
11702
13934
28741
22414
2665
20981
8894
25323
20874
8812
27373
22664
26014
30334
18172
28568
18893
30396
19417
10619
32310
8963
24767
4619
32150
12286
18896
9579
30456
23869
25258
1262
14454
29808
12584
20252
21756
12218
29117
19494
29419
12614
5432
16083
32242
32283
22356
3663
16241
17273
9371
30742
6041
25732
6345
17130
29098
5735
32765
32129
981
13055
12902
3164
14343
21503
12459
28934
28677
16250
9663
25376
3646
26298
23487
22545
14619
11089
23793
10927
13486
5464
22359
10407
14970
5157
6039
946
30482
3920
14207
11501
16897
8500
14914
12727
30788
19659
17837
9504
23384
18669
14711
24548
24340
27130
17906
27480
28341
5506
20591
29392
5091
18102
28616
13874
22318
9568
13005
25759
26390
3530
25048
26121
25905
16296
27668
11735
9897
24184
7239
1292
13485
7864
30111
14190
22967
27713
25210
16541
11593
10334
1925
4438
2713
12988
19498
13691
11503
3599
17042
861
1180
19707
7711
7915
32465
25950
9378
656
25707
19148
5416
29093
28630
22523
15752
23175
22027
2694
53
9222
19689
16494
22985
9547
29739
4125
13975
11222
28416
18331
15161
27986
30403
3578
17916
23333
7219
6524
16608
19715
10443
18912
15985
17427
8004
5749
29207
30315
17551
3265
9922
29824
32450
21366
17261
10690
14654
15488
16747
11070
3019
738
21357
9559
4569
8618
31262
20341
10928
16424
32595
18395
5452
18164
3863
11792
17076
15800
10488
35
28002
14514
7750
27385
11164
30719
2755
11212
29542
25865
25683
21531
5246
23719
18894
2707
30090
20591
11228
27437
9146
15565
5330
2134
27402
7979
3460
4246
23253
5353
31411
20046
27014
8721
21172
6973
30330
30860
19146
18441
26042
14391
29769
19863
8718
8462
14546
468
15702
26260
6879
24525
9329
4501
1497
307
3736
27996
24908
13791
17489
8424
15952
32692
30563
5249
29304
9147
4065
11833
13459
2859
8429
15755
16372
18911
3753
27473
30326
19968
8851
8318
11073
16315
10364
20118
17282
3273
24301
10225
18815
1015
12779
32758
15060
17610
31185
20963
28913
27260
31463
16176
11267
9597
25910
28809
25649
13223
839
17982
21170
20376
543
2980
9653
28487
30772
22046
6355
12531
4792
21318
31109
16323
20051
27627
20329
12122
25528
2159
11815
1205
16752
17160
31336
16397
28743
8326
3669
26058
13501
6962
18765
3796
3363
29369
18874
11913
27540
1473
19918
15136
29586
15693
32202
4873
1146
32482
28725
10642
22907
30873
18673
27310
24669
30002
32504
21100
1782
5510
9346
5079
18960
18969
2823
21941
11816
1821
20667
24893
27218
16723
22074
19100
4952
32316
12627
20714
25745
19587
16015
20432
1234
16754
1719
5277
2076
18423
10325
14409
16396
27153
19247
14608
15634
28651
26864
14148
16000
16383
16178
15253
19800
5312
5513
14722
7033
6166
26989
5438
11167
12776
30333
6739
978
4764
27549
4639
19140
5295
32702
21643
9558
27398
15920
24922
18362
22293
11489
22698
1442
8775
11189
2909
23255
28481
20305
24565
26442
10868
12220
20511
16406
25923
29002
7015
10624
5870
12937
19943
19018
26705
2065
1606
23337
20337
32363
18547
1483
106
29004
10165
27104
12270
25644
5540
3137
32689
25257
2278
1195
11792
4144
14596
12194
5363
27708
2716
11927
24105
24811
11113
14175
18161
1349
8630
13045
10609
17204
24108
5087
14950
14520
922
12946
20517
19718
15352
26371
29451
20270
3264
2448
11934
19380
23588
7257
11618
13938
29667
1052
9651
6278
19440
9555
3960
16150
23010
14385
25679
18072
5728
5116
30438
26552
25729
23626
13791
9436
15936
14135
18943
8711
17142
27324
11834
14024
6515
24791
18231
631
29224
28792
4437
22233
2299
18473
28028
7932
15861
27158
2199
3159
17705
4805
30571
27984
7256
7751
23952
32151
4358
12613
10531
13735
7038
8832
30932
14214
31356
7186
8333
8811
4302
25178
21263
14674
24549
2851
24204
10195
8882
5606
29457
29122
22818
26682
471
7094
10101
12559
6963
24761
7979
5769
8838
15844
16398
384
5271
29655
15173
6732
21838
11745
13096
5283
7391
2186
3278
919
3845
25088
31308
26971
8035
30029
18172
13574
29287
22063
8031
26703
10811
30553
9134
7522
26267
356
18607
16250
25082
17882
18891
32092
17020
2750
8267
12375
27384
3804
2596
17937
12294
22793
25041
20986
22273
31039
24061
12691
2447
20105
3464
497
21701
14519
30559
2802
19016
3616
23998
11186
21249
15029
6277
3765
19327
21175
26203
12023
299
15616
6216
12671
16099
22713
28264
7145
13729
14345
18830
20181
24548
695
27732
6894
5268
26805
28989
12379
300
21936
26024
3186
17845
11279
8686
5916
12777
24814
11712
17836
6724
2327
28876
3590
30362
17068
5927
18350
2280
24521
5294
4851
12224
23140
15147
17277
6540
32373
31518
16088
5730
29223
25340
24672
24025
15947
9036
11465
25649
10647
840
29979
30402
13183
15755
6090
10543
19735
21380
4703
29270
3467
14788
19904
32316
1522
8318
23264
31480
19333
2691
7581
12269
28108
29323
13243
18957
28181
20262
24643
16412
21532
15607
22698
24337
27121
11214
9962
28744
11238
439
8173
26629
1092
26589
26315
18023
14241
9774
28853
22403
5817
7639
31594
23405
31457
29836
31596
699
2195
5452
23652
312
27500
23064
11763
27994
28422
23213
17626
30711
9068
21069
29141
24608
7070
3081
3562
14216
1813
28744
17503
13038
5085
11684
10729
26921
12755
18449
10688
30269
14096
10218
12981
14795
540
16582
9017
8474
4382
12956
16055
4424
19622
25924
20411
19479
26360
14514
19601
5530
1599
591
4362
22394
9393
13416
29352
7360
17679
31474
30588
28616
17758
32065
802
16754
20774
2414
32511
9542
1537
4337
32192
2227
10877
26705
1107
15175
12065
20961
22519
15277
24443
21292
8494
14220
17235
361
29454
2499
12223
2587
21922
7832
14711
29275
25430
22681
31749
9192
14848
5064
19113
27131
19724
22155
1067
16357
15075
23158
19768
9995
8202
32267
23850
13527
28762
17726
21487
6284
11462
4778
2451
31
19252
21546
2080
20844
18205
20960
7395
8862
23438
24412
19556
23864
9020
10943
5231
9054
7524
16723
12585
6094
23460
7712
7086
28890
15644
4751
20137
18842
11377
16771
16458
10506
7559
5744
20045
24487
14390
20000
25186
25704
15906
10863
22488
3478
7746
12020
18845
14291
18219
12487
19801
6208
12120
26758
31230
3423
3349
4769
904
11561
16652
13705
11985
16247
27949
13627
7182
14295
24485
14907
2798
28264
31765
7604
25086
13258
9786
15830
15068
29707
14821
540
32037
32759
27533
27922
13997
25802
20183
6621
225
5844
20151
23995
27205
2413
3277
23593
10752
29426
27777
29723
26221
10149
9910
25875
21984
30678
23241
3183
5757
24933
16214
28712
31001
25898
28123
26778
10723
24237
15072
20714
18876
19897
15155
21261
108
2292
27333
20224
28979
3689
20455
9882
7512
5932
10674
28747
29248
29436
32465
10814
18916
30927
20337
21635
21273
16231
5357
25701
26853
16040
30908
14032
16799
2204
23833
31728
8443
6549
4549
20716
30037
19408
8831
10581
218
8631
1502
17870
31360
31117
455
4278
24830
16756
10067
2749
7272
9534
2656
22318
15249
31080
1346
6043
10423
19597
16257
31841
23008
13896
24387
31678
19010
26820
13341
15961
24079
678
10929
24561
7808
20344
8141
20348
27108
14209
10069
24540
28659
26124
23796
19907
8573
15690
2612
30693
14616
15082
17612
20257
31331
25331
7304
28719
18545
28510
4800
755
21900
29191
20536
23480
29671
29489
4080
1615
30681
32659
22553
23711
17834
30265
10356
1325
373
14411
19093
26012
24604
16983
23053
11236
30608
32359
8277
32488
31563
31164
17161
28315
3470
20880
19194
14405
31962
1294
18006
24850
32290
1886
32132
20857
3436
18755
8948
4007
18580
3581
2976
26823
18508
2148
7200
26179
8135
26493
28787
13338
7382
21204
30511
29148
25265
4339
3707
21330
21147
23928
19102
8221
1192
15562
22637
4166
8199
670
21153
16562
3363
21818
3250
19080
29773
10018
24624
12540
15678
13716
36
9093
17689
27098
32151
24438
12064
32188
10686
18963
9558
30017
29706
11637
9888
16783
4669
11289
23054
32157
5010
14683
2956
29990
22752
5922
20802
19164
13873
16479
10145
14809
2626
28034
958
5413
8900
21738
9588
13268
17904
32013
8125
28751
3206
10863
5727
32324
11787
23087
12290
8161
3326
26824
21538
26705
16260
525
14060
21821
15646
14339
21367
7869
17201
22293
6585
3398
24333
5603
84
28700
8180
6709
31994
2364
9345
4044
26325
16026
8878
3923
31303
11236
13315
29960
22012
29536
20847
32478
8592
31415
802
25700
10823
25226
12267
2654
19730
18229
10082
1050
12981
29050
11793
2793
15098
4602
5713
27896
19954
24428
27679
11259
31603
22593
27864
27077
5986
5614
29287
23017
11662
15308
15167
21586
30297
273
9352
3730
21380
30249
16866
22004
30932
27528
30020
3202
21412
8967
32575
15541
18280
21240
10558
15106
24627
17879
28251
19402
6007
8729
19472
30681
31979
18064
26641
27409
18952
5943
20308
29345
16705
9835
16385
26711
2689
5948
29946
23083
20230
25293
22356
6371
9065
446
14896
25691
15296
10965
2182
22128
6813
676
23024
25285
31031
31154
20465
2181
10617
253
8321
4366
5947
8347
4562
19923
19596
9675
15569
31018
21850
10170
9587
32569
17027
9357
23118
23255
24901
7196
4916
25065
28388
19296
18849
18100
8315
3659
7621
30445
23748
269
3911
9067
22531
11120
20235
12988
24606
5509
12936
27170
23152
26119
5415
19535
2085
27961
31283
30553
21024
17368
30017
32251
18569
31174
23168
2335
30528
14838
3383
12715
20230
30709
26219
18277
29004
31446
31802
18836
28685
22192
8775
11869
24755
7841
24536
11262
24707
16157
16521
17575
5402
32028
25866
32654
11160
24478
21142
31075
11122
9056
2149
5906
6084
911
23373
3159
30462
19076
10125
14586
2656
32609
9093
8999
17679
3748
25652
10302
27815
24620
30750
22019
1340
30015
12965
4030
27841
982
893
10848
30654
1839
5188
25807
8341
7925
21035
13568
17456
32204
20644
13849
4492
3363
14248
12369
26699
14349
1999
23559
22626
8290
16424
31705
10620
16422
6738
4484
18490
27663
11569
21339
20619
23784
25677
32639
1507
29489
8879
27108
10373
27171
25324
2677
4753
13939
8414
5584
15989
11496
5345
12379
8848
18412
6720
10747
76
16617
13153
6710
20963
8568
9895
3406
28872
27379
8270
14949
7891
9035
21664
26622
28594
30322
1402
32233
27047
1025
4393
32749
4888
12416
6481
30322
1982
8929
18796
32409
32385
20284
16937
23364
17857
23840
16350
16602
21326
20613
25785
8097
21189
30312
19112
9385
18723
2757
32648
23498
18953
24497
6106
7538
20023
24861
24299
20237
7321
10214
17580
12040
1331
310
7187
22387
10653
8980
10082
7990
9159
7545
8703
32511
1240
14888
26662
22689
25041
1689
19001
18485
8826
24749
18410
31475
9062
26191
6317
7826
17966
1318
415
24151
7036
17949
12393
18408
1823
29187
32752
17503
32738
32432
5437
10872
27090
22197
26677
416
7564
4930
28462
27365
28899
21313
27572
8453
28873
25399
10206
23147
23413
21296
24460
25387
12971
29751
9689
3122
12063
10066
13527
2557
7200
10745
20560
29173
32087
9467
9417
8862
19577
2585
8635
4786
5571
13846
29686
30259
11149
4225
1338
31123
6693
8535
29778
17473
13980
12644
28178
6040
32647
24197
13959
9210
20109
7604
4898
27842
32377
3656
8065
10961
27147
7350
15632
8265
1801
6606
29616
19571
12709
18030
3202
25378
30662
8033
8788
25875
30681
30765
19625
27763
31390
28075
20815
18303
3748
11911
9182
28360
6654
8566
9359
28166
24760
3663
30669
2986
293
32242
3760
23372
29072
31137
31095
16480
15790
23447
29592
32282
20096
12491
28477
29566
28332
13746
13877
8755
5606
1303
22506
6382
32758
1366
2374
19378
24698
13557
31915
1478
7871
26632
19767
23229
12856
29886
23043
18985
23386
16940
25070
21506
26397
1827
28391
8311
22201
10168
16083
27718
19912
14756
9267
21970
17766
24103
5667
11570
32407
6153
18525
12215
27138
2292
15674
4930
30083
5222
9691
5269
32232
13148
17872
29229
25480
23473
6163
12841
10783
22240
13522
15208
3495
32594
21985
20938
1831
21005
27192
339
24016
32679
9578
22300
16690
20254
2777
7675
6618
25326
20458
10282
28351
5288
13172
26351
19128
1701
22870
27680
9245
18453
23795
10068
10279
6118
32302
9963
10504
10233
5488
17359
16236
8176
18713
21571
8503
9159
7464
13281
1238
5117
17746
12738
7097
26151
9457
8947
25812
16132
14420
1589
31389
6831
24533
4945
5989
1165
8952
14179
29272
3066
23741
24897
9378
19773
18917
31289
4744
12108
15326
27706
2810
22596
32286
16823
24733
14372
23819
9680
9535
4122
829
31263
10840
6927
14218
27406
31707
22985
7301
16442
25401
10257
8051
31721
16212
12196
28778
19709
27867
21006
26929
27236
8834
26969
30774
32526
30036
15133
9574
24893
16472
14628
9971
26775
7624
693
2548
17940
30656
1338
13125
6492
17192
4462
6314
22558
15336
11116
20364
7405
3746
12407
9440
16809
16537
28860
15865
17877
23576
18376
20045
9479
21773
21981
22537
19498
13433
15015
14887
19520
154
21618
13978
22540
27921
2598
1658
17375
29468
7665
1936
30160
17476
29688
27664
9969
26263
11795
16137
1458
22245
30785
8953
32028
20075
31268
11562
18190
16840
29626
4536
26564
23828
3075
19889
9246
17840
32357
14527
13056
8633
7369
28236
11476
2977
2385
7484
18263
14689
11471
4195
12108
12354
29455
3956
417
15808
20141
21220
29845
10639
12926
2611
7628
26025
32384
22736
30490
30835
27449
8968
17676
26375
7648
6685
7483
24291
31678
906
19517
25575
21534
6810
19165
2233
7891
19449
1410
13553
20982
19679
15593
22027
14695
10166
3680
26705
7515
14600
19898
14767
24914
9024
13273
8850
24160
30705
9193
158
25496
26741
27642
13365
25975
11999
10509
21872
23600
31575
10053
27245
7175
732
14314
17749
27343
14380
30803
9177
19742
2886
223
23778
21513
22860
1409
23014
30554
12975
29308
22282
8111
7056
8262
17806
12076
32745
28093
29443
15715
6537
3973
6408
3197
15895
12928
24073
10743
24416
10319
11174
14933
29643
2665
1030
9008
2022
30455
17569
20028
2210
27111
28304
6507
17901
24767
20957
25670
7908
30826
5877
7758
21081
16723
1609
15133
6979
3023
6359
27587
6029
7500
11670
10376
31130
26850
26976
31052
5611
28194
4418
29983
23155
31486
443
14451
18614
11236
27046
9468
12057
27003
19294
12631
12183
32552
17102
4803
22890
26182
7697
3424
8392
30308
12949
5868
17090
16379
14694
15636
5836
28091
1176
16783
2941
31605
21366
3613
32110
30574
31655
4682
21953
11749
29595
23664
28976
20227
31645
25466
25712
22316
28143
6453
14129
3858
24091
10339
13010
4768
16870
12665
8894
14395
1219
15070
7051
4568
32279
19338
19722
27560
28972
15817
722
1606
1255
13167
13896
8614
18716
5934
25334
18957
12121
6109
4670
4865
17455
10525
21380
10773
14607
27833
25533
23686
28741
10938
22099
15267
18490
5640
9451
3582
15179
29498
16579
10931
7025
27392
23291
8499
13722
14819
19827
32613
6453
24898
26729
30320
27134
32725
11975
21783
1410
6886
12985
26212
31594
17891
16520
12214
7849
17881
23616
13249
27475
28028
27396
29506
27302
2348
13821
19252
24416
22230
12912
30437
1307
31693
28654
15544
7286
18067
17914
14847
9893
14536
19776
13818
20119
25678
8159
23456
17159
31093
31010
16842
31494
30577
29185
31724
14051
17421
3557
15822
15828
30594
23799
16399
26497
19478
16522
18785
7365
10397
25347
27403
18452
7102
12376
5859
30598
15122
29140
17511
9829
21851
11561
2873
19992
320
14396
19774
3744
12098
11779
11474
16307
13322
29905
9284
19106
11156
24591
3591
2827
15269
30278
29441
14564
5104
28682
27763
25184
26840
6405
22002
1971
21936
17280
25388
16282
21464
5344
22456
19424
1038
11505
21599
15986
23764
20802
28833
22532
16561
3917
18185
7496
16794
19697
31633
25825
25682
1075
2499
2666
26987
21560
30159
30991
25574
19318
27475
19547
19188
3502
5476
25533
20894
10860
1433
28794
7668
16399
13284
11976
4184
536
13703
13914
2215
9099
27020
17607
28707
23640
12106
30602
21746
14721
23173
624
17014
24468
14496
32698
27914
23448
30610
16399
5081
31904
22368
17488
30193
22684
7402
10971
27018
29327
12777
4786
917
11281
29932
30576
10802
860
200
27455
17143
6714
17545
1157
9846
25092
20921
16180
7486
6199
17487
8155
31271
28699
20226
29957
10398
15165
677
19909
17451
15652
10505
8087
5197
25384
30245
4028
32569
14277
23399
8205
12028
27909
31264
22816
31834
173
22802
12195
5769
8285
8623
25281
16364
26968
32492
28116
32658
6564
25952
22165
17531
21560
24327
12920
28122
18196
28604
10192
9962
21484
31772
32366
17529
25773
22038
16365
12210
24034
5616
6537
16988
22038
8741
11612
32117
26959
26140
17912
19445
423
6828
16219
16056
15860
3018
23510
3237
29819
121
1708
1986
7571
8245
5762
19191
3065
5639
2694
25864
6096
5932
25757
5876
9053
23630
16644
7835
7964
31414
29228
16579
26508
23883
15790
19231
3701
29092
6414
22859
32614
17745
26041
28797
4307
28749
8846
1912
15139
21424
9742
25102
32139
29427
23436
9850
15123
23970
29215
25576
13673
14647
28640
11122
24331
2744
24204
27301
5372
14663
12271
210
15248
14566
9542
20409
18871
14492
19828
23879
17288
15556
10962
21157
892
32063
781
19332
23488
11499
2405
31968
9525
3726
4615
12306
31759
202
14984
23806
19402
9152
28318
23024
7158
3468
29293
29139
13229
25268
4186
2
6412
458
8402
26000
14072
7369
22181
29631
32455
23661
27525
28824
21829
28337
8422
20115
24987
27167
7595
1731
30100
20786
2200
11100
14453
28992
4784
10154
2482
26815
20507
15543
6526
24012
3468
1947
24646
30448
16670
171
28537
17625
10534
30247
11549
2597
20394
14577
22706
32477
3859
29806
6937
11812
12640
21932
21058
14813
17817
23668
19075
27459
1222
10598
19100
15782
19975
23937
5505
16035
725
21925
14432
3070
29739
7319
6439
23161
20181
25090
16921
13125
12866
9415
22951
13121
28215
24357
15948
16418
1340
24240
27853
20457
24840
14851
29730
7674
30480
8427
30342
17896
25819
30023
20639
20263
32224
32347
16024
20377
29224
8069
3292
22024
20430
32692
5569
3686
17506
30171
13799
12778
11874
18497
11470
14554
30738
22611
24392
7013
21620
22591
23744
14177
1549
13581
8459
27498
23091
32603
20962
30872
30618
25393
5001
2933
15332
15836
23010
11606
30159
27549
2360
30965
7693
18647
7779
23410
28633
15109
27482
25082
20567
18352
30655
30972
14770
4003
4950
31637
18203
25930
21188
21186
21106
1544
29595
9518
32411
24866
26946
21696
1278
28549
22898
18076
18040
23670
6822
1776
25992
30259
1160
19959
6767
8866
6324
21000
15883
31455
21013
24473
24826
11881
34
21760
14271
14837
2830
313
25866
17753
8902
21706
6330
10181
29660
28912
3665
14327
22556
10547
7751
32660
13381
9069
23046
21959
16934
22924
12571
32505
7166
19511
24314
14350
5937
29750
27210
28937
1844
5970
22619
32347
19315
17610
4011
3564
13800
10995
27219
21322
22767
3134
21100
4571
9668
11630
22375
11928
30693
24199
24593
28410
21301
16729
11702
12508
8613
30687
5187
30414
22780
6608
23138
29864
29925
25230
29984
11271
5341
2692
31105
4379
26577
16648
31983
23238
6717
18510
31849
2602
8335
18625
2047
24167
7388
27795
32524
19801
16293
9875
10595
25174
18693
29324
11616
29578
28238
9314
2465
27618
15437
13150
29618
24023
27978
1927
2728
27912
28419
16401
7817
30445
27610
32304
7893
3924
31122
27830
15697
17141
18135
12156
4809
16727
28654
20200
974
30398
5414
701
24806
24044
1428
5994
2275
7959
22014
10253
28965
16946
16463
3845
5496
21920
6495
5359
30
3480
29852
15043
18479
4562
9920
12803
7109
5070
380
22221
22248
19958
26451
15278
19683
5639
31492
31233
30998
29387
29248
6702
5737
8161
8642
8418
11359
12979
24520
5744
18323
18928
28481
26007
29903
11383
13182
30012
26897
16108
32221
18962
32131
24380
29576
19763
29354
23289
11033
13139
28137
28420
19478
12832
31954
19288
22799
16248
28975
16268
28191
26087
1072
14152
23841
27002
1925
13545
24743
21096
8762
10735
24071
3974
4295
6052
31471
19989
13802
32705
27779
21424
22207
20239
27103
20034
22205
14028
5704
31687
11737
27572
17815
4271
15299
511
5383
22247
18489
27850
23374
31026
337
1868
17085
10092
31457
5812
28712
4818
17081
26164
6292
10311
4863
12838
17473
15364
31216
2716
27712
25802
5156
14638
14882
20846
11934
18806
11336
11138
15144
3989
31022
6510
7874
18008
17395
12656
20635
27513
31521
25501
30541
379
17389
19958
24758
16363
4457
27287
1419
27275
15750
5523
18871
14668
29332
32361
15677
21011
22344
18547
32042
18419
31747
21788
13935
29611
585
4392
9957
30907
14982
6245
10365
10401
4805
25122
26281
14116
4493
450
22085
12697
23337
17370
13652
10937
14468
28449
19731
19875
20340
16903
20523
32198
2558
28136
27726
19542
9171
25001
16822
4802
24241
30510
28220
248
12487
19166
10075
2213
9977
17696
14337
2426
2558
29033
28293
18097
16744
30208
9744
19146
5679
5625
29543
21174
18332
712
13634
31780
367
12355
24741
6670
4867
14626
29984
32209
26014
19280
17835
27857
15696
14533
1406
3869
28562
30010
27363
10438
10952
32169
24942
10350
7781
27984
805
9563
3582
32432
30907
3994
19108
28491
2762
13201
23324
12077
12464
16285
19357
4865
23460
7863
11278
21289
939
28717
25644
19208
6674
12397
22810
18189
13419
20715
19894
8731
19222
26790
19559
29983
28450
16038
8611
3506
18006
4723
31440
21869
9818
17433
2545
26569
2869
30693
18712
17644
1227
20135
3143
25130
2640
22196
31832
4695
1740
1888
11058
30141
30763
2211
825
14542
17091
23140
16777
21716
10658
13812
28322
6131
19886
22779
13147
11362
25350
16715
23712
21624
883
859
13722
31910
24209
5704
20105
7504
29036
15671
27219
13510
3654
31698
30946
4549
13682
27574
26488
14209
30230
13343
3480
31331
15031
7407
8824
22956
5626
30505
3772
17045
19862
10081
22710
24568
17883
18226
16305
16289
6201
30688
29639
29603
12236
2582
8179
22959
3792
740
8926
23713
5104
12408
3974
3831
29118
14124
3001
21372
3719
24991
3592
2825
5125
14644
31533
15974
18272
3988
24238
10275
20503
24742
30694
5239
9219
6491
9935
21092
4374
29334
29773
24075
29532
14342
18126
18484
23142
8502
12744
16601
13623
19885
3433
10280
2395
29274
9003
17229
24500
20973
31653
8054
25771
18537
15378
23245
26254
20230
23255
17070
1924
2160
18929
16630
6265
26945
20180
11002
9509
1056
25023
24223
407
13094
16632
27018
19493
18453
21057
6400
4792
5302
20918
13369
16744
985
8234
25872
25290
13180
19851
7224
5762
22702
28746
11409
395
335
23206
1340
13268
1688
11476
31411
24293
24185
23733
10385
2263
1750
30358
1018
31403
16309
18238
19669
20455
14294
25719
15918
29416
22807
18345
8433
10901
30341
19134
1606
12173
25812
21667
25578
8280
7659
17277
4868
32706
28126
11549
8941
6145
31906
27100
3506
16333
29398
10213
25652
3354
25513
16009
4717
31963
24005
5599
30415
23678
25140
16010
17686
13940
11382
20652
1888
4374
3494
30367
1295
24776
32053
16786
1084
16827
18988
8159
2384
30322
24331
30370
16600
25466
12030
6528
20736
9393
14096
26675
15977
8670
14305
14303
21102
1754
1894
28974
16876
32321
30194
14334
17769
2476
6972
24964
17586
29838
29154
29061
13514
1347
2667
32424
17222
6712
10420
13985
21251
19218
21212
4202
19277
2855
30561
809
28588
7765
18552
8716
26705
15627
10951
11028
14996
26673
28190
28194
18718
1034
941
24833
18488
15446
29624
25396
29716
4396
28376
13694
989
25125
30850
8001
22942
11604
15059
29583
9560
23377
452
27051
12412
28669
28378
26553
20592
11611
17175
31822
32416
19918
29505
3524
26777
8222
17944
441
3121
24237
9908
32706
22851
32217
17826
5988
13936
28712
22085
2297
28201
26583
20089
29058
19306
23125
3793
7952
16720
32393
22864
30259
10853
13463
31581
30737
22486
27792
4564
12810
22591
22865
31719
3221
29672
1279
11278
10311
4169
19405
422
15247
1902
9071
15632
19105
31033
5153
25362
30993
29114
12485
11142
32737
22140
21922
4743
23758
17395
31280
20249
7083
25468
8483
29353
1630
3695
31743
23472
19418
29826
18244
11398
29746
21367
23974
31402
12191
14895
13340
11241
30894
6802
4205
31707
29908
12537
32361
32015
29214
7207
23236
32317
28771
7338
15600
15167
12807
20442
31405
24532
29447
1347
22275
28099
6937
8818
7645
12492
28727
18656
30443
6722
10467
6943
22473
11592
30176
2633
19415
2041
24100
15964
11967
18085
26196
5978
18991
23226
6605
18210
26490
11771
31668
21058
3103
6797
12834
15312
32594
8724
21789
24358
9098
30373
6677
18476
6929
1903
30994
17728
3621
2580
706
29956
4712
7646
14079
31302
19695
24066
22939
20496
10876
20714
8689
30544
19387
20185
11886
13704
23014
25558
17045
17059
14880
9200
20693
3825
10788
17260
11662
30043
24458
19791
31497
31596
8202
10662
16745
11041
3984
9179
14775
3603
14636
28228
27191
28029
25742
24785
559
11621
14413
18270
7758
5707
30109
15043
25013
5903
4656
22280
22991
24790
21396
25449
27628
9344
6109
13595
10578
5137
19404
4009
31024
12200
29982
12848
11887
15359
7161
354
12297
6090
9102
31603
24135
14067
21275
29682
30958
9338
6555
1830
24230
28441
10639
26310
32589
26423
29972
1213
12967
9782
29686
16136
26954
6578
17529
22394
28327
31261
18465
27855
29843
19098
876
26176
30504
8862
6913
19412
2966
9150
30601
25517
31428
25022
1878
13887
25705
22300
7853
10659
18909
21208
2052
30988
3382
30921
6836
26228
6808
20158
31407
17669
7550
14831
13285
23742
25580
30385
6235
13690
22523
6140
16672
9719
28739
24108
28774
11902
7971
14489
4307
8949
28390
7867
19581
29911
11439
24576
10389
3733
23579
10822
23553
8387
32058
21643
8719
12392
11085
14455
21414
24180
14157
3302
5641
7631
19190
20522
14446
158
17897
26454
12109
8599
11266
1157
19130
29875
28603
25034
16785
25530
30935
23753
26954
3292
612
5866
9506
297
6832
23625
23592
13657
4529
18519
3476
31378
12474
5005
2557
24910
21508
11418
2771
17750
12505
24368
9383
15719
5905
20867
6455
17112
25268
23226
5346
10467
1250
14276
17971
11512
30856
26468
21253
15393
19981
27846
1479
16576
21273
30751
19786
12122
17694
3283
17925
7525
4723
4681
32719
2085
12298
25090
20775
2119
11570
27665
27916
14000
12500
11725
6647
15275
22187
16028
25808
560
9810
1629
17877
13892
25882
12599
3343
9423
14478
25640
16190
15564
17288
32686
7206
24361
8064
14428
16854
1693
1545
2978
17868
32356
30623
17205
9718
2621
3356
4763
16606
24478
31015
6288
19937
12474
5574
28260
29032
2009
5235
18654
24927
16105
27756
14098
12639
11841
20763
23115
2651
28774
1108
15544
21131
24414
15786
16595
11558
18323
22154
27954
23940
6369
8799
21312
23316
11095
9094
14444
3400
4596
7005
7466
15562
3145
15267
16478
30312
3791
30474
26035
16226
29905
2028
25120
14428
27515
10473
18692
14654
12081
32682
21468
11849
31287
32201
11608
19668
29464
29386
27067
25714
8014
4482
7520
22201
19367
7512
6648
13668
21631
27503
16751
12708
13667
20878
21559
29251
6739
5706
4754
17121
26449
15257
5787
20438
2890
15516
8087
28327
3663
5993
155
21946
1933
17658
26542
17519
20234
17494
8130
8524
31292
17486
5780
23095
18164
10431
17709
18187
13571
6316
22595
10953
22127
18123
15568
31065
28835
30264
26508
27350
16724
10437
29808
25592
28156
6840
7145
23504
32466
8436
5904
25776
22623
29222
18358
7722
17546
24917
7186
28610
18353
22047
10175
18531
5503
15746
3094
20789
4213
4947
19660
10168
13986
8677
16686
24717
24670
16981
27866
21320
24441
23217
1780
31360
23762
25016
13807
4026
19744
22434
13190
13459
8486
17454
4758
23409
7380
11246
17093
28024
15777
3020
9600
12970
2902
10497
19271
26694
16289
23717
18960
31636
25828
3192
13922
9198
20105
8122
6627
30995
29022
9544
11291
18979
22087
12435
31885
6926
13901
31632
13768
15093
6422
24265
3191
16957
22678
23018
4029
13542
30346
8566
18910
30884
4205
31237
26229
23728
21243
7209
15396
1891
22899
31268
7264
28350
19824
26924
6283
12675
15213
30159
15722
32439
6025
26015
28431
23099
21771
5152
3970
23178
28361
9335
21855
2140
8121
26508
16269
14248
9355
16447
19368
15029
8051
3142
21406
22932
18261
10473
23147
19247
13922
19307
24564
8339
31956
18298
7135
31656
28355
14054
3615
27843
21345
2539
10130
8837
15773
16601
21585
9623
19115
3348
19119
5164
7651
25117
17469
25533
4374
360
1414
18640
8613
21065
15519
8127
8257
8937
10710
220
31105
3308
3344
2811
16860
23006
15511
22820
11088
90
27672
28192
28608
26550
30957
20519
12512
3903
13972
18871
3066
18907
18661
28002
18397
20012
28371
7972
262
6815
31920
29771
5120
14852
27055
31210
2913
24561
28751
21971
10187
17779
5144
9970
16839
6512
28151
414
25762
19123
4157
30513
26275
15396
23553
19507
27209
30998
22198
24313
14062
2497
21519
31246
10562
6791
24991
24435
30893
1976
5522
10008
18217
6226
16523
28832
28722
24716
9421
30735
12509
20135
26342
19549
6262
8675
31504
17336
11964
2935
5463
30378
5659
8215
8081
11427
24312
6198
15758
9660
25150
2674
266
2049
29426
12167
26354
2345
18640
22591
20790
5378
22443
5781
30874
2967
21230
31964
26695
26241
1785
1165
724
4216
16680
21936
14766
588
21640
20753
10716
14035
23732
16460
12510
18835
11983
29379
24732
21153
14739
26485
16208
26796
28437
7023
21303
3264
24637
15164
8066
25180
23230
14781
24201
19374
30879
6243
16531
5233
8996
15787
3879
19785
29576
1328
4674
19232
10474
23723
22969
6567
11775
21567
32367
30746
14216
17763
15751
29099
19256
24454
26946
12788
1968
23983
29321
14944
23196
23545
5832
31426
1901
18465
3727
31964
24241
25785
30933
6324
292
28609
14332
15607
14098
26627
28336
7134
20902
20789
12256
20192
9837
17087
8097
4458
10728
6013
15018
16514
25466
11081
28756
14583
12168
10466
11044
22984
20714
32626
25796
31639
22263
6463
9276
22135
32270
31196
13886
32191
25766
31765
9827
15758
822
11608
11242
26658
8544
13421
27242
1152
10549
2399
13781
13147
17518
17202
15745
27533
19095
12536
4306
18669
23598
28682
18009
23467
23212
22973
20619
31854
18977
1955
28226
25695
26797
21703
30518
25436
19352
6783
31432
2931
28599
21740
11102
12956
6139
4734
12646
29854
29009
20313
7861
4093
15600
15864
5248
11705
10252
8246
28909
7527
5864
16605
17412
15541
26961
5634
6892
12556
12407
30957
24039
25253
12549
17506
21613
27996
17821
2785
315
25897
3574
21535
12776
28815
76
11294
13802
8219
29981
25711
17005
26978
20994
8894
28093
13641
27035
8707
18744
26998
13909
28487
5205
624
16794
12881
3758
12988
21282
22278
1485
8018
13934
3757
4083
6641
14964
24109
13564
12580
11807
2425
5705
15067
13451
30660
1198
17881
1127
6196
28762
14789
18929
30371
24794
25196
8948
30176
27255
17907
31585
11149
8305
23987
28764
13919
30230
19718
5231
10944
6028
11314
5380
11654
1176
25085
27039
32343
22951
9877
5927
25696
7877
18937
13009
27002
23513
14184
21620
26827
25953
1858
19390
20993
18175
1894
19749
4113
18318
9037
30173
11346
22096
12411
27331
13320
3453
25847
21723
14691
5874
25663
11890
31175
24292
27827
9894
4110
5462
17419
7309
12437
7975
21036
20642
4322
24561
23346
15399
22149
2287
17628
20537
3637
8530
29595
17203
25639
7204
538
22222
12175
18584
8646
20162
21027
5432
16188
9655
23320
8613
25852
22222
2836
31356
8320
28578
4414
23777
23312
5232
30011
6936
8798
25761
31162
24628
15016
32354
23984
10310
25869
11981
3119
32383
10397
31190
19039
29513
28107
20315
27411
16155
12368
15297
7376
16813
16138
3967
249
15803
232
10616
20549
6661
14117
21782
30857
1788
30981
27885
4558
1707
9400
21976
7804
22224
3987
28
1790
8684
26753
3518
21350
6948
17956
30173
11908
13251
20551
16651
8711
25651
22871
26453
25685
4494
611
10880
28310
602
2112
10993
18263
27591
