6562
12131
21957
9037
18041
19620
9041
5784
27020
22800
2833
31992
12206
26572
25733
14313
24135
5846
9025
12137
17656
29589
24381
19660
28468
12672
7838
27665
12004
6807
2639
20518
25586
14063
13333
14178
32013
21779
6528
18278
2960
31896
24415
26134
29202
30184
29963
16873
1960
30343
31121
1578
13586
17195
26749
27302
29655
25732
2527
936
21164
21518
15769
860
6866
5644
11241
11265
24266
8695
4284
15391
17910
12830
18668
25945
3664
2788
23199
32732
25169
21878
12837
4216
20564
7716
8909
32733
15437
26488
22312
27713
29827
23773
10128
16292
11681
20525
8574
31917
4468
14436
20174
13247
10805
25062
22281
11054
15937
10441
32177
11435
15864
19095
26320
4890
7013
13842
23057
22438
17451
4514
24837
337
19446
25517
11248
17889
10951
23466
4007
22182
8812
19918
21181
19413
23701
28486
31253
20610
2049
13709
7726
13449
4754
22467
30284
15548
1689
1736
24047
26129
32090
4473
2056
30690
138
27650
21133
30161
28419
2815
6480
26031
27669
59
23636
27200
27160
27683
11904
23318
19595
2150
19332
4411
3648
15192
17959
28495
11699
848
3049
1088
25055
19260
8209
30724
5480
20431
13247
12559
21306
26173
10491
23568
25324
18213
23229
31547
4929
3277
11816
19680
12821
2671
26065
1741
12682
14992
6968
22039
21591
9010
17565
12794
4540
14773
29228
15132
7055
6622
29251
31681
9694
18141
26766
25433
20305
25532
12689
29576
26983
2886
32736
24422
25106
3600
767
25442
23037
2181
32195
31557
31915
22061
22686
28239
4749
17636
17131
19461
20156
19826
20636
4366
8022
9307
462
31078
4670
11321
4763
20171
847
3230
14253
4894
15936
31743
22633
10810
5263
1203
12291
14153
1647
4014
8007
8833
29028
25142
6427
9474
22727
1476
9027
16396
21394
9229
1937
29478
539
629
17961
9854
22640
9352
17757
19297
10351
25895
16197
2638
3792
3241
6225
15642
27781
10408
21955
19174
20497
20171
2371
8767
11875
8515
451
20467
18014
12268
13638
32483
31968
26055
8418
24784
20647
12744
30671
15158
23744
15186
25881
26765
1858
185
26789
25753
30653
12666
26266
31433
13870
13242
11643
15795
16190
13254
15092
7534
29631
6210
824
31564
15992
10776
8795
21706
23410
19850
28068
2375
13772
15422
15387
19266
25015
30928
5351
6542
13885
25321
10525
9263
1043
5918
3766
30575
32535
315
3964
10353
29060
26795
25745
7492
24568
21276
9062
550
13655
15825
16701
11479
29792
20900
27466
28998
14937
24793
27299
29025
3206
9275
5447
15663
21639
20164
11527
2984
26550
20460
11998
12169
19831
9061
1337
2306
16108
28848
28679
31806
25500
13136
32661
8306
15481
28503
23697
5189
14233
11197
26589
2415
31649
77
28000
9713
24000
17890
12951
25924
10290
2681
14351
12075
24989
12715
30468
7008
2086
26787
25683
6152
23035
5365
22123
26279
14783
4686
24234
3081
21873
21031
8157
12834
14830
12549
24987
15398
7919
23675
8854
1717
21432
10369
27056
2356
4101
4737
11530
28149
10514
11559
8696
28383
20560
29041
19918
23582
32049
19824
25625
20282
17412
11443
23572
28449
9701
19863
12649
10422
2156
24545
25420
26294
4346
25179
4607
11613
12179
12264
30591
30584
10354
5415
22554
29318
11347
6884
25596
30577
24925
28769
19937
8682
25273
7922
11185
7895
923
23843
11153
6792
14447
14948
30086
14211
23475
13119
12190
9509
31169
6195
15635
31547
31022
12230
14775
25145
6534
629
6556
26168
18288
19265
9143
20637
10210
21340
12985
12419
19276
26801
13059
9326
5832
29703
28431
32139
27802
697
27043
18610
21693
13514
1249
4481
2604
15434
9854
23552
21909
12447
12156
14722
14979
14379
14273
10191
22092
1000
21891
32385
14964
32631
24428
20034
28249
20539
7856
1241
26703
3371
8863
20535
13026
30983
28784
23301
10939
18812
9924
27355
3874
19446
28329
20480
22721
19896
32194
13266
22384
13360
13265
14347
14673
12254
25001
20110
7283
15187
15209
7744
523
4856
10987
3734
8883
24925
29435
28138
1051
18730
20505
20732
24251
31903
18036
7174
3384
31216
30432
14131
25186
28186
5797
6087
26370
27757
20390
4614
9037
31684
2836
25242
30690
17341
2782
8447
24819
10655
18458
28174
23810
24829
13936
8002
11008
17936
19752
20799
11414
3484
7705
20971
10167
24927
4593
27759
17949
11114
2561
21107
12720
24315
9694
21271
22266
27158
6261
23739
10568
18675
26877
23850
1613
1575
17070
29979
14703
26687
19542
21464
12828
10425
25177
21347
11966
9471
940
26841
10189
29989
1894
6637
11237
16450
10061
22404
17696
2238
11402
18543
29774
28628
31791
14803
10744
9384
9604
32694
20058
26038
25911
7204
22150
14329
8622
31572
13721
26455
13783
19562
31895
29575
2269
28950
20244
19212
30361
26804
3679
29714
2599
13819
11753
7403
2845
739
25092
17790
8735
2381
1815
3588
14730
13186
30517
6848
17894
7459
31785
15077
15703
14247
19303
19796
9436
4022
23730
28766
18650
25907
7908
172
26232
4468
1725
31627
13132
3192
1982
17691
26729
18922
8757
19725
21474
14180
27069
14638
9793
10569
1375
8646
21991
15837
8882
20381
11916
30288
3503
16719
20532
28465
10013
9066
27271
27117
1635
15427
11430
27642
17946
20036
21734
25649
15215
13472
9839
12174
18840
16220
10892
2375
18749
17306
12941
5782
21610
9874
11693
29643
24560
9800
3326
6090
10237
9287
25266
2973
10836
21860
2550
5534
26835
5674
16015
20835
19624
23301
490
24315
9265
6834
13499
2592
30452
17252
22279
5516
14042
2393
6402
26749
23719
15187
26424
12055
6649
23972
25833
22500
15644
22418
24302
25619
15026
18802
19989
16891
1418
27151
20376
19864
20163
30718
24859
3288
15922
28495
18443
25992
14144
4682
11301
13202
14446
23609
25551
17986
10226
7636
9057
20868
15577
22894
20232
22222
21798
23543
29255
16280
10504
10085
10028
20516
9619
5014
14799
26762
17816
1822
12112
14001
26728
30005
31021
18982
17026
8920
2906
19038
4648
8777
19970
18767
5577
9261
12012
2345
18714
1534
30216
6780
17859
22875
11962
26148
6617
3932
25036
15293
2946
20139
22281
25633
3028
16281
25456
22517
15124
3895
2542
10532
12800
20675
13
8208
1676
1730
32708
32237
5007
27975
19044
2997
8193
7963
14084
362
9207
10334
27006
8933
13600
8714
30015
6347
6680
11500
25901
7625
23723
13964
3525
17293
30369
13161
24582
8960
25812
8399
32117
838
1
16861
31034
8155
24258
18235
11035
17770
27108
20483
22724
29953
13420
24817
29777
7657
23019
3081
1950
5581
7436
20869
19105
13443
1633
5227
20949
810
23082
2265
15178
11339
28476
6352
29152
4405
24673
9795
9312
15534
7435
15671
17763
27712
6587
2191
26155
3299
14269
20704
23699
10458
22368
28990
27089
2966
9737
31983
27694
17817
9535
10478
10244
6625
8689
19989
20486
30766
31837
10091
31518
30608
8335
21550
11413
24180
23282
10305
18309
22740
17760
8722
25894
692
30944
17439
28964
2553
6960
18439
29883
17624
25954
5055
14994
5927
7946
1694
4011
30242
19579
23216
752
3979
3243
30156
9877
1351
26253
24100
19141
23776
20116
29395
26088
5804
10073
2885
31333
25164
24949
2823
6144
23048
18661
27414
14923
664
5129
11951
20951
10032
28897
4415
14111
16615
4454
24145
5017
18810
23934
14441
13885
12491
6427
17823
16621
1866
12376
31354
22283
6564
19926
16015
24541
15902
31031
28337
24848
10501
19561
13778
13787
32447
23871
17324
5220
27372
9037
29894
25898
20709
7132
9876
16415
8969
28183
9643
22528
16181
14771
13827
2758
21425
10337
32518
18924
31112
16219
1017
25014
19476
21994
23371
26441
10798
13815
23235
3091
1432
2677
15209
1234
23330
8279
6457
18223
22431
31091
19928
8600
21647
3337
570
20275
3594
32233
16033
3920
8610
5722
12113
26343
4751
20499
18370
20599
11923
24448
24068
25043
12012
19991
26350
11505
4254
25288
17936
32667
21765
9595
21909
4170
20405
12786
27646
17633
3725
18714
11908
31443
10987
11066
20268
26460
30743
16995
11846
910
2912
25156
17657
13326
4385
27300
29339
31283
8332
13487
26610
13766
982
4963
6259
19572
21553
1758
20497
24679
13518
28114
19589
7958
21935
31535
22955
11293
5407
27396
22922
29957
23784
9332
15078
20772
7204
29995
29775
6997
13702
1682
5041
27978
12439
32723
22504
12701
22563
15978
23608
2143
18334
20033
27415
21599
11556
23226
10451
6571
32285
817
12817
22745
687
1709
13341
16399
20728
28653
8461
10731
25958
26503
6783
25848
5629
14224
6370
23752
17150
7594
21838
9451
9894
12561
2314
17722
13646
2565
25665
12473
30416
2875
1103
31758
31808
12427
27320
32092
29607
30039
18598
27887
32059
29858
27658
21028
21628
9368
18187
27013
14246
7438
19906
13352
19967
11636
3438
1396
25625
12517
15755
12107
26156
20559
3190
8971
9341
29201
22582
27402
9380
31719
17273
30205
725
28391
22724
16504
27094
4134
21257
24848
9748
5574
30413
16302
27889
26864
2778
32264
9889
29007
17452
881
26607
15485
2008
25031
21250
3131
20158
3442
8381
8414
7035
13931
9827
5782
23243
15839
27313
18840
2194
8687
707
23447
25642
11397
18062
21312
6191
14050
5899
31690
32341
5031
24530
3120
13824
10995
13471
25393
1575
27236
16062
31046
23596
13085
1294
16829
6186
29360
29908
31243
1965
21794
9545
22662
2163
8927
5909
1481
26871
30050
27229
15848
5538
16340
11110
16333
8188
5137
16337
11698
21468
8522
11530
4763
5074
14938
11084
31445
189
8074
3028
11339
29543
6421
8770
29758
22647
709
9909
1434
13430
20674
17686
22970
26904
17208
234
25445
5757
14645
17215
5235
29326
10819
12289
13086
25472
6228
1670
10652
11263
22177
10607
15214
8679
32281
30072
10205
2324
4378
11532
6053
933
12756
5984
12536
32425
25473
26025
17749
11269
10549
23259
12828
18830
7916
2761
20471
15320
23411
10773
27
16740
7614
5130
25396
14378
28381
17572
4099
2169
26533
14306
1532
16110
3736
867
13891
13919
21300
26186
31967
21043
3770
5632
4019
3595
10051
11413
5014
10613
15081
2984
19636
23738
12502
2270
14430
28255
17475
22613
17968
14789
533
20389
13278
10211
14738
30932
2023
19021
25819
26682
3167
29781
5571
6736
24709
6388
9223
30159
30170
24866
30408
23061
22065
5876
3443
12797
28463
14917
10741
20027
2755
27595
11899
17534
18949
14027
5920
26771
1025
12969
869
13384
13615
18953
2588
1012
31199
28666
13662
24268
16181
3507
2567
19631
16798
26149
12271
4133
17385
31551
9020
10397
15016
6415
16702
10218
192
30913
20034
4063
29697
32122
16667
31199
16737
15726
6300
21382
26173
12601
12555
9246
1704
2675
21544
4229
22449
15721
15049
18728
22298
1630
15486
22010
284
9848
30067
410
13979
9543
13904
26908
6851
16403
15223
21595
27866
20240
648
7348
16388
12263
2038
4914
18415
17001
4321
20085
19334
26995
21844
17442
14337
7633
18027
24786
14526
28032
7844
22212
20660
25905
24508
22619
23996
9856
26858
16378
32538
15736
9332
6573
3777
30887
5060
31420
31750
20753
11306
20212
26904
28501
10669
15376
21371
31871
24749
29887
12210
28059
9145
26709
10081
28306
5
17289
5010
2377
4295
27390
28686
17983
15416
31256
12433
27076
32138
12585
24554
17966
23426
21239
24691
6967
4971
25951
4059
23139
8838
20015
30151
29124
27847
6904
17080
1818
8995
11079
1029
22994
21899
28546
12910
9342
7403
13517
9823
24934
5916
12193
31859
12196
13002
17372
26698
26707
31092
16891
29512
32096
16085
12327
2239
10071
24046
11369
14076
27549
22841
17798
14574
23715
737
9134
11682
7319
9993
10740
30935
27621
27157
17536
22954
28973
833
5044
23709
13427
4062
16080
4896
25869
19674
21650
3513
23952
27965
25050
24417
258
31972
23863
9148
31494
6638
2232
7002
10271
20556
20061
2117
25708
27921
21859
7112
10310
8731
8143
18691
21636
21064
29759
15761
11203
30284
31245
30405
18917
30218
31898
13060
20343
21146
27109
6478
28087
15007
32378
3446
18381
5853
11893
25598
12402
17370
16265
17571
29633
20715
10402
7007
16753
11574
527
11589
24436
13032
27484
6182
24492
13611
11852
22592
23174
29820
15794
28361
1350
11269
17490
255
17528
16955
3601
17021
10957
21248
228
2632
7878
26525
30797
9132
29273
6211
15584
26458
17927
15292
27659
17684
13587
8952
6805
11202
28137
21429
15824
26224
23534
24555
26070
20741
5655
11859
1058
16752
18746
16593
20909
20612
22237
7397
30063
27696
7203
24891
15161
6963
7012
24480
7944
29109
17969
24050
28059
16771
23066
4332
3005
7269
6881
32605
31459
2868
7973
2107
27305
7307
23470
31976
22275
5622
23872
16108
5247
9203
13691
868
26539
4147
6376
12713
25801
25601
31490
23440
21137
26300
19317
20698
7858
11479
8248
5091
29346
8476
6212
24475
29386
7811
21082
17288
32039
7407
18818
18851
17994
30489
17825
25473
22202
25532
787
14006
9037
20473
15934
27776
7261
7831
1523
29068
4993
8844
1161
8954
27189
15834
26757
17248
14012
22232
25584
30616
13710
9202
13291
32516
17995
6459
25450
16028
12639
27119
11717
21642
19110
15288
2289
11074
30042
23855
4155
8307
11722
3166
15863
9948
12865
16633
5083
6353
27948
17078
4523
3987
26094
10391
21758
19888
9162
4325
763
6063
31742
27728
12362
21677
31630
2581
28600
4722
2032
1295
16530
4041
23342
4689
10626
27693
31755
21788
30066
18886
764
9450
9524
1650
7077
10086
20504
19296
17885
8843
4571
14697
17114
21702
16104
21479
32371
20874
10862
22084
23831
13727
25851
1241
11387
31047
7096
23059
17450
16227
12202
14979
9631
32011
32051
26067
19254
10497
20172
32758
3896
25247
2338
25666
23235
5026
29969
13456
11063
23287
19040
7664
9639
28334
14780
4268
27304
3620
17096
31469
14410
790
25126
13699
3931
3053
3374
19101
12721
8044
6278
17881
12738
29437
25701
8128
21278
7612
31995
9635
22322
3553
9891
14949
24052
6543
25382
12523
25284
16554
22721
6794
12301
11383
19384
16895
11225
20412
12361
20533
31566
30769
7991
25493
5521
16581
29641
19058
2298
7636
16539
27289
20834
27843
14983
13009
10791
2480
14280
2282
31213
26427
3000
8402
28430
13944
9438
21047
25516
12854
11937
3291
30399
18086
25062
25137
26477
1532
30869
17269
31299
2820
27241
17286
12682
20913
32283
31903
26727
24225
956
6516
1075
19532
19077
22588
5943
32541
22411
20282
933
10309
6887
8461
2663
22478
15710
6073
5999
9508
203
16677
1113
26207
27438
716
14361
18232
15028
18441
12386
25050
3945
13378
7265
21018
18777
14947
496
10851
23098
19542
8070
10550
6516
14144
17826
18137
2252
3463
1762
11633
19748
25050
14508
31803
11773
4853
8061
3074
25445
11517
19241
3685
15435
20287
19256
23793
31810
20249
25634
19059
9189
23320
29616
2697
16960
14104
24631
10245
28189
15672
14042
28542
20321
14605
25599
29884
14317
20089
6265
18596
4219
31745
21741
17163
25709
5848
19183
8898
25090
1311
27290
21236
16656
29337
15698
2893
214
19426
18127
2084
21494
12790
7335
16360
2425
3660
32758
4293
20589
23338
21574
32440
31624
22034
10814
27931
24324
14540
13564
19127
2783
26547
20829
30937
4451
10560
11085
6182
760
6594
21918
11168
7060
16987
779
30824
30638
6142
5944
29913
3354
19735
1900
21396
3762
20543
11019
4798
24636
21749
22803
19063
25376
12957
5103
12685
8693
13496
20902
23186
14902
25828
24317
9419
15711
12954
21011
6117
9492
28233
6133
29498
17894
9151
12018
7199
26897
8729
17268
26049
27720
4827
17199
19891
4954
28561
22864
30486
15094
3287
10438
19185
8403
22570
22679
18837
12625
2032
23042
31511
5156
2085
21008
8098
8433
23829
31968
31356
24588
2822
21767
1321
32688
20912
1489
20332
10716
14664
18598
7940
3279
24346
15312
28567
10372
25298
15522
17841
5950
2997
8799
22579
12897
27245
2098
10015
19253
13457
18706
30348
1081
9367
7585
4391
26202
26335
27362
2635
9883
30038
18909
745
19525
10293
22030
10788
11148
11717
23563
23486
13146
3621
18794
22409
9511
3058
28792
18773
22762
9531
447
28573
18145
6339
15776
12301
11466
25275
11758
2884
18440
16371
7893
19053
8497
24437
18779
29324
4982
15097
27426
24952
4206
16795
8012
16655
19934
15216
5632
30548
27854
26233
7546
22547
29077
5865
12157
21647
5870
23001
26007
3577
17691
31931
13905
13783
8850
632
800
13982
9718
3969
4599
23713
27635
18229
5704
12875
25173
199
27557
7139
11043
5895
15371
6748
30634
3041
27843
14588
31237
19547
5999
20498
27093
24142
11480
20592
20383
20041
26794
13254
1930
13662
9571
1541
22692
22378
16061
6721
22077
18108
18153
13754
14711
847
18709
14581
26936
4373
13447
30535
17080
14008
1408
5019
1148
13807
10579
13103
13461
7378
3860
24495
23000
28490
30397
32168
17046
10999
17793
28317
21814
3916
13674
9107
10601
17921
2736
11376
3630
1945
18101
29084
20073
21535
12251
9091
31747
15540
24954
18054
8552
31946
24471
4069
10371
3991
21789
18123
18164
14468
16607
16779
29304
29975
21455
20512
1352
29171
25282
26709
17471
7799
30013
24715
15229
4395
9104
25557
31413
6192
19696
3504
3760
29927
8952
22350
7062
8711
27833
25507
26509
12050
22943
25421
17964
26745
26493
30227
24073
1345
30703
17655
30886
20338
28413
6016
25021
8591
635
4007
32248
20198
23355
2051
26909
23716
12176
32059
2837
2149
1636
1169
12614
32103
21999
7683
30890
31780
20147
29537
4490
13591
9584
16379
20793
31245
18874
24484
11846
9543
27683
4249
29051
11653
16997
32723
6855
2283
16487
7912
29873
10699
27516
29593
12918
15447
14749
18860
29408
7313
28815
19753
31459
15607
32074
6583
5084
19436
27188
21859
6798
24080
924
19278
10530
5758
228
24628
5108
26425
28487
24746
11372
16620
28815
25101
18583
25807
25645
28644
12529
6376
28473
13107
31792
8268
12139
15995
16919
17930
19214
4037
5697
6102
25415
21635
21214
2779
26592
24239
10413
22095
25493
18557
25405
26337
17323
15832
21365
13873
1033
22371
29870
4042
2228
23085
1579
27352
16794
6277
9789
26780
24886
27144
15565
22845
10061
31904
32245
10718
17717
16939
19807
2069
6246
29702
23398
12521
6216
23118
24158
18648
4258
16346
21999
4386
3013
18335
23966
30152
4506
13484
3743
20819
7901
2823
8742
30948
19145
10183
28352
3411
28647
977
12102
9133
17434
12132
20871
225
8720
7058
12027
254
973
10157
6035
1752
125
31526
23102
29776
23145
25580
18302
11417
7842
1451
16036
24636
20571
5208
7777
26960
14150
18421
2652
19114
14426
15473
27555
29827
18324
29950
3833
13430
23534
3397
8239
31754
10315
9958
29230
8205
7385
10898
30988
23385
24562
2098
5860
10522
28688
24409
27370
27007
19396
22209
10130
31049
19518
22294
30514
22753
10518
13402
1917
6267
28979
9691
8427
16992
31379
16616
16934
16414
14824
9309
30560
15322
1654
25839
4659
13014
7201
3835
1189
22824
10238
27761
8659
29953
562
724
25339
29691
5311
6017
2058
3402
3067
25576
13188
25495
25054
11055
17158
20123
15634
2727
4393
22295
3249
9075
6990
18545
25422
588
4101
32429
2589
8253
11475
12026
9442
7061
32048
7696
20743
23630
14879
17658
30535
28061
15951
6959
26602
10731
12532
22255
4174
8555
28499
22962
5074
18607
1655
32229
7340
4828
23867
25535
18189
3886
15443
1423
3793
7861
3221
17132
775
21445
27507
5971
20465
31914
31695
27439
8195
32102
21429
25585
28776
32159
26556
14492
7462
30379
11580
22484
19961
2018
22297
12613
15799
1441
31364
24937
20593
936
4493
22843
27628
17823
3493
14529
31209
1265
27879
12799
13961
8044
28691
21445
31881
30254
28665
26217
2738
7222
27907
10498
10818
27600
16221
21718
30010
32288
16656
10935
19906
27419
1014
11895
3695
17698
2518
29200
11894
9856
3923
31994
13794
26886
897
31826
12442
12614
29679
26809
11773
13625
24482
13859
2868
19113
69
22430
31292
9751
8483
30322
23728
19344
23609
4195
25246
17577
6121
26922
21589
13351
18576
6360
2927
21604
8166
2698
12374
16906
4066
29912
11776
32209
27378
4691
1168
17942
2431
15176
20175
22456
28827
32062
3735
10071
8300
4822
15931
17516
8739
5767
30495
12461
11727
25696
2977
14231
13225
15047
12795
23532
12455
10228
17242
797
1220
10385
8560
1765
22474
17674
13079
28200
21062
16575
12313
25477
13329
14113
22781
32283
11096
31213
4668
16789
17531
7676
1331
13940
11657
16166
18000
32300
323
18090
31843
4595
28186
29731
26031
18719
24915
21861
22396
22283
23746
24903
26245
10635
25631
10812
3114
29233
32539
29779
3976
17386
6713
20785
21232
23244
370
30649
7797
13201
4500
4643
32584
19752
31497
29632
17855
15421
13404
11865
10298
27692
27901
21671
19155
10844
23615
19444
15011
8456
794
16774
8546
550
16198
27604
14651
20792
32392
28456
20557
1374
22466
9559
1390
21886
11154
22747
2235
12239
2476
1015
32351
16672
9673
23279
5769
22533
26285
30418
8424
26279
23616
8780
20117
7450
13235
28608
24926
25718
27628
4843
15010
18569
30310
3228
23515
28762
153
12949
25784
29216
6557
382
26581
31783
29648
26055
6213
12223
19816
18668
5355
201
12842
17999
3112
31232
20597
24633
24365
15392
16202
13103
11924
32091
8392
25160
28956
10545
13412
11880
4031
23525
880
30628
13462
23696
991
22410
17126
7116
25059
32672
24795
16495
15832
14063
20489
6773
29531
3212
10203
8872
17688
18604
159
23229
25799
17267
8792
19522
13771
6800
1885
13106
9384
11496
27275
14316
20934
8497
30202
6947
19363
26394
20484
19883
8824
14092
28496
10446
9602
19411
20930
29991
15076
10113
28923
3892
3049
31979
10362
11537
10564
21386
21285
19673
4067
25226
8725
17953
13649
26730
26349
11494
32434
15518
13557
13346
31496
8168
11873
27861
21045
11139
23364
4007
20916
27062
8127
2701
5931
4072
24238
11344
7698
24599
11469
13458
12685
24238
4511
1866
20391
27697
26535
31494
4229
440
16014
22846
28672
30116
5359
11710
17776
18337
19134
24913
2101
15107
21260
3385
28928
27499
28312
69
13451
18273
10450
20022
2417
17067
19727
8231
10116
32589
7764
15172
24109
31997
30276
11075
23256
23367
22738
26118
21216
16543
24203
17928
30547
25749
11832
20533
19693
7444
13802
1494
18125
28575
2778
28930
20747
18095
22660
27059
28687
6810
15897
11700
27788
25823
15947
25488
4543
2472
13442
11054
3465
32411
19989
10105
28314
15929
26114
5378
26494
13568
17241
21343
21464
14497
31715
371
23424
29835
26656
16760
7406
18251
1256
14345
28967
24273
26529
15445
16153
4828
20722
9055
683
6353
4691
12548
31557
31794
13612
25043
9349
21197
11149
31738
5154
8407
26412
10821
23291
23829
14585
29599
22151
18934
21562
2265
21331
6955
22894
18753
14799
1701
6792
28789
3028
5980
9430
18074
6053
9937
20704
27531
6865
13847
28959
2371
26251
2361
6779
7769
26645
17839
10001
3321
2032
27390
501
23489
12441
16166
16239
2669
10135
6990
31104
28065
27275
3997
29801
17823
30943
29424
22220
16317
20565
14405
13005
26906
118
2820
1596
6362
17230
20002
12588
13567
5941
2357
8946
12741
26248
29473
13456
2180
9207
10758
24841
16181
4243
29248
24190
12736
2079
23577
21795
8030
14292
140
28738
19005
2179
10393
31387
26692
29267
15407
4011
8570
22274
13373
7395
4111
12811
17949
31172
23822
413
9945
5485
25263
24431
2984
30484
23099
30478
8135
25977
11117
17631
31450
4500
1632
26270
30306
17743
737
28531
13979
3553
15521
19853
15966
20407
7345
3831
25418
739
12076
27608
28261
17479
25060
6384
5281
20090
9256
19702
8311
17507
22262
8841
16810
27463
6620
4209
8074
31332
17502
10192
28639
18566
15980
12463
24047
24065
16302
13720
30311
29742
25319
21070
19371
5829
77
11371
8394
130
27285
14320
16799
23418
7050
29530
2551
4844
16490
22935
28606
31179
18069
18101
31375
24081
1123
8366
23187
19760
9399
23394
23479
21543
30778
4562
14008
27018
31296
11363
22588
11390
20906
24488
16056
18279
24043
5619
14382
19459
15845
7510
9224
8483
7926
18272
5704
13188
20119
26149
25910
7304
25623
17690
4846
19849
9665
2143
26610
2811
28005
25900
10122
15845
5883
22188
12636
5451
777
19904
5002
18107
23747
7409
24100
14266
25638
25206
26779
15395
29880
14991
11925
12101
6632
8944
20937
28480
20630
22930
7550
12510
9935
25828
22566
9866
29013
26856
8080
24285
5921
11720
29735
29370
21149
26340
4051
22198
15684
5135
23838
9697
27245
21340
26298
7304
3072
20075
18573
26450
24877
15122
24989
18506
5916
14283
26757
260
8773
13562
3113
28590
16457
23610
16016
25317
30459
27168
4442
20405
7143
2485
28346
25798
11428
31102
27165
28904
31052
21437
2897
19411
10986
3116
6042
27310
17836
18261
19366
5384
18832
32043
29997
8206
20049
31579
23170
14322
31504
8207
1597
7968
27506
16038
6445
17769
24488
18178
2392
7113
6225
2754
30668
32463
29707
6076
7651
6252
923
32365
1640
16678
16969
10333
24481
19119
31390
19644
19253
729
27497
6042
17297
24487
13116
18977
27608
29597
10976
28726
26830
17724
25991
28391
4390
9586
24668
22568
21158
27248
6877
0
6538
29513
11435
21765
19536
3305
9400
702
4600
16650
20720
10175
26541
14828
2907
14869
22857
28625
13354
18191
17345
7244
6823
7934
10182
10757
15228
11300
9807
4962
27873
10551
21750
20792
4059
24723
22248
28457
7628
26201
11478
22034
23537
19469
19378
10555
4813
5220
4872
8360
16285
15831
22384
30906
7761
29856
25262
13036
29778
13998
16165
32662
20351
8240
11458
2460
4028
15505
30286
31243
30804
21496
24780
22496
26804
31011
24593
7363
15110
26849
20123
2259
12433
28869
23738
31788
24479
11565
10602
29251
23000
14571
9368
4320
12505
4690
14528
14641
19637
20135
13567
20600
17091
18937
4251
13423
23638
12495
6309
21501
17989
3705
12217
31441
3550
14269
26451
12805
18204
12895
2001
4782
8442
24798
18772
1336
18694
11551
19335
25471
12259
25842
32690
4205
25639
19841
2175
9113
29934
12644
15485
10733
2522
26476
496
27022
20188
3925
6583
1760
19519
12158
22052
22588
13865
16920
15596
22423
24494
1071
18980
1076
8598
28747
32260
26816
20270
28984
12808
17414
31708
29635
28276
23515
23429
25030
22470
24989
19266
26138
11904
12453
17103
6208
18061
5895
1777
6868
7040
27985
15532
16969
26077
11107
5766
7554
1246
24900
7999
23382
31219
15105
2383
14130
25050
11670
24420
2518
18987
31242
28213
6842
10202
26856
5168
11321
4322
6231
448
13234
29868
26177
636
30702
16190
3777
1688
15511
32709
22678
1142
7782
25594
6861
29337
13140
8553
4400
18944
14777
6745
20564
13298
8551
454
9462
10481
21986
3996
2951
2269
19720
5191
30787
11889
7602
761
10118
26213
6711
5738
21900
13665
26053
336
31044
20099
26131
18751
9024
32239
16819
20612
303
21893
13537
27327
28739
805
3169
25718
3309
17971
21266
8211
536
28008
17725
29713
23403
3949
6201
16906
5743
5553
24569
19611
7029
24411
16728
810
12775
31317
7926
8113
8744
24245
9364
12511
28737
23554
27056
14074
10875
28506
398
29095
9458
22702
32319
14836
15369
28346
12840
23936
29541
16523
24603
16961
18377
5017
26234
31891
30057
16862
298
3711
2483
29685
11825
26715
17410
29210
262
20752
14023
17522
20667
2058
29030
14964
2322
2412
3519
30273
9423
10814
26506
28463
13335
32480
7752
264
18594
18059
3902
16064
18699
16719
7678
1186
24089
15984
27622
24936
25307
9903
2889
15038
1661
15920
27621
5601
19374
488
20550
5409
13484
29422
22648
31328
28641
3984
17885
15447
8800
20721
7833
16700
22074
31795
5137
3150
32169
23236
20756
32767
4109
16411
27707
15072
4015
3918
28940
18212
14228
9124
13254
18958
25344
4591
31612
8933
12625
9400
32489
32106
15631
31241
16973
12521
12553
2926
10841
29827
30870
7173
16755
25216
21962
1102
32058
2852
13074
17773
3780
364
20079
12619
6421
25066
13741
1028
32137
26805
30102
1713
8099
7585
2405
21970
5350
12110
29926
17784
30101
3652
3237
5133
31104
11232
11511
20614
24425
359
24288
31058
25000
8835
32124
15724
8912
31646
32590
11590
9387
375
12680
6362
28581
6760
17798
959
21419
22958
26045
372
16375
29214
13413
564
28456
27673
2329
23583
1838
7780
17221
10105
4701
15651
8895
18228
12863
18325
10215
5522
9834
2777
24042
1182
6764
31187
13739
14313
18501
16571
17222
22984
17182
5242
26336
23332
20826
31108
29396
24599
23835
14214
11561
9732
15081
28416
25961
16891
27217
9034
7270
17503
4916
4490
12873
27344
21029
31518
208
27256
6768
20930
28968
4359
12706
28406
23991
20948
8642
23701
28752
28135
16853
12574
29840
573
14083
16187
11952
10226
5313
12134
13284
16738
507
1312
18882
19852
15222
2114
21431
19199
19349
15389
24736
21473
26933
7253
9724
27372
22322
10474
29436
4330
6025
22040
13813
8420
13977
10269
17759
29338
6830
25198
28345
25039
4956
45
24341
13349
31354
28709
13374
704
5654
21029
872
8711
1665
27189
882
4654
25253
9854
32636
30051
29518
12973
1327
23185
32661
11887
12245
28456
20973
26705
18647
16063
10814
8473
14213
7260
24986
30707
9871
1101
20368
21544
6524
21964
25394
6513
3341
3727
21315
30366
6326
3246
8698
20095
14518
18137
14524
19245
11238
23724
17234
17575
12400
6367
7170
8444
2115
27370
25607
20426
32207
6294
628
16719
11974
24582
4793
6302
22766
12367
17867
32455
1155
9144
12023
4513
19632
20246
24623
29975
31883
28428
18303
16438
10043
16241
24007
7837
26376
14698
5125
28384
28296
6094
31826
22562
9586
29836
1691
2061
14667
370
32282
19545
1536
16102
24891
14709
14667
27174
3139
4060
6332
5347
29541
15756
29353
3381
22735
17267
31891
2025
14998
5606
25715
22750
17483
15862
21372
26594
15919
16745
14304
11693
18137
28327
4071
20578
26392
6205
30496
32581
3486
24891
16987
3974
24104
24064
2030
21268
28889
855
9968
29765
13701
22426
6695
11238
21014
28803
23591
15320
7423
22169
26248
28139
31531
3126
31614
21216
4114
16463
20322
17305
15077
13440
17164
17446
11825
14796
4017
32403
26584
13370
20352
16193
6948
26092
20449
1853
3279
7130
9525
689
7673
31803
15860
4639
20118
10949
21019
27336
22429
13047
31704
12696
31222
8406
20273
16710
23756
18646
4763
4994
26684
2630
2437
28165
5458
4949
11381
4339
23771
18547
28811
9368
27385
23746
19368
25253
3730
28489
28756
14046
10147
6853
3267
20251
30956
29976
7324
29460
5715
16032
16904
22910
11041
1314
3556
15784
17273
6697
23570
13875
16418
735
10177
4561
4776
24779
21260
220
23591
25694
7930
29948
22225
349
5665
551
22307
28249
3721
16677
22008
28511
10861
3374
15609
28133
16460
17686
11740
32762
8394
14469
26842
4141
6768
20223
7075
7428
954
9360
32048
9607
7503
16836
18673
3758
31372
11880
3152
6717
29378
12623
23774
13874
10192
32331
30420
11928
7860
17797
6752
2044
31390
24562
427
27942
6431
9046
5660
22152
24631
4627
14826
2371
7663
15543
6588
20218
23676
21476
22197
18695
3942
18864
8309
17017
24258
23381
24979
26367
467
3742
29582
2500
21072
30578
21522
19761
24195
15684
19442
13439
22706
31835
14743
27178
9711
21495
14455
27229
23309
2533
11049
32217
32018
13908
31103
28298
13238
2934
1272
2683
22485
25135
8531
9624
4158
12908
18353
19814
1980
23158
27734
5956
89
26358
23601
15554
17244
2218
15214
29483
16570
10700
8232
12966
3084
264
14993
3865
25388
19318
11692
8299
8441
1291
17817
17561
28048
2375
20759
16440
30893
4660
31075
4170
1061
7885
29429
17973
16725
21991
7636
29226
27483
20313
28302
12321
22797
27395
24080
8117
3116
25559
10433
10107
32029
5663
17059
30929
13216
32422
8425
2049
10268
11657
15517
30194
6311
6345
2598
20435
22800
11709
10019
23998
5060
22315
26172
9136
22934
20237
20318
7710
19011
849
31472
30135
31680
13630
6693
30462
23064
5067
32177
14992
15023
12411
32292
12053
3272
13267
87
19831
3704
1860
30048
24833
14099
23144
24000
17347
18534
20071
29990
9365
5161
22725
28212
8655
4362
20799
7221
19543
23625
15951
28238
20616
24403
3199
19450
18568
23735
32340
21496
25385
13054
18008
13233
17537
16450
26014
28801
11239
4010
21
18833
767
11743
17253
8557
14612
30914
29415
7105
7810
18572
32623
17128
32311
24932
25865
26485
16879
6296
29935
11815
7674
20034
26388
4688
15775
7274
5207
25262
14730
13161
7846
31721
28038
8643
31503
30233
12514
545
30027
11323
7771
17719
10548
805
5502
31973
29711
21961
31957
9245
20343
4134
2177
11281
20823
30775
3147
29796
16400
1603
6405
26767
14916
1583
10859
2934
4954
6518
13183
10529
28134
411
6476
4749
24447
8805
16840
24807
7256
10903
28060
13876
19821
2779
16833
17036
25578
6423
7222
20008
30378
24140
30762
10170
31634
8018
14761
2426
1643
17779
30361
18056
6569
15740
1658
12245
7582
967
13134
8226
30572
17657
3322
21957
6109
1057
28177
5423
2738
5350
31461
21843
20567
17160
19904
26121
7814
210
5257
26475
30660
22479
32608
3098
30599
5489
25909
24049
8042
18935
1536
23069
4287
16609
26844
19390
21615
463
14158
16835
19238
22265
5856
25482
8863
10739
219
8843
27778
15461
7878
21602
6531
2657
16195
28970
12595
25035
31956
31339
16193
9626
5660
3060
10375
1477
24226
16531
15649
20506
19340
16869
16275
5759
27900
9967
24192
28609
13501
11789
10921
12370
16848
11502
16745
3855
12368
20399
708
3436
29609
19123
14513
14865
24207
12422
19579
11222
22681
22764
3422
22181
23436
16796
15818
27462
14612
5397
22619
26100
11777
13802
13467
5002
4578
7412
19659
7489
27652
27569
4228
13490
25018
2127
15239
3232
30194
6545
20571
14087
10153
21644
28509
28283
25753
10049
5185
6377
15798
14332
14511
3148
15634
2326
28056
21336
29245
19346
19610
13316
30900
5811
2403
22557
9706
20301
3322
30875
20185
7279
13770
18573
15805
28711
27219
12934
22393
25178
5783
6735
10973
12909
6107
13172
20063
19579
462
15706
4150
24181
29100
17715
6983
19865
30418
21451
22759
4760
32724
22329
10258
20566
23702
22019
18157
7438
25484
728
30214
19320
12728
15570
13796
19180
30792
23527
19508
15216
6399
19885
8232
30245
22494
2407
28817
23686
20646
16660
21192
2541
6807
8067
13398
120
22955
4047
19508
7682
5577
6177
17161
4232
31867
5797
11857
9764
4587
6792
18694
30568
12542
10193
14638
7597
6084
17658
4930
7434
11439
13846
15161
14258
4423
8696
31014
959
17676
20644
20901
28247
29536
10574
27649
7842
31549
15120
28080
24191
10215
4806
18387
10258
11386
32568
32261
20716
21377
25185
19007
25046
5323
4755
29232
1534
26181
18514
13283
4957
26244
2200
7372
15286
31765
31591
11858
5233
14274
22621
405
12893
17008
29329
12340
25272
28387
6931
21304
7028
19664
12291
31378
8714
21276
16795
12866
17104
4363
7406
28826
1484
14218
28588
27601
5858
8969
3451
19932
10740
699
27668
13929
1877
25872
5661
4056
15133
20399
27170
19418
26026
9978
24004
31473
23921
18432
1154
6887
25427
9397
29653
28443
23820
3370
19853
25578
25800
9147
28987
20666
3076
9173
25949
22001
32729
26172
21076
22287
9596
5162
4915
23124
25010
27969
17266
662
2046
14450
26222
13219
26008
30308
25914
27166
496
25772
17188
28618
18854
20695
11763
3356
29503
32357
13865
31446
9069
25919
906
10828
16730
16541
17596
3370
9477
15647
28617
11878
28849
17104
6362
21489
10040
26458
25450
4284
6027
26326
1179
18074
19556
25235
25647
3862
12092
19445
5224
27677
21432
17499
12882
14
27766
9219
11998
27358
22748
29227
1752
13871
21121
13485
31736
11879
15505
32612
16198
18123
17824
14789
21131
19760
5949
17155
32734
17913
3171
13517
15537
5585
21189
21931
12139
396
7608
29346
19709
7219
3655
17988
4393
4502
13634
28496
13589
2346
1512
14155
5046
20486
11265
8631
27030
25179
22524
32701
26157
20369
30283
2790
20601
24052
10709
6485
10103
28739
29734
30108
11546
10797
13923
26579
25446
18025
10575
1376
4073
28416
27468
30603
25692
32657
32629
9992
29473
19972
29305
12875
31892
18250
2043
15303
22067
28881
16106
10305
23782
3424
4163
3226
7631
14735
11907
5975
8719
28118
20326
19162
30566
28023
21226
7166
15245
21477
8426
31717
25146
2025
4368
24162
7258
22272
31350
13438
15303
2149
8392
756
29792
32429
8641
13122
3334
25177
32376
4733
24718
28723
4199
26208
3796
22792
20927
916
10304
24181
19407
9661
13472
24096
29881
7729
14350
31298
2554
30808
18420
4243
23106
8583
17411
4525
26141
13590
16026
19981
28538
18475
30580
16922
10952
15355
18678
27384
7680
9897
6569
19146
20836
32175
2037
14156
25244
14295
5008
10940
20529
32224
32269
11990
21421
16179
22594
9497
24277
13494
20254
15170
10105
18914
6870
20115
29156
26853
575
9352
29694
7229
30257
22608
27456
26185
31363
1420
19251
25701
22243
6755
1055
11789
26403
12476
12301
14700
15257
7001
28403
14324
16807
19858
24239
2082
29742
727
460
9070
12320
1982
29011
29518
31555
3938
12100
9098
24601
17382
17625
16847
9851
13918
21010
16308
4329
26057
23011
24607
1784
11163
7806
24087
15363
20707
28426
4264
243
32743
21243
10548
23186
871
32292
10889
718
24444
23868
9431
32385
18118
23880
32431
15376
5099
529
4716
31116
30028
28795
1667
24428
19664
8085
26854
6631
31074
2171
4342
21170
17767
27102
28576
17623
24090
25233
24828
5911
417
3955
31847
29136
12964
10302
2289
32489
15666
2445
14121
6642
13452
28182
3976
8144
16255
6724
22976
31458
10894
11162
930
5025
8592
29922
14022
14820
23433
26018
7426
20927
28382
19665
7721
25288
15839
31684
9524
2052
10346
30525
4838
11639
29809
22134
24503
12405
28931
17762
15638
2888
28778
13725
446
20363
4302
18929
18915
13233
892
16637
19285
23475
4681
4939
18895
26791
6357
15502
1613
4867
15300
30113
12023
21611
16300
6477
5586
10344
16549
11424
5659
22642
18399
28010
14278
29333
22503
13674
31690
4368
17835
21032
12720
1101
28167
16784
27614
32273
15306
8434
14459
17684
24947
18319
18053
12004
31570
12807
20371
19065
32208
24449
534
4530
7471
2491
28617
2577
22086
4244
11356
15893
2497
15868
24068
23453
22918
26386
5228
17607
27439
7295
19259
24699
11049
3142
794
22403
15849
12176
13116
6579
1506
8119
12886
1110
27555
30130
15796
14444
28783
28405
7491
22974
26319
13912
5836
11116
7405
1740
17117
29696
25642
11998
30829
27433
26806
29133
768
9052
2171
26946
16429
25553
32031
29246
16898
22415
5137
8783
18921
30286
9084
5434
29948
9746
6615
4691
4231
27304
22623
3108
28731
24722
8821
26792
10226
6848
16721
10781
29690
7473
30474
7011
29647
18463
20060
1162
24979
17214
6224
10792
29881
25588
26876
7689
2450
32296
24770
22927
3372
18669
271
13302
28975
25109
11865
1866
13523
25984
25813
13606
12897
4063
3150
30212
9794
18827
17989
18975
21209
8899
27522
8424
24533
16925
9547
5961
26069
363
30694
30854
32673
13738
26077
19276
32505
31383
11991
24788
3529
13291
4187
25447
11202
11356
17462
27434
10497
29614
29842
1522
29833
15376
32371
7173
26790
5050
17349
6633
31898
27876
19682
5911
8067
20404
960
2471
26041
25061
17673
19847
28584
28587
32444
29449
28138
13623
31508
29445
22120
28698
1085
8328
478
21281
28640
18170
31818
7771
8678
3545
28126
15028
13646
1624
15328
23734
15462
7454
15272
244
4707
22494
9714
23147
9173
27711
245
27068
15660
29134
12875
24631
30228
6239
18813
2075
185
3549
15035
22034
12651
25520
24836
7209
14757
18894
24379
4623
3217
16608
31480
26338
8369
6527
32637
15495
9604
11423
31411
18768
9317
26505
20744
21197
20921
17752
32518
22165
31783
22932
19779
932
5054
22618
5680
15036
8320
29169
6605
8633
25284
26929
7488
19906
24004
1552
7108
12447
21481
18935
32081
1187
14680
13167
13434
19904
3999
18418
26866
8846
7036
19412
14449
22092
21277
5228
1316
25492
23907
5703
31135
23485
32348
12241
27968
11133
14999
8019
12115
20913
1147
27359
18572
30568
26023
20567
25012
21913
11986
20007
2156
31879
8840
3645
12691
8793
21129
30982
9356
20196
30267
9142
28640
2548
10631
9600
19905
8934
10803
10113
3196
26129
829
21146
16755
30336
25032
13859
2965
21670
24751
14678
6961
8970
6517
27077
9186
32515
14855
19511
16009
25402
27690
12360
9055
24780
25647
10349
4702
2291
28989
27472
22973
5516
17508
20854
17068
27795
8866
20002
15954
19135
13337
5315
13813
23856
7923
2844
13346
7852
14033
25880
13537
7555
11534
29130
10
159
96
5658
8910
20897
19318
31093
19646
10894
22394
13265
14960
4629
1141
15238
1109
29245
9786
27114
17358
13975
17940
17910
16641
5519
9146
11161
19132
5113
6236
1290
32610
29317
32660
13298
11666
466
30465
4561
19352
20273
21892
10801
9965
12251
5655
22311
15052
16229
15854
8236
11677
7363
27509
15008
29572
16207
31269
3213
20524
26709
21078
5365
30416
16006
13270
4299
18667
17672
6246
8353
17966
5071
30271
15813
17986
10699
24023
30461
24700
23343
19499
12668
28593
13307
27803
268
9302
13728
11807
22152
29563
3365
4286
16250
6670
18888
84
1810
22382
17653
9037
9786
31954
8800
32464
12307
20174
23999
17776
8805
734
29657
21258
15002
19005
32277
19709
4228
11582
1963
9524
18819
28992
10830
22722
22967
240
14861
24730
23438
29273
22015
22422
2815
17740
15333
23711
2807
19502
4906
21237
20979
19333
20886
31029
6289
11013
17456
20748
18364
936
21957
6773
31228
26982
27923
7907
25271
28892
7553
964
4896
28942
12959
30196
11178
16177
27884
18934
25476
8825
29349
23706
29080
13628
6556
19515
22011
24865
2974
26853
11051
16987
5751
19893
1454
20898
13406
32466
30049
14487
32194
27889
26051
8927
29796
29797
17488
4002
795
8606
13146
6954
14498
7274
12196
22321
25625
25155
267
13746
25078
31282
3541
15884
699
25959
10457
11438
28416
32131
18707
12051
14891
16092
23206
24766
10626
20839
25323
28151
23084
1609
32054
26905
4448
29491
11307
25472
4730
28688
28866
17010
23010
17064
8549
17759
28933
13075
16274
23085
20292
5046
947
15998
10399
10374
29062
23187
2950
26159
19661
6279
30161
9367
2767
1833
5243
31608
16598
19485
20271
24781
9128
15178
32061
1733
11722
3220
32274
2860
6833
11526
31577
24553
27285
6489
11029
7973
17669
10351
15385
27475
25184
29457
23001
1718
20229
15982
21113
11710
17063
3703
20897
19557
27244
3030
5149
31976
11130
21828
21031
8376
26417
1922
28580
14312
12791
5304
26596
18607
18997
2916
6641
29634
24029
6013
12514
16486
26025
1429
1773
487
2781
6223
27469
26650
19382
5071
27089
14854
29310
15273
16932
12909
5179
30297
9175
13901
29818
1129
22611
13934
24685
28226
9554
11595
23179
28082
31912
14986
20498
29829
20720
13187
29199
3740
28102
15965
3151
20426
20472
3626
15048
16424
30801
10082
24010
31218
7708
26526
18483
27225
3624
29023
15006
4732
6686
14258
22634
27441
22311
27433
15394
6925
22471
6480
14079
10649
19905
7719
23102
15872
25544
11686
9604
22920
17136
17360
8218
5951
10232
18891
23151
24988
25897
24129
21500
18655
27093
23468
13385
8890
4169
32714
31584
15950
31081
29574
432
12419
27386
12695
25621
14060
30228
17125
31581
4064
26629
8003
22316
20590
13578
266
21414
16483
12818
10330
5991
7095
6129
3985
7334
11671
1936
4806
14825
845
21834
18870
12026
26266
9394
30136
18592
24186
3874
28291
18539
21882
5063
5087
2545
15160
16534
15203
21854
633
13952
32073
28838
3721
24485
16618
28369
28096
9232
23396
29398
6252
5764
2908
29278
17078
2529
22005
29343
6365
10718
18991
30126
23097
639
13042
14959
11411
24829
25345
15377
14815
32724
1383
19942
4896
1370
13302
11497
2201
29859
25423
20871
16869
31793
5208
20548
19090
18596
26601
1412
10342
5748
22593
7961
16854
1551
6224
16771
10196
8626
11347
6983
8617
17146
28726
22442
11661
10691
4217
7554
26872
28113
24425
28029
6887
6939
26703
31632
6595
11851
28488
17628
6395
28846
27172
27881
31120
11655
19426
10740
14120
5175
15327
8990
26326
30707
10842
30789
23076
20440
23311
16417
28768
31956
7577
23147
3675
12441
32109
4003
10250
29060
15483
9777
28195
13307
30387
30660
13327
13145
24871
8820
3944
16480
4125
12174
12605
1517
5188
830
12642
22403
21779
2986
11050
21585
24084
27034
26261
19010
21953
21668
809
3883
7402
523
18799
20782
9314
26306
17326
27908
27383
17482
13377
30702
227
15226
1298
20305
25886
968
17798
3777
19842
16843
7527
25679
5496
30803
20686
29564
30156
19224
28768
6728
29795
5854
24293
32259
29860
8112
8622
11438
22704
16774
30679
5563
26673
16055
24686
26273
23610
14907
23288
20326
28005
21127
6899
14661
14612
21246
29694
14768
21157
26457
17498
17348
31280
25575
3022
20443
9294
30937
9654
28139
27311
27190
6167
2435
3954
2450
12296
19461
14772
31628
16860
7509
18986
17402
27086
32563
21780
6745
29529
7256
24089
10012
9964
25622
13444
6837
29711
26584
6462
29534
2113
10739
15497
23574
21164
564
32397
16775
25584
29843
27434
24421
1271
21034
29999
3571
27634
32763
21003
1596
25191
31615
9300
14415
9799
32587
14894
24865
20615
3568
18561
6188
29073
31687
7577
8967
18510
22957
18517
14855
1550
13214
13247
7681
13285
13893
6822
22362
30888
8501
24756
9410
10475
10152
20398
20987
11234
8287
21518
17579
19045
18926
22566
14222
15568
13018
29922
24808
17609
9219
19127
15115
9456
23926
30785
8819
23161
7552
23958
19076
31709
28874
24697
21207
14794
20689
27780
27568
29277
12747
25869
782
9344
4472
30931
29070
18515
16669
5869
11889
15740
6838
7878
18182
13327
5583
3318
7516
347
8249
11533
18023
25095
10822
8473
11589
7707
15608
25072
20862
18112
22388
13643
6676
23706
23541
7073
18703
859
4524
25172
19537
26426
9768
7419
22960
20515
14445
3092
7218
15330
18231
31580
23370
19854
13057
3791
12164
8372
22221
15222
21750
4358
23159
27458
3993
7044
27934
29423
14033
25886
23690
13614
13960
17751
3068
17920
1106
28412
9483
21413
7207
24871
8801
14534
22429
18289
10291
10950
13794
3995
22724
31964
12113
16175
7575
32504
4146
3631
15223
20579
10533
18173
15222
4400
23262
4740
2407
4424
6684
115
30476
21086
24643
3908
24870
396
10298
30759
20783
21502
6540
7629
27358
19082
1882
13584
27342
1178
20352
27523
10282
6426
2801
27966
29035
10538
28128
12366
4498
32585
32738
15280
5218
20589
19669
4139
9906
21753
2886
12905
24877
12076
29683
5547
13915
7729
14088
15278
29014
13833
26964
9660
31544
3162
32629
27174
4948
23134
2770
16405
5599
15677
7458
22809
17234
8398
23344
17281
15478
23337
23235
22289
20578
27979
19509
18737
11232
26863
30589
31323
30526
31378
21630
4928
5678
15918
17301
11043
13465
15446
24643
6678
16271
25093
20683
9150
13677
25159
26415
11499
28834
32212
23807
11946
14247
5326
22476
3690
29415
6108
9738
12379
6261
3144
2424
13159
3316
6470
28406
24881
29711
7225
1702
18144
23184
31018
19660
22651
31303
20695
29212
29894
22855
27214
204
10348
26749
20761
32720
28981
23008
15839
5446
25596
20827
19141
21765
2925
13268
5884
23214
3922
2734
10471
27450
28468
10172
15869
27523
20733
4382
7549
6582
18674
16407
19626
10247
7440
1055
24474
11547
4781
19219
27988
26894
19181
13223
16271
9406
26149
12681
10353
22595
13500
31361
6815
1040
31500
30275
24394
12168
12887
11169
27079
18601
16355
15211
25137
25960
31854
14641
18654
5952
19037
14280
4716
19934
26682
25247
23197
16057
10582
14317
8313
16090
28708
9043
19486
13861
27276
17077
31763
25363
30425
9929
14462
18066
4672
28771
4603
13564
14556
3315
26946
25670
6506
24653
30613
20648
32190
7117
7204
19119
16097
17101
10407
2154
16101
11578
1561
30396
9478
18955
9958
31426
14297
14688
11162
18694
11859
20715
16696
14056
5317
21943
27509
22404
25934
28413
7552
6057
446
4878
5506
28990
29621
30043
30774
31236
23920
17007
1957
22415
7949
26966
11231
27744
19419
20881
20135
22854
16612
17170
8271
18763
259
851
27005
9244
24259
8076
10996
9736
13133
21431
30231
12508
13574
9628
25061
3436
3934
4465
30390
31875
14736
3130
18273
14319
17941
12253
510
14216
28800
9486
13869
25978
24880
9719
31421
25556
17386
24238
3035
15861
19026
12744
23376
3442
2430
353
23957
28384
3429
2749
19122
5431
10024
15674
26365
18064
30534
16783
7576
20463
11484
19442
10292
12631
24739
18298
15869
4527
12510
17533
22661
8600
14538
4984
28287
11365
22516
1492
15050
9108
20334
12928
16539
3868
3955
2411
2198
678
20556
13804
31711
18833
2302
13810
21099
20037
30825
21147
6528
30668
8982
25668
5989
22482
6553
24806
12061
13763
13869
16646
2796
13819
17318
17463
21458
7771
11912
1387
16726
10064
8057
22442
12987
21052
14312
20340
19355
7144
4363
22647
5109
21093
10384
7897
9184
23431
15337
7693
28786
6758
31979
10666
3268
8194
16075
30140
2133
20553
2243
15034
20739
6700
28454
8437
24492
9345
16585
14987
21520
27805
21662
30953
26959
15911
15425
23268
3292
27001
32323
15250
25162
9549
28149
17345
12703
11095
24571
19236
17897
25597
12500
7817
18100
19310
20210
28165
4696
2495
24717
15993
18777
8009
17599
18023
16235
9382
13051
28008
6461
2750
15643
16070
19506
15341
469
16628
7237
13610
27641
28643
21058
5955
13800
1564
11531
32327
5330
23175
2114
11672
30595
10943
1010
19078
14761
30546
8165
16583
6126
1791
31860
25779
13686
26034
24886
17931
19072
13034
32115
15368
8840
25714
18321
17126
25633
19562
17468
7901
14303
14560
27536
20998
1083
13095
2030
8572
402
23646
8195
2795
14975
7523
7888
4802
9451
27265
1638
32324
28700
18543
12913
16463
5478
2508
2819
2527
23519
31515
3404
8409
24710
13115
25338
16956
31174
25380
2948
212
4101
17340
1650
16616
6072
8316
10160
3412
27244
1209
2402
25092
17355
8984
21264
11805
23756
14063
32120
15539
23653
31039
13540
9835
32121
32043
16865
15977
28484
28099
1223
4689
20297
2348
1194
16062
24967
19007
9998
22433
14179
14615
9247
18194
28542
20350
1253
32606
30407
29516
8753
2400
8026
26699
30517
8572
13344
30998
14179
5694
24018
2507
26963
23294
28141
25608
4367
1014
19296
21203
24991
32225
7111
26414
13279
32147
13273
26274
14928
24803
28289
4259
30894
353
32151
29260
23339
3366
10564
4452
10231
13537
15620
12433
2976
23261
2342
27169
17085
15580
7720
12732
28757
21991
1200
31039
8821
29498
2294
16814
11106
14605
6322
20680
13427
27336
5479
24951
15336
30050
25359
10729
17283
24722
4632
5205
27241
5484
15458
14115
22634
4552
29654
732
29139
18641
16223
10775
3728
25724
6269
19369
31854
26734
11064
21163
11465
9067
24043
7287
10374
25484
31009
20920
5542
27834
30982
5613
3300
13821
13595
2751
19105
29924
4341
15528
28451
17391
23159
10566
22591
2212
13105
16949
24899
12855
2762
4256
23740
1510
1956
11763
26652
22220
19751
23570
20450
8222
21591
32363
10838
27148
15826
23986
9196
27114
24657
20594
5108
17731
6601
6598
21320
14573
15722
32364
11347
23265
13886
23114
980
31493
22956
3910
6466
21675
19067
7273
3406
14345
3498
16757
6752
17565
24935
4949
30116
17513
9178
1899
16830
1157
21022
15873
13846
6147
15684
28961
1726
15733
8631
5509
29866
6320
8936
6868
11406
23488
12293
5842
22035
5877
24737
25470
26063
12121
20318
20493
433
32440
17053
14106
9589
7913
4196
23221
19700
14890
5109
1692
27457
11136
15699
15937
18132
3435
20958
18252
12242
266
4643
23571
30303
16701
7561
10696
16344
9535
18634
19202
3754
14814
12713
20480
4027
23525
31794
29792
3987
19280
5623
265
17263
7138
7442
6510
4234
20528
1241
15394
22537
17970
21078
14379
21203
27266
1420
2978
8837
12934
14918
24323
28694
12845
1853
12471
12240
1593
5538
25608
5284
12994
4861
31858
20927
16644
10493
3516
31202
4803
28444
23892
31747
27830
32245
22340
30967
19766
2253
4307
18711
12834
5025
15641
19182
6267
14398
18027
6103
30297
494
29481
13627
27915
1120
26852
22870
16234
16520
28865
657
627
26689
14726
4377
2469
5197
3389
2870
14740
11846
15103
16082
20912
20460
15074
28891
7793
888
22625
4871
25756
1927
27250
25041
23382
20943
2306
1852
31487
9901
1477
21567
32734
29321
17294
24647
27595
16333
11939
21562
3756
2191
27834
4987
15826
29910
17109
26209
6157
27811
24437
6500
15012
7087
8799
5194
9246
21540
16294
24584
13807
604
24349
11896
23618
22745
30287
2043
27310
31208
9523
6103
3050
16320
31462
27765
20826
5044
2365
19663
10941
10660
3464
10272
29638
31150
19997
23219
1143
30885
17241
21260
14534
19550
8510
17172
19960
8900
2584
19355
20593
9300
11540
11383
21604
27996
4579
28877
14840
4836
25467
31248
12055
4209
4656
11812
8635
26935
30470
4298
5307
20266
21233
2941
5806
3264
16183
18004
10725
5864
18217
1725
17449
22199
31246
10098
28867
11770
462
12297
10387
26153
15632
6937
21844
18479
21043
24967
8888
26659
29794
23578
28582
27530
12911
30674
15491
4671
30406
24066
30928
3074
26668
17554
5359
20488
13829
15122
125
20072
30513
19869
5598
32009
11659
9454
12956
26099
18608
1036
25391
12013
18987
1684
1206
4459
23177
4331
27154
14829
17922
10159
15784
8957
2248
18614
23516
31695
19637
22673
12592
18260
23489
19652
29783
1422
11668
15957
4210
31762
5529
6613
28304
25682
4917
3668
16382
28295
22267
15169
31859
4069
1480
25120
9355
30639
17223
2431
31925
22914
1245
1009
26319
25327
26559
17555
12325
31583
3280
16613
19475
4920
30745
25621
10247
12559
26891
28244
31234
32563
6924
4789
1493
7520
913
32270
22881
6306
24114
18241
10816
16080
14312
2364
28965
10694
11864
20155
7813
6395
30398
471
23554
16531
17145
26952
32020
25235
25134
17054
2988
797
26823
11221
8619
4654
19353
21471
16846
31201
20770
12389
20684
31641
19116
7000
2511
32593
26096
7761
20364
7305
24036
26828
17342
32566
19094
32762
13664
32172
22542
19374
1184
8170
4706
9080
20625
31003
10083
20384
13198
28662
14403
19899
19456
18454
5869
25851
1916
6394
20115
27948
23640
28391
7911
28493
2825
20284
27312
31127
6529
10018
25015
14794
426
21569
29737
11321
10764
25174
17686
10468
4143
6733
9888
296
23561
13974
19141
7268
28106
28438
19614
2608
30477
10066
20428
26624
7437
19157
30638
9072
15655
10535
32191
23098
12735
13024
8282
5296
14374
25731
17376
12466
10079
6200
15677
31768
5101
15984
29597
11553
22006
5250
8442
3602
3059
236
22558
2081
21570
12429
24658
31098
27243
19253
23568
12841
5049
21140
9572
14204
5705
13502
6941
26913
32421
21762
16372
23729
20795
30952
8722
17697
17842
16593
24279
9833
28060
29002
25329
2359
10782
30552
17054
6444
30408
31869
14856
5815
294
7010
12072
31926
18047
11896
22154
26030
20570
11575
28338
27651
3375
5604
3718
25066
21669
2713
23879
29605
8689
30840
14405
18757
25649
1799
11456
17878
6295
4217
29078
20332
28969
7880
13548
20219
30619
27654
2824
25105
28571
18923
14426
14004
10851
25778
8460
25317
5621
16372
12948
23273
13653
19655
19224
3251
32583
2807
8544
18947
28539
14709
28121
7677
11673
4730
19376
16780
27111
1845
5404
10580
7471
31285
5285
4946
25219
12937
11479
26291
29000
2061
3919
26418
21973
22399
29222
29622
30462
13315
6678
30484
29498
26447
30525
156
13564
2760
14392
32389
19789
1455
16507
31067
28064
5475
16068
28102
16479
28698
442
4357
1551
17136
16222
12775
16384
12145
19862
6471
13356
28810
18803
18141
23920
10320
25904
3486
19202
9811
16030
889
12345
11040
25598
14576
1377
23896
30760
25289
29798
1597
29099
14914
32086
13106
5478
10625
920
9668
20714
29632
23600
26171
4021
13305
31517
2553
17534
24471
20860
20200
29762
13540
6044
29341
17251
19020
26584
15931
27051
5289
28341
17339
32442
22388
21111
30884
25097
5334
23474
22281
12461
25631
30766
13034
7744
15504
12443
15691
18692
20297
10110
19737
23053
2633
10040
6188
16374
29633
17395
775
30820
3113
22608
28531
11565
7692
18770
29737
25776
4370
14978
28868
7411
15497
2776
30599
28762
19388
7547
28323
31
27542
27002
2203
5117
29688
18200
23227
26842
5796
25525
31483
6258
1706
30406
20325
22275
9140
3709
10608
5355
19097
3576
13309
6534
25547
22334
7606
6895
23213
11630
20305
30640
7057
15721
15144
3017
9618
20712
22400
5652
62
13987
19750
5354
5481
32473
27420
8434
17475
15464
26107
31587
12204
31308
793
26352
3550
28846
1744
23458
22003
16532
27431
26075
1061
8890
6033
11817
7497
31075
25113
15544
12661
28812
9799
28285
21991
11948
28035
7841
6948
31351
14629
22276
25981
20931
14183
32289
6423
26992
13034
7579
27569
11164
14283
25568
13130
29057
2873
31565
13601
7618
22828
16343
14447
3694
14128
10013
12447
8306
3138
212
19536
9155
18316
22977
1095
22888
31142
13093
1562
13784
32234
16887
19280
17522
12793
9099
28941
25252
32352
20310
324
27949
21795
6187
8919
31315
26691
20224
13321
507
12640
17698
30410
8387
17893
10723
27677
22306
18874
31307
10482
4756
6062
5855
24313
11518
13908
423
14414
2092
4530
24613
14307
32079
20931
32661
28313
8825
21934
13514
8582
11697
23151
18961
9517
16656
12930
19887
11608
1776
17641
16275
3034
32179
22515
15801
32461
32505
4125
27366
10742
13072
16376
30132
21816
27799
16427
31819
20651
20196
3851
23131
21923
24573
19622
17463
18799
23938
32583
21013
5283
9913
28977
17533
25272
10170
10765
7072
663
14628
4612
27907
11273
1547
421
24420
5555
15947
31520
18945
3938
17105
1073
7578
29619
8350
6055
23259
28581
32380
3520
22170
6255
17021
21393
412
27365
21808
14045
31842
1576
12434
29537
6367
9576
22843
3180
23147
10127
22923
16130
7578
5743
14689
24633
5075
4860
15134
21580
22650
30798
32255
19488
15428
9816
18359
27137
3974
25033
17685
475
14214
4173
16015
1965
8874
7865
14165
9094
11585
3634
27981
843
23713
9599
24008
2199
31207
7994
11093
30653
24863
15819
3430
3038
11872
15848
25724
24992
2386
27762
32669
1837
7883
16306
5907
13369
24000
11222
29836
17747
18210
4891
24261
32063
13202
2925
9955
1364
32112
28465
16087
10578
6888
30301
24885
23311
18659
15226
3898
15687
23708
18468
14458
2024
17211
16727
7560
28238
16058
9251
4979
8965
31900
10768
4940
2933
11931
8699
16448
20207
976
15547
12086
17598
23315
23620
8806
262
25668
12945
19347
8003
16300
31687
25388
5466
26943
31655
27746
28316
21635
3341
24720
19772
2930
5761
8406
4924
7132
28090
29411
29979
11264
30669
12823
23475
23486
16435
27490
19983
8278
30550
907
2713
4075
12259
32053
19627
27633
3767
10106
821
18064
6686
29051
12986
2345
2402
27986
6489
30997
8023
28330
13774
6950
21507
6603
5183
18380
28775
31555
12184
28607
17641
284
6355
11346
30511
7707
17305
28058
1833
28073
5861
27898
32462
31809
4640
4246
21169
26203
14694
30735
21175
32293
8459
23242
16251
29548
2153
17080
6353
15417
13450
10898
18914
22312
30094
13877
8757
9117
27454
29704
16727
192
3221
27567
22957
22108
16141
31417
23572
3342
20630
15543
30007
29197
6080
31248
21559
14266
16195
17819
9262
31178
3869
5808
15528
31978
10079
24109
17674
7939
9053
29262
30102
28394
22636
15950
8550
18235
19725
3094
16744
20083
15417
23637
21337
2592
14224
10607
8990
18135
14531
124
22038
29998
1376
11751
24997
25110
20128
26208
1642
11359
12166
12294
813
20410
2822
16718
23747
13128
15584
20885
21071
26887
23191
20618
5678
30169
4840
2929
28816
31000
10662
32617
6683
8490
3386
27492
20220
2999
32672
19912
21942
26833
16492
7693
9694
14798
15416
28873
13982
25392
28871
3300
19045
15422
18253
7001
21947
20804
9842
25643
17148
7329
28594
14203
799
24591
14011
9614
27858
6306
19777
32219
18682
17321
3359
8607
27052
21294
19471
17814
30453
29562
12184
1208
7738
31872
735
7124
19355
22258
8824
30387
4813
4117
29126
6094
31446
600
27209
11196
18592
3117
13145
21373
25634
4770
20123
27674
18564
16209
3729
12963
19110
16830
31997
22442
3651
17869
14410
22354
783
17047
10087
22587
28630
5877
2605
23508
7410
30372
23501
24428
5384
17648
16834
24754
2842
14323
29444
24886
15699
3805
17400
10526
299
10443
21773
14174
8707
27848
15754
28300
27032
4668
32191
15029
31733
30191
8676
2195
18990
31861
6053
2886
7936
30559
20275
9163
31281
7694
15223
3760
28383
14608
17235
4031
15919
8389
26010
1278
11463
1264
2436
30234
7353
17059
28659
22969
18967
15700
19169
9586
30187
27399
12331
26037
23870
27123
29985
29072
6573
28596
20178
21440
15820
7059
17020
8986
9675
27443
17538
32292
3298
1814
108
31188
5477
2703
31990
1470
13898
13930
25037
3764
17928
17129
28696
14784
18021
16602
29656
20765
31382
9332
7831
30146
11464
26410
21285
8343
7887
7439
7617
8488
5742
4874
4254
13391
356
2818
10908
13765
17150
11045
21059
22282
6031
5382
15814
19844
20771
15055
13572
26418
28743
10163
17667
23351
25605
4967
25366
7450
20856
16820
19817
28608
6823
9245
12951
15180
7711
29465
23348
4756
25417
15685
7989
5990
1619
44
25574
21
17443
47
7294
30762
10006
24993
26584
12871
21761
15236
11620
14825
10549
1210
1404
13441
32342
28644
19307
10670
26711
21302
151
8434
6600
14117
12410
25542
32008
3622
5454
10564
10237
30768
12060
16024
28492
23177
25361
13552
15207
15699
24741
6712
32371
25192
18865
6248
19519
2822
458
14758
27317
15317
17001
6560
15814
25856
22747
3809
21915
23569
8890
9363
19817
26460
4601
16352
8088
10676
9055
10648
8540
20541
5743
23185
