9952
12666
3973
24028
23006
29326
23024
3680
24841
3148
29848
8292
1515
9143
12231
30754
21028
4443
23640
27677
16692
24979
13555
14163
23665
11803
22106
21895
31988
11500
22098
13460
8470
28238
17516
11446
14196
15112
7339
754
25333
20555
5181
26423
17624
29639
19200
14623
3511
30289
20253
24988
29483
22104
20046
8746
13303
17150
7306
16123
26520
16230
11994
27957
20157
9581
28153
4913
28371
9505
5380
20979
1864
3154
19446
9797
8468
10050
28702
21151
16404
27641
26913
4775
24778
14862
6289
32478
15140
10430
20723
13515
4693
2325
8330
28809
20485
5669
17944
3977
7783
3107
12183
26346
25278
20650
31310
2274
25441
16883
1058
26038
6695
28596
8504
21468
15919
17363
23889
31665
25936
22545
14698
9910
302
22961
12703
3515
21690
8911
15768
24771
7274
4740
5820
13768
2785
25798
28465
16413
20240
23883
27158
2761
29519
682
15350
12107
24305
25227
28022
6107
3836
9280
16509
15911
30061
21727
7795
12180
1236
7705
24857
15283
16967
24940
32634
23091
9629
10829
3907
23846
8776
7442
28820
30963
28543
217
12942
14744
8752
20322
25598
21429
24000
18148
4542
5409
11196
28904
26931
4461
20770
16063
29362
1667
18415
17716
29002
8669
10285
13634
21070
23717
31571
17930
31613
9779
29472
4256
1708
28400
5979
3046
21738
26108
3579
31120
5232
15663
13743
9726
16701
5425
12896
1582
18821
20249
7425
16665
21237
9775
11634
564
11116
15412
1470
1874
26338
9494
14514
13494
24162
30254
17004
352
28263
6989
28778
7563
25594
23201
8966
13385
18940
4460
17146
1135
4340
21326
16869
6301
30689
1047
15568
4006
6674
31730
16210
15552
15126
1902
26646
9209
17650
21912
23281
16574
23257
31195
26652
13891
5036
23726
26279
29492
102
21035
29214
5795
31211
32719
5247
27901
20569
25688
30217
4947
25606
7990
8016
32269
26148
21084
23268
30223
11122
29538
12153
9473
7513
10430
2673
24919
2964
6517
29284
27762
30921
446
303
1857
29309
18604
6651
5058
26032
9091
19507
23554
18131
6485
17617
19514
18581
21351
5091
30589
29001
1195
1149
15879
29028
7562
13735
11150
12988
26949
21508
22784
8403
6442
14874
7941
6168
22080
17652
12620
3208
3681
6156
3636
11389
1187
31012
26701
7226
7286
6621
21822
26356
19121
27417
8753
28486
15810
24212
10568
7880
4455
17727
31214
3044
19693
19459
17462
15029
8752
28328
14136
13008
10285
12366
3951
6021
18006
6935
15196
12059
21767
5846
30071
19255
9405
10013
26204
1801
28102
11284
736
29877
9026
17783
23439
14239
24973
3415
9234
19610
17599
12612
12230
31401
7762
13302
3380
11300
13606
23753
18293
22224
22727
31167
30301
8066
28695
31535
28161
7647
10442
23447
9783
17867
31853
13422
25585
7317
11896
4879
15120
24606
28364
28580
5296
10471
31615
14720
198
23002
32412
11730
26668
3688
14667
9944
27346
18250
2710
10448
22884
32629
6124
27352
26262
15568
192
27574
10477
22040
21585
20791
25309
4776
23609
17543
3045
4221
30991
25306
30206
9379
16700
25406
3187
23054
20857
9411
28853
12523
16
27186
32079
31502
23600
14700
15705
29618
11658
25741
14499
31560
14410
11205
8094
3489
3583
16521
11183
4293
31277
15787
7423
15755
31993
31923
983
17887
13025
26826
877
19960
30280
30014
32149
29239
20217
2528
1165
31201
32019
20819
1180
4630
4981
27778
2915
28185
12924
28615
7850
16741
25779
32574
5331
12181
17061
20886
32232
1382
29472
13959
6989
13690
17823
4282
27002
30019
4266
1205
18130
11160
21021
5894
23993
32262
8980
13451
17461
29651
32375
20664
26436
26769
25242
14922
31648
7434
29394
25070
9254
7933
21467
14537
29171
15764
30306
26782
4870
2413
7522
19914
23846
28833
4361
14265
11527
16014
11440
22144
5580
10977
29944
29964
2119
9402
23766
3353
25147
32691
6023
1678
1437
25850
23545
407
431
11778
15572
30538
7950
18003
22623
11587
30058
10864
22462
18970
31214
3604
13022
24961
3841
2269
1976
8945
13568
5273
18798
22126
27910
18531
23349
24679
16703
26192
9098
1756
30821
438
11664
9680
30409
455
15556
29982
6459
5434
7973
4917
10014
12121
17140
31007
5003
18231
771
24920
1768
620
21263
26156
22597
6375
20022
16250
16738
16896
466
13086
6082
16117
1823
26077
12390
8230
27567
4122
1071
18904
2593
22679
15367
28069
25441
14218
5810
1370
22652
24362
7798
5484
7716
14935
14451
14521
19038
31531
19053
988
8163
27471
3668
17673
4565
21906
4666
4293
9880
25614
7160
5105
32158
2365
21635
26681
23291
32189
11483
12394
26748
18607
28236
16759
16706
11739
15786
2382
25074
13309
13041
11681
12510
22686
26708
7776
28563
25550
4557
18713
10428
22232
2898
37
10501
17287
16565
729
29210
8584
19457
31643
31711
23214
20203
23315
16228
20209
23576
21135
12428
12958
25836
12095
30145
5904
31983
22818
6630
10006
9653
31397
20350
31071
8482
500
10480
20449
6004
10674
11612
11078
21965
11895
22543
23471
21643
15928
5574
18099
22899
8431
22298
20314
29203
19856
17414
32688
22220
32357
7059
24679
32028
24536
3935
23481
32458
19753
27691
19802
15607
18864
4038
704
11587
27454
23033
7730
9464
23958
4108
4436
10034
24788
15023
1212
14008
23497
22492
16478
11860
13921
30980
26301
15865
3458
20621
29722
1943
1651
12286
27409
32008
20331
13044
7376
11354
24808
19264
30656
22070
14860
24366
25821
14221
21281
3866
21173
25860
11847
31575
5307
27670
132
20478
15235
346
29799
23363
6981
15228
31168
17984
24861
20009
12245
8781
13326
2584
13221
5088
20688
28239
23242
15372
29916
31935
25042
24083
13341
27562
16183
21761
18235
17028
20877
7171
27002
9427
28890
17955
5600
9157
28216
29523
31650
31182
16016
3690
13875
24109
21726
3381
5241
29170
2656
26885
30011
10897
12815
26652
8700
2503
14704
10482
20810
3762
4404
31661
14593
17077
30536
7539
28756
28492
27363
17286
15318
11832
28477
12869
2839
11166
9092
29950
31145
748
20640
20569
30940
12032
937
17236
18065
3864
19984
23523
31091
9020
25409
2659
2504
9581
458
13232
29833
1602
2955
24839
2490
2616
10944
1259
2127
13221
6113
6064
9171
5912
5153
6610
11717
13849
29272
10233
9409
3219
17175
13062
25038
7176
17162
32321
6959
8365
12609
20494
16636
6318
27704
247
9572
23707
13858
13554
24368
2129
6664
13078
13997
10394
30753
18308
6920
30803
25309
3387
2513
17201
21833
8001
28883
31155
30390
17751
9197
32576
12343
31938
26286
27200
9362
1051
5951
21884
30667
31425
26370
14548
9077
13916
25919
1695
20969
29577
27599
4223
7181
6627
31531
978
18421
1044
13056
13886
6769
5984
16863
18513
25321
18607
8866
20147
23012
22650
9784
5791
7682
12548
24525
29545
31950
8980
14170
7440
29781
32535
14339
10657
5200
31713
19537
22987
19315
7238
18355
31480
32624
19774
3382
499
3124
12127
15120
30407
12495
9059
21272
20435
18507
617
28141
538
17569
1400
9392
30618
23604
14976
24080
29033
13950
24065
17223
26295
21824
21273
28117
30515
23232
14537
15136
9289
21082
13656
9198
18304
1064
20322
13902
25881
31085
24322
3771
1316
17553
20790
28602
11201
5061
12737
24743
31039
30112
3495
9415
27325
17924
26017
30495
15987
18503
17098
3674
21110
6797
16142
11462
32285
30712
28739
1686
31272
16483
6402
21510
6743
16769
13820
21110
29382
28324
19230
4080
6584
19984
29718
14223
8614
9748
15958
24179
6646
11774
21384
23361
2949
30916
24239
29006
25871
7317
13929
19318
11577
11674
10672
18943
4558
85
11829
1723
28698
28917
8070
21909
32032
13989
15814
6254
13841
21435
13135
6729
17352
13131
17257
10188
17938
25718
18584
29607
8851
11100
9547
15322
2942
31730
31850
11179
2485
8842
24397
16375
7214
9707
12951
8552
13473
26195
17878
18838
15851
2871
4529
14198
17122
22072
2277
4662
7433
3849
6304
11055
12783
13530
31025
27468
22427
6323
14596
22382
7588
8213
7745
15566
23449
30962
264
18888
16769
1742
3981
16860
14336
21581
30563
21946
15333
23734
8396
29187
20838
18444
4414
20417
22006
4799
12992
26849
14373
32683
28612
27146
10375
8630
9706
6084
18748
25820
2492
31589
12932
13715
31473
22082
5773
20958
32139
29841
13999
30042
14815
24241
30180
8686
23054
25911
6291
15329
3261
12336
15107
15704
15436
413
8319
4965
1793
16604
30270
17768
18173
24748
2440
15436
31462
19312
29746
28610
30814
8602
5467
29159
28454
17956
22244
10497
26702
4681
31926
27034
12125
11442
23098
3128
27010
30713
1178
32191
15535
21218
7694
21769
19413
29636
5099
27998
776
3585
22007
29026
1312
3892
8708
29636
25240
18695
8675
26094
28835
11387
23007
32051
1822
14813
18216
7942
18001
22569
29860
21175
11451
845
18385
26136
24139
13522
31205
19318
19172
11328
8321
7988
19557
24152
7705
16528
1818
5075
16822
13221
7
26433
25937
27749
1558
1073
7205
14074
21732
18925
15309
31154
25182
7234
3851
9206
361
22247
4839
5097
7519
1250
31842
25104
16270
29761
11226
7476
24747
31067
4564
21088
616
13506
30224
9799
1431
30013
22294
3309
7182
17378
2134
14116
30913
1061
8335
14198
137
30409
31432
11842
21174
15382
807
20096
26006
27165
5946
13065
14203
25047
12145
4043
7943
9324
5415
7628
18977
25233
13968
26426
28150
22211
14745
28320
17533
7248
30082
14119
12347
9728
19070
31587
754
5398
30412
28230
7897
15524
14991
12260
667
23290
27242
8209
17409
11054
21735
14222
9094
30641
13623
1710
20449
14234
29945
11106
11691
2355
31057
13256
24524
918
23157
18621
4934
3714
17532
16591
951
23820
15612
11767
22534
8157
2089
28669
28461
22991
3147
320
29559
6621
4425
25997
9485
8267
20837
29868
19182
22073
5581
24324
24069
10969
901
11606
2160
32057
29278
23893
10821
11924
12707
24089
15799
24427
10469
18446
23279
10919
21473
26251
374
21789
21057
8032
27130
13031
16003
21901
21816
7355
24835
20688
3266
10719
20766
1853
2633
22309
31728
30469
263
3246
6197
14158
17612
31877
14678
24114
21619
13249
31858
6182
15051
7037
21610
19383
855
15972
30860
9486
20819
7706
5144
18295
32490
28931
31586
3842
13134
10628
5356
19486
11565
23221
7469
2168
6805
14475
25458
19648
10668
9395
24257
13688
5005
21587
12520
10208
30598
20394
28147
18172
5583
9992
27175
25652
15018
3582
7345
7678
14655
17516
24937
18642
5806
24
20155
13850
31661
32557
24087
11778
7318
18414
29540
9031
5178
28186
28072
14815
20696
23512
7226
29051
28741
12566
21966
3889
9462
32385
24726
5027
1237
5535
18515
8991
30561
25903
2327
14242
14663
32650
10501
12394
31579
19609
24834
17000
15785
30882
20946
20424
12086
22528
18868
24874
13092
5587
20221
10202
27543
16326
9440
4947
4448
25324
6230
22082
25219
10150
30192
19865
3435
14779
22934
14221
20532
11523
7773
8664
7291
18643
416
27793
8964
21740
5793
23878
8739
5293
22343
26086
27253
31281
1803
29415
10056
20697
82
2861
16419
23359
19956
20378
13832
25030
12300
1036
11242
31395
5512
9475
12034
29650
27895
5544
20178
5491
20606
9132
14424
27153
10953
14808
19168
13457
1548
13392
1837
7004
7716
29465
15242
5448
31091
2497
20536
5307
29608
3530
9955
10999
3243
1658
12298
32220
24483
16886
18326
17234
12305
22480
17185
13191
32023
23771
32635
5020
717
7345
15071
20735
5796
4155
18579
10279
5786
31087
7759
10170
16384
10262
16500
4413
18804
5670
13020
28926
21011
3439
14152
2577
3124
13838
17963
24780
1133
8583
18204
32562
10887
19022
11279
23832
10326
20391
17218
19194
12152
26232
4139
8134
32260
32760
4137
4916
22916
21315
890
12771
31058
2731
11865
9200
22649
19813
10280
4983
25009
10840
26658
4026
6118
4766
7933
17294
29224
24474
29660
25630
17587
19335
21935
24357
9673
13054
20323
29065
2333
12339
32399
19208
3440
203
17090
3317
31428
15766
14709
17394
7499
10639
5994
31931
26699
30331
11953
6014
31146
12597
28877
17348
3851
2428
19503
15979
32199
20001
22685
5663
11512
32045
23758
3728
8912
301
19359
1178
16449
32729
22176
1069
10835
24975
9449
2901
13389
29690
29282
24113
25518
32570
22957
20061
9949
14126
23038
10486
22884
30428
16271
26773
1613
23694
27544
31377
5490
14017
10498
25395
13375
11156
31422
2780
3113
6603
21309
281
16206
3357
8975
993
30827
3413
9230
31743
28032
2880
22166
27849
29047
31128
32159
7581
16724
22884
31999
12416
710
18471
3211
3618
11711
4177
21768
12349
25885
17590
7918
22502
27971
20263
8482
26266
31363
18498
15886
23573
14562
4358
24198
16324
10152
13113
12164
20861
27898
27036
21039
23531
14163
9612
29132
7156
7035
1560
5538
2793
27036
28779
14119
27954
4972
31448
11925
23172
20853
31222
8248
1657
10648
18030
22049
8811
22887
29218
7912
20831
4370
4824
14659
22090
1633
22504
31709
4226
7463
15731
17678
14873
23313
15595
13601
13494
25234
355
26459
11418
5361
3531
27889
9023
7076
1270
20802
17927
7523
28958
15185
7040
6809
12950
10343
21774
8607
26657
13924
24695
2509
9059
21500
20994
20186
9408
10992
5676
8359
4983
25132
28705
32437
21143
25948
4247
23534
32451
21947
3773
28667
1888
20020
25227
15961
459
1252
5997
26292
13055
15153
22717
2626
5439
4206
31618
27221
19099
23789
14638
24089
18047
24938
20527
21912
20467
9976
31781
27928
13871
28616
5285
15207
2138
6898
29095
4811
16136
30105
6347
19036
5768
5262
9438
8184
4310
18220
12334
19016
27384
23160
25500
17205
2239
21001
19046
4749
24828
18962
6731
17509
15934
2931
23718
27744
29329
21975
26247
12511
12202
2897
2584
11108
7886
11715
20339
7467
19022
9228
19124
11453
12247
23748
27808
28933
16619
2613
9323
9394
9276
9933
25071
2101
20332
12833
7700
4918
14812
4175
14232
6010
9669
30870
3369
23189
26568
12411
5262
2480
30710
28460
11730
15006
13187
11455
3588
9066
11463
14206
21170
23363
1405
10857
12071
21331
17702
29941
9505
23929
23588
29741
27591
29239
8601
7000
5431
25652
19401
21645
6627
11207
31556
3149
21598
2139
26157
17646
29755
5471
8317
1422
22299
4372
21044
29197
1041
4293
1898
3240
2409
5286
5538
18150
26234
16651
3334
15534
12230
29537
27286
2012
1221
10542
13063
32607
26516
9733
19287
13378
9504
4341
7464
26815
25067
5363
19784
3770
31894
12380
21607
27535
9865
5958
17858
26842
10462
19452
10003
14684
65
27008
31113
1532
17412
3261
26751
3716
5773
13824
14821
22483
17663
19871
19689
367
27946
6781
17064
12175
24511
8689
15265
14211
4591
13662
32281
4083
9496
1238
32015
8867
19904
18253
13196
28105
5748
3703
1930
3805
1595
15055
8832
6577
20762
21812
7949
7127
23304
7019
32363
15433
2943
26235
6272
10415
32452
9119
3628
18306
10278
21788
19422
10797
15063
11008
14976
26569
5294
29880
695
25698
9532
2386
63
25500
31500
14978
13817
27507
7215
4263
20572
31467
15876
9450
31094
10420
30988
11200
19157
7388
2217
8323
12073
13006
11322
2806
13264
12236
11480
31477
25509
238
21404
14684
16909
22302
27133
6762
18794
19590
25800
24959
22626
13131
12957
5952
893
1635
4368
22907
23573
1884
11784
10083
32665
11601
23109
22360
22377
4778
13244
15812
14323
21026
17808
22937
13047
30177
3787
25779
30506
9865
67
9758
26847
21625
3707
18204
682
30999
23857
1914
26597
7692
25491
4396
9413
2172
19053
12340
15843
3869
9127
20359
29957
5329
7663
2868
10746
14062
28936
16679
2659
11537
32140
9013
12462
10194
2863
18298
10231
25279
29512
22766
20882
22321
17004
9468
10615
19880
25543
32161
29674
18423
8749
6507
28036
20176
19105
28
4364
23318
15094
734
12780
15974
24689
3816
27881
25443
22461
31585
4729
26406
28724
2332
7968
5737
10155
6706
8812
6912
10340
646
18115
17804
5958
16001
11222
31277
26152
32077
10354
6618
17682
15100
15790
12977
7923
4419
5383
24026
20429
21912
17463
16514
16756
20317
20353
2985
20589
2963
16339
16340
29050
17813
22097
7743
16118
15305
23195
14720
24049
17900
30820
28629
13970
9619
26814
2266
8213
30984
4913
1027
11613
19892
25245
14426
23956
9776
20305
10900
8853
16149
23333
12668
30492
20847
20668
5559
22612
24025
14969
7160
14947
24218
26707
6248
9216
21102
22367
14871
29897
13771
6770
29156
25649
7878
9261
3433
15121
12071
21623
19051
25273
4589
22072
24086
3177
2672
21839
13368
22962
10017
25698
27049
31572
15397
9446
20262
29366
20235
24141
2924
8079
11385
1968
23063
17710
19753
4720
23302
1965
13758
17284
2319
26012
25554
30572
16660
28176
27582
26992
23912
4997
30729
13755
6140
19604
9046
24902
15224
30082
19685
12181
18542
29293
28154
21892
26629
27023
15626
20137
5592
12016
16169
2381
28297
386
12535
16894
17412
28192
13521
1677
29867
14986
6713
3107
17061
26204
7456
10509
17069
17343
14735
24350
5437
18330
19428
1492
8796
9319
18200
29196
15283
22204
28262
678
4821
32263
17387
5047
10319
16456
11610
16238
6174
20753
1290
21030
20142
6109
4864
8698
18581
20226
26562
3196
26313
1738
30576
9399
13519
20713
15696
14306
7572
11672
3229
27468
14888
8516
11445
7188
1460
3830
25861
30431
20016
1954
24760
2445
24702
19747
18738
23246
32002
23794
30160
27022
10762
6895
26131
14970
19297
1195
18713
23432
15041
31792
13512
17843
2787
10754
24551
23061
23791
15203
8802
8874
26501
1299
24697
5269
7650
10175
27767
21517
10289
8475
29687
26097
14937
3394
2142
30801
10805
16882
1653
27615
15990
15725
4064
20808
7999
28226
16852
12693
15502
7393
20309
16712
19657
15551
15906
28590
193
8073
2963
21836
32369
4623
4482
20134
16694
16214
8695
3921
25164
25622
7123
26391
27964
24268
16102
7815
476
5666
30468
31061
5272
29953
11435
17991
14531
9089
28276
105
14764
28171
28317
18089
20355
24380
21764
5613
814
15338
7354
13569
27946
2827
11167
29777
15973
18478
11464
15589
26085
3078
2601
1029
3939
13779
13995
10502
18255
19902
23649
6703
25256
3281
7711
4031
18854
18631
9679
7692
31041
21771
26994
5815
8316
18553
7538
712
29857
22715
12911
31297
19380
20364
7290
11797
26849
14593
5136
25600
3679
24857
24949
7759
3137
11695
20814
24807
12869
28303
7942
19238
10692
16650
11222
15200
6225
13476
10864
18519
9898
14135
16071
31703
25773
28059
11408
14266
5405
10366
7080
21997
21901
21940
5470
32020
14444
20161
21946
4374
9993
4549
26510
28397
8100
10070
1019
16087
3311
5650
1154
25765
23661
10200
22880
11218
6044
7844
6536
7799
24317
15126
20898
10989
7689
16355
4023
11207
20720
28553
20272
32597
5630
16996
24867
14231
9689
3482
919
20647
11198
8116
14179
3651
18220
6118
31275
25234
26434
5430
7789
12984
15724
19305
357
24413
24686
29205
517
5213
10176
3296
19287
16113
31313
11971
16833
18071
6612
23710
30175
8584
32713
9659
1887
29295
13017
6272
31600
14976
31367
13962
26678
15314
21670
24745
7691
26358
12304
32519
596
26838
18219
25561
25250
16612
30700
21078
25801
12229
8226
27913
3899
5404
22258
17604
17861
7240
21639
18111
19825
29430
26054
20165
11405
15774
24459
20297
16712
15182
12197
11961
9076
18884
16467
25919
1495
71
22216
19968
15940
15373
31781
15559
5731
10963
29990
30271
18763
16290
21250
29704
8740
23630
26594
29763
28573
17899
8223
22034
9391
19866
14637
18809
12808
29202
3749
193
31875
18337
7946
31038
337
10302
9157
12942
23341
27924
7414
31071
26935
13661
13695
199
10841
31887
24062
22239
3557
996
29291
12378
4195
9341
22300
27459
488
25954
26809
17230
18903
17405
5025
7753
14191
28574
31364
6983
4205
16862
25262
25164
3370
19337
28190
6756
32078
12952
6594
20493
169
27235
2351
32136
15681
21196
28350
9429
21395
21772
8589
16850
4410
14326
7798
19215
5488
29375
11161
16149
2101
16273
13720
9373
21715
20980
17482
12251
4780
16636
1659
8503
18608
14708
12323
25818
9781
22074
11286
9020
10684
30763
2811
19914
3240
27910
12541
2278
24605
18615
9500
4101
31187
9944
13124
5771
11872
10189
19379
29270
23059
23652
18960
11851
28735
21263
7489
19019
6011
6671
6007
9068
25350
29573
9639
16199
22972
19415
5149
24280
19564
26551
16595
25110
17245
14996
17032
23314
31930
13899
18523
16800
23780
26048
12000
20751
7521
24228
20413
16313
5311
11574
11930
7857
8032
16008
27375
24226
23345
22285
4181
15734
6408
27898
26620
31427
30849
21892
12247
1572
8473
32183
12516
18504
11089
22030
4691
12618
8645
17307
2570
2567
28501
27958
2496
27387
9287
2039
13076
20100
7228
18948
18540
31194
11753
6792
25185
5991
15480
30641
2681
17734
23294
25391
22701
14717
19204
27712
19180
11719
1362
11220
5808
2343
8299
4202
8354
25569
15653
10409
29786
32012
29561
26211
28965
4090
27198
14095
184
4708
19232
30281
28352
10567
18055
10839
22630
18230
22936
25433
15192
28043
5317
3678
6215
9225
21539
24202
2923
12862
11113
17234
1239
19640
10935
5900
4842
31745
23524
10870
28361
22087
6600
12534
21809
11854
14285
10291
19979
6915
20158
3628
14860
28394
30099
22932
836
14680
6036
3658
27656
24332
732
28537
12063
9468
7482
31421
20454
19863
10649
3135
32559
27018
27357
23174
1181
6118
8191
16581
22502
14798
21124
5858
32399
18997
15077
28266
16995
14858
7066
9732
13777
23099
24786
15661
16091
15079
909
29585
15255
19549
20895
26169
13715
23104
14710
20931
9007
8231
20236
14307
19185
30766
29143
14025
15875
29093
10315
21056
30527
12728
23997
17638
29893
31444
29126
16482
20923
10420
26140
6371
32250
25991
20653
21622
12778
25355
24684
12904
6304
1614
17943
18546
31264
18204
27637
23005
4831
7473
23783
15037
3008
10224
19168
16046
31619
18388
16127
29267
31256
22495
13022
4921
7491
19942
31041
29686
25111
381
16490
11168
3292
22614
32216
31079
21149
21686
10146
28025
10963
5922
1377
25197
4527
31999
30712
6045
9389
12457
23490
16517
3061
11769
5803
5347
3635
10342
20470
5225
15295
26872
10384
14443
24017
26857
19423
20182
27913
11400
16444
11284
7237
18096
13113
5231
6936
19915
30245
9265
7683
21024
20346
30304
26307
19038
17611
966
6840
11292
26321
6456
16447
18244
29678
25151
22628
14306
4875
19704
14808
7358
20364
1410
20272
1902
25917
17539
15300
19735
30322
4161
30800
15714
19272
8992
20639
5863
14121
23555
7005
24332
29204
11986
7347
12560
10044
11606
11369
24334
11412
13229
7702
2103
16510
19525
23199
20144
11972
3171
11379
26157
23077
18274
20108
13865
17804
19565
30970
14362
4962
27494
4687
31898
28113
26135
12855
17616
8947
10000
6874
1278
21618
21673
32443
16372
27973
14731
22597
21761
996
13081
8536
24036
239
9344
7365
28683
627
20886
17597
3692
26205
22508
15320
6384
20213
24042
16801
31881
23223
14633
13739
22316
28257
14331
5962
6986
6234
2861
32246
25866
6309
10442
8478
7220
17949
9608
18156
10484
31403
6860
4179
32106
5829
24038
2599
850
10401
19435
10139
2362
25384
17607
2788
30171
18954
29842
15972
1839
27798
12339
30971
17706
24254
12881
9491
32475
31823
9429
14371
22906
29386
4897
31382
22729
25108
20199
29826
29238
17263
6600
23518
12776
13269
5458
11417
8660
5821
3101
19819
8046
2660
21636
6137
12059
29618
21083
30004
30193
20780
787
29304
31168
23925
31184
7628
17456
16231
16326
19641
7597
24841
1723
8776
21037
17441
5350
30703
17907
4405
8854
32157
25541
23086
31183
16632
18283
14514
9875
13779
29736
7413
26646
28889
13202
6711
24786
20163
10249
30736
6832
20616
7386
19307
3257
11328
9057
8101
26029
8012
21651
7095
30934
24396
7348
587
1129
26790
31613
11767
30979
23987
5419
12377
23713
13141
1947
16378
22975
21943
32291
31732
19931
21504
5530
8121
11945
13653
13104
8771
15189
15313
29216
29759
16276
19904
26274
18309
10380
1503
20503
13507
19582
16095
27923
27792
27671
13847
8889
29858
342
9738
17497
21696
13558
22096
15220
31336
23614
26960
10419
28018
18396
5474
16716
15001
24213
29145
24664
20130
12714
18859
32763
29249
2052
12387
4540
25173
12521
28627
8544
30351
24520
26931
15532
31719
568
29855
13987
9855
6934
31172
16321
25162
29385
3897
16038
10341
32633
5045
21420
16553
18643
10620
23757
30855
20088
14687
18009
6085
5966
32064
17998
24217
4408
1824
32659
3728
29479
28704
31269
1724
20439
5801
16937
27853
3023
22556
29876
27790
30701
13579
21571
9785
19099
14642
3627
13096
519
497
232
8431
6963
9816
12825
32584
10384
27226
195
32698
27481
2444
18534
12035
20016
21810
10865
15088
20993
11010
30356
23180
390
31339
17791
18525
29257
11319
1669
19745
31696
26409
26741
10203
21652
27706
10074
18668
24546
30037
2765
27357
27387
16213
11306
9651
14078
18451
21882
8310
9939
29204
435
9238
29705
9943
19093
1794
32312
18288
4167
13922
22119
6549
8346
14214
22117
471
8683
20449
29205
10320
30096
12176
11982
28902
19603
10390
9625
11980
685
11285
19871
26494
4215
11634
4217
14204
2328
5557
642
23511
2654
27004
16734
27493
27967
14833
27878
23572
22991
20329
13619
4385
19572
12798
22296
3367
580
31350
5107
1009
21655
8815
19286
4995
2212
16875
21753
11675
27794
4443
17160
11215
13309
22153
5795
10172
23049
7502
4381
27128
21604
15545
14730
11786
249
9279
16248
30525
26169
28568
17774
24788
26292
27363
10068
1102
4184
13964
21948
24202
23004
18659
26231
14821
29712
16623
31474
3911
16290
28245
26724
31261
26826
19501
4859
15506
22973
6753
27052
6143
21149
29532
31471
24813
18270
29959
24885
18838
9040
22848
9571
13083
8943
26301
21009
3082
2098
151
27659
32254
22035
4962
23925
28376
19170
22555
7885
809
12936
15098
20156
29954
7912
10766
15065
13272
21319
2493
21433
10878
21748
5284
12311
153
32622
4307
26612
26512
16064
5150
27271
11509
25993
13712
17783
8813
25195
2645
693
5369
14525
24591
17216
23621
1780
32572
13887
9733
29976
26015
13009
13240
7100
13429
14498
32378
6432
8408
5119
23855
13694
12170
21243
9141
21053
13693
2209
13652
9011
65
4188
29600
11031
22700
26509
23204
18495
12192
29391
2307
6214
12843
14987
13990
2790
29831
22666
20684
5339
12234
3283
27622
25436
22155
31729
21943
10444
28694
17045
5872
32636
1065
3410
11263
27797
20230
18346
18859
1332
5370
8175
12612
6524
25201
30150
19299
7614
32588
30007
31065
3099
20896
3200
31443
1408
13143
13222
10685
25578
28132
26732
8763
3934
30399
19875
6085
22616
15806
4431
29997
31531
12862
19079
27792
3425
31121
2673
80
12131
26931
17018
4002
15040
29508
27892
4749
7753
15760
28871
14757
4940
25501
26072
31192
24742
32196
7951
5689
23711
1682
9814
14345
3969
19157
1694
23403
28870
27651
27137
23955
20491
28604
28429
20629
1492
10767
3785
26160
12832
8781
22036
8132
10614
2987
11000
21057
6711
11210
24883
23910
5930
1694
29880
9838
4831
14479
18993
7840
26244
14760
30289
22705
26709
3627
27713
10184
21236
570
1068
14312
31188
14505
17560
30878
29998
25728
18641
9504
16974
17847
16223
29578
8624
18181
18324
4238
19437
19833
28844
19260
26239
32730
22984
14158
1379
12639
18538
17647
22424
32256
20979
22732
3416
30250
27555
32161
26302
27885
10574
9156
6623
2855
25956
2573
12778
31822
6278
18439
16194
29980
24752
23068
537
30623
27239
30474
30259
7852
19257
5264
32558
2158
16732
15426
27479
20161
3195
8854
3514
26190
183
20197
14316
28579
24285
25987
5299
28733
24465
28541
25151
32694
12575
6259
20096
11611
2262
12115
6186
11853
31228
24637
8671
18351
24710
22627
7479
6560
10999
28419
29553
24763
18164
4426
18715
12443
32186
20066
25293
20175
29443
14454
24169
21206
3497
32633
19300
4354
5957
311
2328
12946
17792
28126
13412
11228
17483
17837
11151
21113
10729
20109
10580
4323
12157
24513
513
1587
22559
6305
18938
6304
2435
26675
13719
7383
21280
6451
24184
29002
14960
3629
19636
6910
26749
12826
11558
11076
3952
13440
12448
5817
22019
13110
16322
12425
31113
5527
5235
6784
32196
8944
18614
8432
23207
18794
2664
21796
20662
32590
23769
16391
21284
7963
30645
5956
29481
28477
21182
14
841
28889
32509
9041
26447
20565
26227
7976
17911
7595
14199
6595
3366
11190
31373
21236
5676
32430
19098
31866
27797
26210
29585
1371
15067
21548
3711
18770
272
19700
1844
8456
876
28916
18486
11606
7060
6407
11430
15814
14429
21971
12268
16056
2860
4532
22180
21944
10177
10939
4275
10897
23828
12046
32344
31922
12959
26830
885
32108
26921
14692
15889
2710
1494
29046
27394
8087
15527
22954
2055
30619
24418
31300
21170
21356
8638
20524
14703
31376
13087
18381
24542
28296
15419
23057
11849
30808
24092
10329
15029
16155
11839
29245
1597
13586
21090
28880
11696
30802
14729
14735
26650
23602
22933
2449
28706
31711
4521
20051
13354
27906
26629
16474
24468
12069
24923
981
31302
30397
12654
15247
1573
5160
29428
15056
29173
6777
26243
8523
20723
28822
20413
13724
36
8383
12178
31616
7008
2182
28817
20632
9046
628
305
6050
9221
12591
23910
13721
29303
24540
27008
20302
1614
2642
13416
14316
18324
3400
7827
18121
19134
10155
11049
21672
2307
22631
29750
6743
164
30456
30233
14472
27159
26167
15384
20976
11080
18221
23469
26189
27786
5930
1280
209
30818
28091
18962
24226
26063
8447
5219
5234
10747
30330
11464
19532
12957
23116
29497
811
29586
26826
5265
4167
27389
6542
14464
11678
13416
422
7484
22335
31452
20875
3537
12848
23105
2911
23648
7747
10826
20265
18562
16217
18725
32109
24792
35
13293
30320
26776
28079
28219
5920
15605
9492
22401
3108
16699
29755
3770
10665
8404
28420
24099
14687
10580
191
13197
11219
1724
456
17029
18181
3540
28994
5400
16680
4951
20685
5273
12266
30292
5664
27595
4425
31921
414
1095
14265
22935
19039
2272
18959
32533
19234
6657
16801
6327
31123
4246
6965
26715
16394
3972
1164
20276
12680
10261
31628
29522
6913
8006
3892
26169
10341
13438
17579
29535
1185
161
26729
24098
4034
15337
26012
12998
20805
21941
31445
29884
7823
32310
16161
9116
19136
31606
27441
29769
30455
21990
8373
4478
28496
10374
19265
3782
7820
29657
23196
16872
18713
4305
1053
15550
25518
2544
14673
4873
5392
25603
14052
31616
2955
24899
23376
15451
30433
14404
5956
9359
20816
8135
10500
13459
32742
7945
28250
31771
21403
15682
7158
1987
23884
15811
12772
25015
21084
8524
10207
1645
27956
15796
32616
22639
19237
30572
8347
628
8064
30293
22270
20748
12044
1869
17095
32294
31607
2075
23202
13565
29552
2226
17828
7757
27472
2173
2271
17235
29787
17921
31757
21778
27726
23726
16236
1818
21686
6263
18593
4656
29500
23234
20645
1047
3092
31638
20674
20386
4855
19246
14016
17584
17677
29241
12943
10159
5296
23458
22012
16721
13057
4111
23591
18442
31695
18792
362
25596
31730
19327
24944
23564
29217
396
26796
5353
17181
29384
32418
14834
8011
4498
29417
29560
10483
20027
15715
9437
21832
1969
27214
31683
4467
6214
4790
19185
24625
16145
10535
26604
9256
3204
17444
20161
16021
2746
18644
11762
23070
24941
936
9584
5033
3107
1713
22465
20163
521
13055
5707
30002
12044
20409
14030
25301
19521
15253
15747
7278
30979
4434
29380
25652
20420
2725
19183
11358
14492
31787
22904
29329
9787
18748
3254
28772
17649
7793
6324
13108
9806
7037
28450
18026
20177
1660
17263
13220
6281
26368
22378
9858
17072
18849
9960
325
29055
25593
29760
17329
7944
10398
17769
8875
21139
7973
16417
556
26227
10326
5456
9747
20626
25396
22191
9443
22694
6975
32260
32641
20573
13737
31993
18932
28197
20073
7452
12937
12091
21775
16375
9393
515
26694
27538
25869
635
29857
29338
2442
24879
30746
4736
28053
16390
31484
5150
23346
11342
13115
12293
26661
7948
12359
15015
17773
1788
17418
14370
22831
1155
26919
8531
12107
11488
12171
14830
17414
12226
22662
426
26142
15626
29892
28190
13817
7533
21464
16062
17234
26831
14107
23585
22107
6070
10763
16879
3714
22019
28664
12183
30483
2320
15290
30019
6414
25643
31128
19328
32145
6747
25300
29492
5472
11436
30656
11072
16322
18357
26952
1737
30272
3083
9072
13434
15198
18747
20590
5913
26018
6313
22200
22074
24137
15403
15383
3486
11138
20651
1639
15027
27227
11253
25768
28863
16267
26832
28452
17200
3825
31590
18979
17823
27617
23253
28519
32591
10436
30612
12889
31984
27167
20647
22066
5874
27629
10117
1453
3020
30638
19352
26707
14557
6789
4400
11524
26382
15184
12979
17583
22250
14252
7423
5484
22942
25160
4743
9850
2273
5152
17606
1007
1854
14243
10420
26748
4890
8057
1206
29949
24744
14619
12659
2043
10602
20558
13989
10286
10406
8035
2800
17755
31947
1760
5091
2220
1503
31323
18802
32137
12755
1763
27765
10900
10771
8961
5382
7944
9079
23602
19028
5392
32251
22987
9708
28404
6147
16262
24553
31992
14785
18384
1894
6034
31966
19005
15116
21329
17419
23833
11056
16878
6379
20503
24949
30493
1256
20129
29930
1404
9624
28267
22544
6217
6211
30818
16774
9075
23026
12572
11886
25592
447
25286
5063
1743
2404
19756
27608
7247
15137
933
26296
18390
2557
6490
32192
11559
11512
23585
4634
24415
3739
24241
24240
24880
12903
9145
19009
22753
22984
4120
17956
29511
14861
17465
1660
24441
387
28
30325
25964
5290
10470
23753
14026
12315
30629
28326
14489
24697
9620
25610
18985
30865
10493
19684
8807
3546
14986
26972
9284
11187
12215
10937
14678
29582
10447
29239
30112
3405
16406
12013
8716
19701
21498
30292
16073
8155
13861
14277
11126
5099
1306
1508
14334
11327
22979
18815
13108
24786
21685
30164
28874
22002
10669
13272
20317
26461
178
13185
6339
22361
5553
9857
17175
20617
13221
12432
20918
3507
25644
22278
26924
7193
17615
29309
2603
25042
5338
23225
19044
17635
15445
27357
7277
3422
19839
6792
30596
4301
4552
10927
3343
1882
16108
8402
31395
16005
30714
32508
4925
31509
9690
22888
10425
19054
27641
1367
1060
246
27550
14379
31132
3685
25187
31362
28566
29621
16806
25003
16452
9945
5147
15636
27451
16742
10108
31841
16140
24740
22587
12500
2267
21243
26155
9385
20901
13211
24088
11170
15880
947
26328
23203
27824
6409
21317
9636
8163
18495
4118
4117
20574
16567
2943
17547
30163
22388
9387
23717
31148
26681
19661
11526
813
22903
23545
29131
30748
32593
31061
13396
9205
219
9173
2351
2875
28094
29748
30972
31258
10367
8828
28769
17702
16915
29737
7251
10573
7021
26885
16651
29152
23774
22874
277
10365
12622
13303
25705
29589
22303
29680
26623
1302
27155
29700
28567
18553
11497
8502
781
9424
24763
15996
25940
9471
13745
22802
16063
22459
5624
19151
2415
24729
19884
18948
14972
7031
9202
30420
22041
1565
28364
32327
4301
18828
31691
17164
23648
24196
7383
580
19794
15320
32741
24234
23487
339
28092
7390
31579
22602
2973
25247
22217
8324
22055
16390
1936
23636
7602
12544
23552
16584
12208
32166
8293
1269
17464
6945
22004
28274
9890
7868
9231
10037
22515
12421
23755
5840
10209
29823
30309
20587
21820
19029
22904
9149
27958
17147
14013
28504
14644
30081
720
15716
17549
6644
2840
2890
24433
2363
3945
12402
138
29003
26557
26149
2960
20031
13866
1854
27823
9827
13185
21705
29045
1565
12040
29730
3901
28222
4270
27312
9470
4610
29667
18213
2582
5454
11172
13723
32644
25109
26181
2893
22246
5483
18807
15965
21217
15310
11901
23054
18450
613
31449
17549
10045
22526
17860
668
27855
17146
13322
12279
25341
514
24363
13646
18214
971
2819
7517
27060
4432
105
22314
4054
30728
29057
19432
24338
1786
3238
26519
6991
19547
14020
2532
27806
18479
802
11157
23438
17720
3200
21281
21776
2462
19748
32404
14041
16650
22239
28770
26297
2545
26641
6111
9953
18183
24715
14600
4854
22856
21357
32026
24426
15033
28342
31008
20031
27090
16575
23916
15669
22593
30535
6048
30843
12535
30286
11711
12853
10476
6558
31611
6012
25082
23618
20822
9943
21672
8672
26368
23076
32076
25466
10409
29662
17848
2335
21009
24559
25397
18042
16631
24407
17647
5026
3390
5641
14110
10684
4806
12830
4170
3305
13330
18016
14631
20726
5033
7147
16073
1584
23896
6895
27345
15804
3399
9764
25571
26883
29505
2595
1500
15552
32674
26269
6317
15435
29041
20078
5441
18282
475
20389
15522
31773
27448
7414
25609
20880
1988
22965
30352
6185
7062
20409
2213
27598
291
7697
23028
6848
18095
9323
18414
2488
4130
6100
5892
11691
19569
24345
4919
17644
4914
13948
14582
15659
25259
22771
14172
22507
31289
341
294
2620
2317
27383
3890
8308
2867
6731
24654
27509
2744
27045
26211
28659
4696
21687
22910
30424
22638
18353
3757
29266
16154
193
31531
226
10117
18671
23324
22112
2320
14611
28125
31671
1077
12352
14540
1867
28604
15437
22037
23912
4487
7833
20461
7514
1185
7318
1846
23360
9064
22930
12120
19464
9542
24215
8808
20450
18887
5959
16366
9508
6130
12212
27480
28815
25438
31356
1475
354
22832
19913
5272
17740
25167
18344
26707
25464
32264
1277
25708
26899
3352
11915
21203
19582
5740
26396
3433
3103
4692
24746
9653
11597
4057
5830
13648
6089
23375
6930
8057
14725
20121
30492
11429
29506
5600
11262
23847
2390
13668
32293
18253
302
18215
1032
4737
20673
24880
19333
12762
19263
31763
20481
4654
2233
524
9487
19746
21411
32290
1897
18448
22709
6818
6045
26235
29557
26607
30830
16327
16463
22281
28381
6702
16119
10850
17196
2939
19856
13306
30530
8611
325
6095
8517
30107
1867
26547
12199
10649
21233
10203
10135
20182
10186
9209
3857
18395
23641
20426
15801
22248
11182
23636
9036
19039
24677
6760
2403
19915
24712
8223
24164
27035
16935
3724
18168
4305
24465
11572
11392
24637
26016
14810
32685
4595
859
2171
31680
8256
13364
11862
6465
5854
22035
31882
29618
20667
31584
13785
4929
21866
16358
2794
14726
6253
30738
2174
18642
170
32187
12455
1797
19394
12284
22532
4540
11014
12721
29103
15543
10303
17537
27954
29668
24867
2896
18277
1035
14462
5582
22598
2055
2177
30441
1961
5706
5990
13329
28952
20400
29091
23321
15571
11541
21130
27168
15355
17507
14945
23150
8585
26661
25820
8276
4558
29905
15479
11561
11444
28898
25335
22704
20918
1251
19724
27315
14671
28628
20563
20843
21049
31563
16204
30780
28764
10162
17162
21458
26930
24146
27255
4633
32665
18973
22779
8010
27744
5406
10659
19346
18070
18405
2974
8556
7842
17449
26967
19785
18969
13272
11990
14616
2766
22582
5116
24064
29734
8757
24298
4755
30255
17386
20092
16873
6633
3343
7557
11714
25260
16559
32459
24399
14719
8245
1856
18494
18892
24955
18938
32315
11295
22736
6302
10874
22390
21420
7237
29702
7881
317
12387
11208
14979
27005
15891
30306
12262
1121
4151
7426
30586
18358
16833
5216
29132
24326
28321
18095
12455
27837
31935
9221
9593
5733
9897
2801
16488
8712
13730
12343
30275
31664
16566
20110
16284
6706
20247
17064
118
7195
7698
24169
10269
5260
6893
10835
29702
15217
15532
8119
21603
7783
1516
23458
24510
3842
30677
27942
21529
32004
31753
23714
8891
7471
6257
1632
23010
23541
26022
8527
31531
9349
10010
30453
753
22084
6136
31733
10613
21411
32376
22533
20554
22488
5295
15120
888
1460
21793
28017
3378
19711
13093
7506
2622
18179
13291
8632
7868
5850
14174
11931
8900
28676
27222
1489
24223
25717
17632
27356
27227
4804
14086
27113
3720
28355
23466
5627
20382
29034
14367
30789
2634
4411
22993
19666
4974
4403
2159
6903
18356
31901
13803
11497
4683
5356
25629
6261
2648
29080
4532
25992
15812
16476
13298
8414
28227
17285
9885
27797
9859
22731
23755
26032
11249
24833
6329
31453
31817
7624
10970
6789
24158
18065
19329
17862
29702
22404
847
9049
12868
11485
161
14859
10341
13553
12801
26776
16827
4953
883
11158
28186
13800
1125
12902
24144
24672
6016
17881
10291
17871
1892
17443
15922
13077
16098
6627
32540
24045
10461
10360
4592
30491
13133
7191
2156
19357
29197
4893
266
18062
32458
15578
32586
3847
1799
16327
12447
17794
10068
5155
26916
27458
27740
10654
9842
9747
27033
28597
20677
12421
23101
13177
24836
27567
25951
18123
7196
15549
21075
9473
25331
30513
13548
5543
31133
2455
4289
10592
5019
6274
477
31689
25307
16757
14335
3865
14605
12976
27146
9317
10491
11047
19951
5350
1216
10587
22008
18007
7275
16647
10727
28844
11434
19930
19891
19322
26452
1406
6296
30562
18562
25679
966
3758
30058
15406
15910
1752
3558
5228
21729
1747
28431
24594
21691
9472
9897
12929
7164
14071
7074
14579
29537
544
10743
336
20062
13465
14017
15703
19863
24157
16192
13526
21384
10476
20839
4872
20419
7568
8242
27220
21262
10683
27040
13570
5834
20876
31981
21367
27679
4371
13948
18758
9783
29431
11102
8014
3133
7564
24336
9343
28464
3973
8533
30842
13328
15602
22848
18604
32660
14375
24931
12611
30638
5534
2736
21522
150
20587
10703
9038
4073
4255
21620
20250
23225
7680
30320
22456
19546
4243
30768
20399
30100
28016
8128
5343
30881
18705
17830
29698
23874
9831
6434
16589
31852
26945
23358
21959
29868
25222
19521
13208
32760
5140
21362
9828
18261
3506
29864
7395
338
13833
3816
769
11056
14119
6367
27643
22509
11922
9497
17397
27949
2834
16869
23662
10726
18530
17966
21979
10143
15154
18165
7741
12470
29733
23057
3753
23900
31963
18195
12614
17096
21978
32520
24817
11488
15050
22203
25245
18372
5613
26491
13817
23522
19729
19029
7889
13362
29521
21472
1563
7244
4453
29728
6659
10355
30714
25716
19884
7194
26628
28285
16224
11158
11300
6330
25527
32408
6166
14644
22465
12685
20260
7003
7066
27144
11675
12788
2698
30833
27176
27252
9592
1600
3409
520
22481
32377
8643
31389
3634
733
10027
575
24726
3369
9513
1185
27677
17087
26149
9095
935
16293
9523
9703
9034
25673
1612
9117
28124
23130
24577
32591
12768
15886
1572
25856
31310
5909
9771
32233
176
26943
19381
304
31739
17395
7668
12060
2673
29594
19600
13554
6666
29627
15091
2050
29289
3463
11290
28582
31234
32138
26088
31941
2939
14035
14116
8982
26209
9132
19291
21998
30944
8196
20190
7479
10848
26746
31011
31603
11161
31973
17499
19160
23057
9446
13986
27095
28992
5648
25885
10463
14895
17684
15300
20505
20904
12484
21458
10975
1595
31626
19330
21001
19360
1989
20486
1060
10401
16102
9934
8917
4873
9266
18568
8869
20538
11244
26354
9583
27676
1403
2810
1507
14706
15845
22227
5062
28360
30328
29697
6570
22334
14219
29035
2507
30085
2861
2732
29819
10839
32244
82
22355
12752
24470
17976
5115
4519
20108
2611
9140
10093
15334
32359
21592
3857
7861
4893
19589
9330
1212
15203
9903
30195
600
17783
3832
18936
2171
3400
18444
22106
857
20060
23120
19898
8691
10665
14372
8954
25986
4569
20988
20234
430
22994
30786
20007
27350
28311
15186
31945
23148
17996
17338
18294
16158
32222
18752
1812
5492
21026
12201
21597
28694
31657
20660
16291
5173
27791
23217
3023
15352
19632
10026
1255
12526
13085
23121
6546
20488
2527
7422
22994
32010
21232
442
24098
21841
11206
28800
472
4046
29308
5
23051
22560
13917
7632
912
31706
27381
14977
28848
31943
18449
20392
26157
31149
23806
18277
12014
18248
29536
24124
5730
22169
20834
20021
23893
22610
259
5395
3102
15572
6231
3179
11017
29469
26068
1276
31190
11822
22573
27728
29640
1013
19323
24613
5314
4130
1557
23051
9265
19552
23953
10949
23222
10258
30745
18185
8051
15259
19341
12928
32026
3510
17364
15046
12086
26697
26122
18562
30465
31822
13391
22067
14796
8146
1484
419
27658
11913
911
19550
2745
30864
2281
21298
31172
9206
897
24101
11204
1201
504
5382
4570
14856
28115
1858
5026
32632
29928
13852
4431
30026
13034
26040
25738
28433
11621
8308
28297
18259
4185
24521
13424
27019
22469
16120
21960
23259
28143
20198
17365
24278
13759
1201
647
2235
30620
32759
10222
23428
2786
25023
27347
109
30700
8463
9542
29915
23661
7876
21812
30957
15407
7465
26362
17583
2208
24031
27511
6873
8685
26430
4176
5903
14287
14579
25841
14561
27171
14129
8941
4690
11388
9468
8365
5623
27344
17612
949
22330
133
22195
30524
20013
3907
8863
18611
11133
6539
15688
18932
30186
235
10712
31131
5331
27577
26990
22026
14449
21855
32253
6468
27679
22389
10780
18661
21248
29199
28533
12252
9893
23269
12352
31079
15658
22956
7740
3560
30316
1541
24619
7141
11529
26169
11875
18343
26551
21387
8247
20188
2994
16904
24948
30056
25188
11750
24696
1833
2970
29288
9490
9692
20859
13125
15066
3055
29530
4678
26554
21212
26770
27262
8292
10217
8489
5683
16732
15530
14642
84
25250
25241
24504
12427
13680
17977
5403
5963
15799
8723
18500
3201
17484
26412
15690
23439
11244
1624
21858
30251
9511
22669
2567
22652
12903
4419
12884
2107
23453
10221
6868
3378
9167
31351
24891
2631
24699
3370
24458
14928
26354
23083
13557
18982
19669
26332
27729
20741
24402
13861
811
15166
301
8161
9152
32128
3872
13553
10231
2098
28723
1381
10534
11752
27696
13864
19866
28960
30983
30633
24167
626
26340
20841
27738
11300
19031
10371
17052
11800
22629
16451
27904
4858
15463
13129
4594
21635
1010
27441
14045
19609
3709
4089
22289
16333
8057
3127
1952
19484
13413
8882
10028
6551
1091
9385
20509
30785
16854
15405
298
9836
27127
13772
5612
14494
18544
26970
18802
19695
26728
5668
16995
9892
22166
31716
8534
20577
4514
16991
20388
18146
3349
12371
4738
3663
29215
13853
30154
27027
10218
30607
29184
18348
22497
10372
32274
10836
26649
10458
28861
28378
11419
20367
6212
13976
32195
0
3029
7043
16011
4712
12616
24588
24836
17317
19881
13668
11769
9389
2311
31906
3495
12517
19435
9354
10950
1502
22329
14104
6287
27080
9938
5637
8487
9155
2508
23148
12418
23583
22488
11677
10198
26419
7581
26553
24547
29755
865
21021
29138
22064
10775
7839
31017
29126
29914
6243
9109
18133
16186
25302
12321
17630
4335
27608
5351
14473
28640
26084
4477
964
24160
26893
29460
19817
24914
17318
8536
28300
5059
12435
22900
24043
14203
11233
22586
16227
20736
777
3594
25464
31735
10648
1783
2504
27056
24542
21734
4125
9144
30858
5369
14632
15981
3207
28726
32551
24922
6140
32356
8852
24087
2169
9155
26065
17090
26441
25891
21216
29102
21451
848
28840
15143
19461
15760
43
21857
1713
2970
14788
11376
26216
25512
32340
7339
21401
413
7620
925
21614
9365
19382
1782
15823
6837
23787
12328
21983
14945
18570
18444
7762
9793
28140
11517
4876
6248
19823
25002
3542
17582
16554
27189
26491
17683
3744
11399
23817
7078
10746
30886
3542
20433
4490
670
11105
12686
21586
10127
24974
10656
30621
8015
18508
4877
32602
22179
14015
14569
9762
25662
17327
3131
13937
16230
18198
31956
15508
927
32710
21350
98
9806
6171
1520
3341
22379
32283
6602
8234
26450
26804
5522
28645
30307
3522
2338
16894
32050
20129
21374
29890
29795
1202
2695
16802
12224
10757
18669
8829
7661
11873
29472
21996
24154
23240
145
15508
10824
7014
21684
3306
30909
1665
23156
28080
1738
22574
29131
31452
19417
3746
10831
8155
26475
4039
31202
8505
22203
21099
10510
7547
11126
8837
5092
14006
25314
26345
4214
22283
25818
1507
10212
22229
28514
28622
19471
10425
11726
22311
19398
5819
29935
5409
21665
8430
16484
4255
18157
20835
26346
5440
8344
3145
30215
29106
28020
31106
24462
1426
22232
18098
398
927
26354
9147
962
8896
19466
270
28631
12561
18028
1406
12435
14314
26
18617
27700
31202
6359
21058
7775
11137
1437
2306
6873
24225
25316
24625
27827
32308
21349
30885
25473
8062
18215
20750
25885
27850
13292
27772
4949
7647
7529
27934
3205
12997
24343
27178
28166
11616
3151
27556
17677
29650
6624
18454
1303
12300
11815
10338
31447
13647
30195
27531
31197
25143
12851
9042
10893
19579
5046
15891
22395
26673
11670
24099
16420
21149
20759
27214
271
20304
24563
23320
14921
18291
22798
24107
5561
14241
7251
12038
17935
16187
447
27214
6141
15374
7798
15756
6569
3451
32522
9845
25444
18273
22085
13822
31109
18009
4149
9949
5750
32463
14431
15785
8867
5633
4979
27671
6141
30089
8469
16782
9601
23985
32359
6417
20068
25245
20944
28325
2744
32679
9943
18089
14239
5069
6753
24487
6482
30251
904
21462
9249
27046
6146
11511
8554
31489
16974
14276
28334
7912
5553
21379
2280
25027
22522
28283
2087
19348
16095
28445
25481
24463
31732
25105
13993
30699
9093
25731
17010
25005
25829
18798
29695
28442
2425
18116
31747
12529
4490
12132
6117
16342
12754
22696
2788
779
6551
26531
23086
26615
17126
12192
12935
12554
13608
13885
31592
22612
14430
11327
3373
2025
6820
16374
27333
9241
7541
6282
15151
5114
12892
17252
12850
28411
14858
4110
7986
15211
11991
8691
31912
18272
8687
21834
9193
2193
1945
27441
4369
4783
1768
8605
21973
18665
20560
9505
14816
10972
6553
21050
21009
14980
25386
9713
1410
24318
27187
8585
2269
30705
15627
29129
4689
22818
10664
26503
20905
32534
10507
7282
27669
2577
4822
2535
10311
25041
25896
9691
22744
5698
21957
19193
9529
21650
31512
32355
32648
2839
4512
20670
29476
9727
5813
8521
11319
3164
15511
6667
13904
31912
18862
21950
14862
23372
27230
20720
1047
25468
17253
22884
29899
9405
8709
28703
19088
1755
10340
12911
1342
6035
9906
3525
23329
9688
23912
17901
22650
10352
11779
20363
9454
25325
18799
6360
16297
9225
18150
12616
1207
2882
21493
22969
22878
30528
9430
20925
30131
354
19250
13377
7758
508
14767
31904
25042
24592
15047
17069
16555
2421
12116
6336
10331
17363
7091
2381
25778
29221
17408
15461
1542
13795
4007
28329
9901
13193
28023
32541
19975
12165
27139
14522
29570
30409
11931
3018
29344
21126
23586
28268
13914
14336
31094
24311
32531
16005
26623
18171
23801
13489
3810
6088
21462
31776
17470
24969
120
10934
17739
896
18357
17424
30871
25509
14308
2120
27772
24258
26706
14772
19899
4214
25114
21968
5694
16031
29437
3476
19858
13082
13863
24877
25182
7271
22439
26492
18705
24772
20025
14118
19352
1977
2192
22056
6137
27306
21834
28944
12879
414
4621
29057
15502
52
23628
22622
24417
32691
31229
24597
4224
30561
1420
2192
29544
22362
20392
5537
19948
19715
4332
22346
39
32582
16545
26914
563
27060
1839
21631
1179
4138
17670
28489
3365
1960
11427
3406
14287
18867
27106
8479
27140
20506
24962
30216
24362
13300
30030
26632
8178
5315
7155
23153
8543
10976
4502
19282
9871
676
25806
5116
13815
15421
3394
23548
23712
6699
15714
25234
12375
25700
18271
11347
1281
31
20998
25797
9152
11173
11575
18492
28395
11538
13102
15398
9383
12795
27529
8265
18782
28758
14742
3222
1828
11249
11597
31286
1601
31820
24738
31795
3435
31135
12638
4180
22953
6893
22343
10377
4512
19876
23951
17004
7154
26931
6866
6954
4480
314
14787
13021
20950
10232
29732
31401
25478
13619
22685
22179
16328
23259
1844
25563
5154
1137
32497
18014
24663
3288
18389
14700
30295
3133
17578
30715
9208
17428
16782
25487
14011
16817
972
15234
19175
9176
21023
2625
6559
14585
24964
429
2710
20806
18533
31417
9050
16422
5400
13286
4107
30206
11073
21970
27796
27511
26661
27958
13628
29338
20466
2179
22073
24475
25333
24663
12456
17898
7517
3796
2101
29820
7162
1153
10527
18225
10394
4245
14891
22444
29727
32405
19191
19133
5070
12435
30716
19943
4533
7238
11822
17990
25100
21127
7126
26643
23618
2494
10429
6389
6380
25209
16411
26815
14868
8212
21149
20416
13433
27469
30658
5790
3825
16774
7712
21259
17264
27594
21164
28383
21712
31037
32134
28607
18013
12782
300
11500
9791
9712
32093
4948
22187
2879
28787
1411
25483
2120
32641
14176
13677
28139
10795
25188
32062
24860
3836
24308
20221
11662
32539
21076
6244
1940
9941
9281
17415
29032
16057
11145
24259
14695
12427
5957
8891
9203
25790
9599
3234
31662
21781
24
32249
17088
21516
11898
22483
28979
3270
6954
7641
32532
5085
21072
1063
31417
25122
31114
30569
30064
13932
20054
28149
10590
14940
1355
9659
15836
30632
21516
22565
12075
31215
21315
23784
2739
26203
11236
26099
22014
1613
30777
17817
29957
30845
20697
22947
27220
957
10525
4222
25413
10840
15764
5719
21995
6488
21220
18899
17776
956
31452
32547
5927
13177
24097
4714
4780
20298
15369
26176
25285
3434
750
20970
9542
11306
14095
25145
17171
12277
8571
9933
29539
2684
19
32198
26625
32334
32597
26091
14415
15271
1991
5354
6909
15412
14399
21457
24464
1694
23575
2197
15786
31186
31301
22151
9846
5837
9518
13329
32490
276
12922
10605
4263
9796
1553
12565
9346
26389
4782
5242
18397
27910
4195
1445
29932
15293
5902
32099
10596
5970
345
22155
12681
28894
14764
4271
22475
27128
11062
3476
24470
11472
2604
23110
18643
6172
18327
21726
29630
10163
25072
32540
14056
27997
30950
13826
3948
12512
26518
27766
26321
3459
18296
17483
20614
16698
27133
13981
10037
14557
28627
18232
777
25418
4894
2661
21876
4772
6725
27258
18471
13312
26615
11900
30849
31450
18052
17065
13425
13541
13953
15490
8346
9180
27015
24787
25559
7074
24838
30094
31848
25545
25662
7662
282
32332
13932
23517
3443
11373
17619
4618
30727
16177
17561
30295
18572
3118
13546
6860
366
9815
4223
11647
12956
31918
13425
1657
12693
1835
483
4661
17327
19958
15391
31156
12044
21067
7025
25423
2094
30944
17568
4747
7125
13285
8913
5916
9136
3166
7835
3475
26909
9657
4358
25577
21763
1661
25137
13571
26063
10504
10353
513
6356
26730
12757
8295
28031
29329
14300
20695
6509
17433
16657
8798
31893
45
32463
10840
22289
20340
29537
2033
5679
26308
15970
31066
21660
9969
4482
11772
32274
28765
26766
29526
10493
22186
16213
27453
22272
24321
22708
3654
7478
24444
18943
23347
1359
5277
24709
14183
19752
1262
27640
16283
25200
10032
3953
30313
31358
12566
18219
24408
25289
27692
7380
4397
15139
12313
10075
28052
12895
13819
15123
31980
11974
8729
15065
13535
17037
5427
7905
11789
26956
17511
20837
15485
5456
14452
13559
13185
22817
23972
6103
26118
25785
15966
19569
30740
32080
2063
2896
13797
22378
29020
4331
28098
24981
23150
28790
25025
27160
1541
11348
14428
10681
1951
7576
24226
2274
10573
16285
18580
19930
10530
16387
24179
26831
3512
6209
15262
25502
7957
31722
14271
15232
3521
22981
28056
15034
32532
2949
20339
13344
15397
13732
24182
26455
21788
31034
30081
7965
3997
3936
18646
23172
31375
19714
9827
2011
25160
8577
3879
1782
8109
21229
8918
28530
2609
20174
19335
5871
10622
21905
18313
24052
23691
27887
423
10438
26690
21139
2487
16425
13297
12258
19188
2362
30181
31547
20752
10177
26987
16109
16741
31653
17887
3559
26806
2985
5521
5220
17853
19124
9599
15584
13931
30292
17503
22908
6625
24436
31906
13419
27201
13353
10094
20258
32319
17570
29458
10579
15346
24238
14966
12997
28223
17769
13938
14846
21472
30041
12804
535
4202
32681
22483
16142
14775
31135
24581
8162
24037
10085
15545
12725
20822
21021
6997
16248
25982
16892
14965
2505
1607
9325
15401
22679
5211
20831
760
7589
5811
30704
29473
21178
12466
19184
32538
8205
1687
31133
12200
12559
8349
13660
14804
24805
19440
12754
4902
31777
16483
2224
10121
30279
13984
28781
2986
3474
26616
32411
8545
2061
11529
9720
29035
13755
28
24902
13872
11463
6416
17001
5080
6099
10807
7697
5443
17553
3618
13453
15181
11759
23569
11270
11132
23518
2843
4948
5484
13559
18312
31096
32150
1588
9836
3079
4356
26977
2807
12757
7163
9135
26046
14202
27991
12847
24635
5966
8029
24588
12314
14389
30964
24465
12626
9811
22149
31960
1666
1159
2077
11231
9391
13415
24114
26700
12233
2757
31454
14273
30282
13254
23473
32581
20737
12965
26653
22568
18339
22856
3364
5322
30662
19748
6012
1456
5024
26226
367
20460
27448
1746
24664
21610
2945
13843
30663
12298
28579
11999
10462
15749
26245
32257
6170
6178
21253
4528
7285
22359
25916
6690
8564
29766
23924
11118
23740
7351
29991
8910
10310
6801
23643
4963
24706
27528
22387
19538
1929
7952
16815
26912
22669
5576
25766
32258
10255
27446
10341
10048
13547
24296
23270
16169
16468
31664
32340
9533
26041
6631
24620
9248
4422
13366
18742
25616
16388
24583
31463
25386
24372
2015
21352
6832
16711
17932
15042
8654
12248
9951
21747
17969
26446
7489
26946
7158
16027
22908
11430
7269
31713
14209
7522
32102
21104
27399
7140
10431
30359
12432
21733
9347
7659
31722
25254
1611
21672
20457
25069
27964
8573
20730
3397
7143
17816
2849
26759
4939
18528
17998
26830
28285
29712
19565
21377
20884
9574
13153
22872
13845
2452
27212
2207
19137
6712
22780
6080
21482
29655
4490
20431
23588
22741
3001
27117
19490
20634
4770
8613
19698
18061
1812
27788
24022
16873
12287
7045
24314
26521
26709
24380
28308
13106
17521
32375
17165
23389
14351
31167
32379
7450
12209
27323
5939
32030
24635
21969
21154
3670
25370
27728
16303
19804
5519
5204
18265
32564
19997
19064
24564
30703
2746
536
10549
11140
19771
44
18685
27919
989
21234
8154
2789
13792
18954
23940
29205
23110
12922
23296
12238
17035
30770
924
4208
13544
30618
17851
13041
6897
26786
21121
13182
19647
13644
31534
17152
7490
24107
21528
4144
10805
21913
3195
8107
32345
10233
6510
24223
18718
24253
15842
680
24701
829
30938
23516
9475
1698
21775
32349
4899
4955
26446
5738
28004
27097
16644
1975
27833
23556
18199
31664
25209
14408
891
9152
17157
8449
11545
21854
23211
8404
5878
15778
20965
17656
13196
1083
29345
3045
10439
24081
23660
26712
31477
22312
16877
15206
27401
22299
7369
18623
20680
1513
15686
32304
26148
20651
3740
31014
21853
19068
20373
18550
19086
24152
9856
22150
7608
31349
1502
8368
1632
32021
314
24578
6625
20037
3425
7277
8153
11754
19133
16412
15269
5311
16813
1705
27825
14594
32514
31465
31275
5655
25105
15107
4321
32440
19340
31364
23112
28766
19960
32683
27900
14798
9449
22576
29705
17971
21736
27403
12870
30717
11646
3355
1012
11615
25977
18208
24388
11902
5702
29084
14235
32719
26331
27961
7999
28502
30649
17670
1889
13308
11950
1527
12060
2368
13044
22479
14118
7278
18192
31251
6712
5092
4263
24908
17278
30196
24336
21608
12078
7864
25070
27664
4588
15388
18595
24302
29496
8369
2534
10748
73
11501
32488
3357
2308
31011
19022
26128
29757
2269
16805
10360
18934
21950
19217
11433
24410
13554
30033
24057
32019
14778
10318
6738
15288
3392
3488
25923
14254
21467
15443
10304
31508
10174
25576
20141
19785
4779
10491
32337
15507
8681
25628
23209
17835
5980
26935
26889
25376
2682
1870
21620
13434
11954
16434
1913
11055
1140
22518
25586
4859
15494
9918
16904
31835
28012
2177
24794
23693
11153
24466
30976
5670
20495
14537
9127
26810
12608
248
6677
31089
27542
8731
25774
20884
31168
23186
28661
11812
7939
8095
16476
25736
20901
1004
31954
20882
21713
32645
21459
19259
5843
16382
8141
7814
580
19143
29666
27548
2062
20028
25885
9171
32277
8403
8691
4807
20233
23470
27160
27375
23717
22666
15175
22296
21601
8473
12265
4290
21601
11279
25282
30752
23959
13292
8144
15038
7240
156
9369
17357
9853
4344
27062
15482
16736
5573
3509
22822
29709
16089
11221
9205
1464
7726
7144
27569
14813
658
22141
3404
2888
3404
7076
11441
15743
27747
3476
32281
13757
521
31422
32609
18021
16592
4427
8021
5246
30099
21038
16916
21542
28147
9079
5276
22825
11782
16944
26150
24076
13295
6849
6739
16591
30632
30590
25721
14259
16016
11544
29761
6038
13533
20727
10684
11052
20575
25497
24428
12661
24599
12554
16178
4859
2157
24243
31709
2631
534
15099
24437
5740
32740
27335
12887
6575
11441
1904
9552
4742
31191
19032
23386
15687
31546
30702
12311
27059
10995
25362
18604
3715
28762
9054
24488
19887
20868
9460
28045
1401
24549
10571
977
6233
17107
27356
1894
16769
14955
13849
32070
30404
27325
4291
15122
29596
27537
19147
5700
28972
29570
22809
25065
21515
27682
31675
23398
20919
9293
14029
27434
5019
7045
17214
25838
9463
4289
18322
15399
7056
21598
16407
27830
993
803
6565
10594
957
31224
14158
20052
31309
6757
26025
24848
3994
22226
11888
19079
16273
14664
14464
4157
29571
31988
12488
20253
18224
23381
9104
2802
2543
21932
14752
27318
24044
3909
5382
22946
15613
7156
22950
27258
17343
10475
2788
12141
22692
7645
976
12628
25417
5336
18257
13963
2178
6546
24818
11389
17692
26933
6128
5967
3365
19248
8321
32037
7333
31344
19230
32662
14996
24787
20473
9986
11316
28565
4747
27157
4431
30832
3544
1854
29675
9336
11237
1915
28936
15304
27386
10747
29096
9829
11797
9067
5939
24128
3204
12893
12253
10362
16738
19838
4968
11843
32445
8933
25108
14123
22221
522
3602
9639
4549
8600
29893
26709
31537
30111
12434
13015
19743
10030
8539
19018
17213
2223
7316
10226
28711
32639
2664
23939
23086
6339
16395
12388
7526
27048
17568
32118
8776
6437
20048
32707
2323
6790
14898
12606
13584
22155
12186
13201
6091
4205
22648
25913
15785
9922
1144
21695
28255
30960
12661
22885
15362
7933
31671
26395
20731
14961
13130
19721
2694
18903
15649
22770
30668
1122
11129
20951
25137
9629
18993
11912
10107
3134
5281
5274
24768
1320
18904
8617
26308
31592
27089
6643
4146
1923
29742
26340
7924
20914
26964
10171
26100
