19364
21565
13855
9899
31096
25210
19612
12581
15202
27725
28785
24830
15294
30737
1288
19742
21812
4921
32120
6172
26623
19728
1672
12135
19698
4227
1191
8756
29138
2735
28557
18159
5707
15180
14630
3359
11019
28456
4520
18304
25929
5123
12049
6141
15017
31405
8206
17665
30437
14480
6611
2434
17352
13448
19137
22555
5292
11549
5648
25176
13856
6067
18284
31387
9940
4047
16853
11499
26108
16062
7160
3040
17504
22031
27234
26170
32520
18770
10277
30987
2847
20959
28249
29259
13947
25549
11759
25695
20626
9197
10791
14455
24611
32751
8435
25698
32137
5495
11546
19505
14352
29966
27472
14941
5157
1076
25926
9256
27380
18731
16948
21671
3299
14304
16591
16307
29498
30621
23000
32261
19782
9227
7512
4972
10143
6263
6477
90
25955
27230
29615
12117
14765
12491
28173
9583
28982
25071
4775
1137
6080
31290
6367
27008
3440
13483
30625
14078
14179
28173
4851
26563
2000
8061
780
2469
1339
2025
15792
14365
16890
13817
31406
15991
9442
545
20146
29946
27415
18880
26401
976
16454
22121
13494
21205
6879
28750
18271
56
10646
26814
16760
1149
1280
3286
15726
19129
14558
29010
29225
3593
1601
15752
1881
27537
4474
4567
26561
20530
362
11452
20886
21771
28632
22652
21884
1445
498
26275
13853
13855
3831
12982
7928
4765
29560
21268
17760
7005
728
31683
2047
11894
2319
19210
21508
22623
17917
24647
6531
30930
15862
10745
28261
28797
13167
3192
15987
13588
15412
26253
10889
1427
11560
26213
4127
6355
31288
52
17963
18480
7297
1429
22027
25493
4763
1936
26607
3128
30212
29698
14617
21148
10899
5529
18482
30324
1671
18311
469
28441
19530
3960
24418
22380
28743
14950
12706
18011
20817
19305
23729
25006
15163
29215
32451
18564
7450
30653
9977
988
17172
24746
220
30952
18134
1765
15818
5132
10259
29944
16484
3925
8799
30529
27171
11970
9930
25102
29916
3247
9025
14268
934
30265
13711
9458
24446
23043
3847
27967
26939
14184
18294
22036
1464
4669
28971
22623
27917
4458
6619
12097
16435
4142
1865
656
19020
13147
11100
3681
7075
29516
529
8672
18069
1118
12329
31814
15324
25427
18040
27852
9023
12947
24094
10499
32698
26319
3491
19415
275
23509
29651
10617
28346
12113
17180
2713
22095
13662
3884
11649
29643
32083
13474
31715
24872
10344
9659
32090
26399
16677
20814
200
18339
28143
12758
2470
11239
32294
20421
5892
15473
680
23361
7727
31966
5987
27596
12392
23503
27507
18174
7248
24815
4350
1768
18237
16465
32569
26238
32259
17117
21054
28783
16294
17362
8569
29080
24648
29730
10319
10844
30036
9878
8148
22729
27888
25917
11164
30139
29815
9078
4221
21038
21191
5540
12782
18412
2547
22955
10024
18175
14921
8042
21809
14657
23901
18511
26405
32551
32419
23767
15210
7023
13137
31482
18628
25689
32093
14284
22861
8763
11285
11781
23479
1955
22593
3499
25598
20505
11459
1796
19327
660
220
14125
31540
8922
19820
17257
5455
28655
28024
24519
12118
9231
1417
13935
29585
15256
6298
6687
844
13793
31123
8788
9671
23661
23934
19153
6090
30161
3613
10929
12530
30398
1008
27123
7016
3338
10274
17183
9654
16639
12755
12212
11865
4
1154
18789
10831
2864
4895
27459
19501
4745
6544
20094
31486
6002
17171
9847
8008
26800
17858
24074
29128
26841
14912
14252
7811
31260
915
23292
20750
15858
1023
9661
24501
32206
12270
8563
17361
4585
673
12003
301
27834
32101
4570
23831
27127
16202
31185
136
5067
18024
8236
14675
12759
13542
13937
26254
17770
25335
23293
12286
3981
6607
1760
14978
796
28336
7308
12216
30339
27631
5560
9289
17172
32258
1081
26397
23792
8802
15456
28767
1875
32518
27581
15875
30166
31961
3279
18645
26795
15979
6463
27413
30891
742
15742
30706
11736
12221
32256
22525
18865
30961
14796
25444
7657
17233
10396
5334
14474
14571
30303
29226
30289
11779
5932
32293
23660
25116
8075
12050
30391
8253
7218
2910
7484
6182
6347
25248
24451
15517
18718
20398
9300
29998
19267
2909
12454
9160
3789
7478
2905
15906
1170
29840
293
5878
330
4765
17979
32293
12927
3390
26697
18624
229
13129
27900
23178
7629
21362
27635
17695
9656
3628
30600
13100
27505
3018
14050
24990
25459
24011
12179
237
16773
9416
9973
7634
28083
20530
12653
27473
24233
24762
16344
9228
18301
18395
29168
15391
9636
12186
5209
28571
13569
28065
64
13922
24854
18328
23226
4373
28895
6034
16127
5973
881
1821
28565
4863
25590
28772
4407
1554
535
18811
25839
12930
18654
17224
7951
21940
1824
22523
13239
8454
8178
27865
24689
3306
29717
8689
21258
365
23960
25491
28264
3563
21995
3140
29656
14137
6445
16904
8008
20878
16761
29352
29324
3634
13049
16078
17970
9315
12293
18687
29918
31628
14720
18654
28604
30186
17249
21272
11941
22284
14354
30079
16178
16033
13761
2924
6359
3272
17389
15927
5053
2623
29921
10589
24980
25382
9528
23400
27984
7993
22892
7666
20264
10552
676
16748
20071
31533
21920
24833
23132
30423
307
16126
19280
11361
30542
9
17228
30394
30305
29651
26701
17621
20288
3531
25158
4823
24712
7209
31708
554
26435
8847
19211
20920
26278
29140
32617
2505
18189
32387
31553
30070
20311
25653
2735
20014
25346
25439
11112
11071
2348
451
5324
17183
10367
21073
16236
24016
13764
2669
11593
6565
21705
30194
794
20723
2251
6608
10545
12684
11511
4300
21541
10828
16108
17584
24918
19416
11440
14622
17510
5627
30685
4555
14080
12377
5677
4450
13356
27479
32193
32089
24316
2475
15647
6301
5250
1183
7146
1659
16045
2368
23141
184
24332
21710
24350
10069
32734
32695
24692
24866
2499
21185
5341
25030
9106
20051
24121
22621
29625
11802
5565
503
26862
29546
23647
30853
10811
25277
20291
24684
26125
10564
13759
28191
3537
3535
15980
21191
24824
20961
5017
25716
27055
19709
3188
1289
24801
3771
2388
6947
9145
3003
20405
3567
29590
25228
28853
19787
6068
19990
12637
1308
29075
10635
6297
17143
5593
29635
20285
18289
11656
16444
10638
15685
23054
31744
24141
14200
17971
24093
21615
16470
26996
25718
13264
13081
25069
18879
2754
13277
18022
26414
1520
19065
22051
22392
12948
30080
21153
14512
4497
9018
28885
32106
12563
3918
26644
23634
11886
15429
8382
11159
24241
8451
7954
1846
20903
16579
23817
14149
26759
12628
9832
24800
14671
15429
11311
30857
28387
17256
19859
26532
1779
18883
11642
17884
20970
21743
25819
5268
9973
19153
17671
28928
7243
16186
669
28065
23364
21908
31508
3527
19847
28695
32399
29974
30518
24523
15093
2919
26625
5859
31703
5787
13296
24305
26621
510
5781
5171
14552
22041
27861
17776
24030
6988
25162
19502
7982
16708
28358
28154
31872
14826
13210
29442
20746
10391
19296
6300
32401
25529
12269
10169
23295
10992
1240
25147
24617
309
9733
15083
29131
13932
27130
26446
27241
3478
23778
11775
19461
6499
6031
17682
27305
29411
27185
16788
1939
9758
25046
10409
26241
24791
8924
27094
10449
21339
7035
26649
7404
8100
928
9669
7434
19275
14185
14434
18639
22130
1948
28045
14701
22008
246
8287
27415
30380
16752
7389
10049
25082
25862
30368
22410
19757
597
21218
15580
9371
20083
12371
14642
25498
20959
1925
2821
25538
15599
9504
7902
20462
10222
1638
4353
15507
25495
14144
21825
16026
17017
979
20515
13963
6570
17670
30780
23663
25879
32483
25755
2758
11363
21411
12100
20334
8414
27959
11893
6999
9690
23755
4922
1838
10029
15809
12397
28618
3460
20036
9363
564
2026
22081
4637
12310
9098
12768
23822
14726
3083
26559
1799
21117
12859
13703
14944
11263
13626
2436
3221
21832
5415
3361
6956
3256
333
8459
19841
29505
29928
21359
26538
19657
864
19791
12081
31355
26725
18942
16602
21478
2520
4858
17726
23800
19233
522
23292
2107
21254
25442
3213
29534
17004
28237
19706
14737
2046
1418
13568
30365
12714
27387
11531
29022
4195
5460
29602
422
22497
31122
17715
21538
25254
29388
17995
20943
17157
29677
14532
6830
18001
30180
15772
8149
26276
27883
27766
32471
14846
25884
11196
30009
6130
25205
20637
4246
16700
26331
26412
18595
4765
27456
26632
16637
15163
25808
3626
3953
5104
8181
829
432
3827
13640
3003
6597
9674
9349
24381
9991
17241
5004
4975
24665
5761
14647
21267
119
27136
26494
16037
1089
23553
17344
203
292
19554
28388
25386
999
14107
23338
20479
25158
14142
18724
5473
4501
22987
11936
16616
7367
19315
7770
14025
13473
9524
29861
20697
12070
19881
20051
1387
12196
11408
24759
16593
13141
31644
32303
8523
27440
16761
20603
22473
6297
6252
3628
2018
22784
1125
7755
26405
21032
24838
12982
15715
6350
14969
15120
2082
20838
27724
3899
17440
2273
17981
5408
25035
7653
27393
8393
6838
10948
17608
22641
19498
23646
18325
18391
32065
12248
22917
11985
9220
21769
23010
27422
15149
977
28628
29329
5655
13715
4347
24872
19972
25168
9751
27597
26438
19103
16086
27168
24182
32547
11401
5158
24327
32301
30902
27745
13523
29359
31191
22259
5565
25975
8127
13868
29882
28731
13980
6301
32544
10708
2135
6153
1755
30066
6628
8626
19050
19106
14290
21509
23136
19250
7280
8242
12148
11405
13005
9246
28991
13483
1287
19148
27403
21687
21959
11960
6834
21966
21961
3934
31354
21389
22182
59
31941
27256
24577
4016
21322
16141
6726
17772
9074
29726
27576
12258
25443
28771
4264
5780
9579
26820
31625
19493
8320
7227
21216
21225
27404
4686
20369
25765
9735
19587
30471
5141
5813
31712
28886
3628
21360
15977
12133
23563
7283
1462
1692
12811
18507
23897
24472
6735
29823
28285
14540
21965
9961
21797
4877
25847
4529
5374
32274
3663
4383
26704
28604
14994
31878
31044
1771
9035
11497
28051
9024
28922
25462
12691
8090
9358
22596
24749
32410
19006
2369
12606
21089
18030
15913
24611
9334
29215
25098
8366
23631
13969
21237
15140
22591
21997
1861
21457
29188
10546
28834
29660
17774
19135
12947
2817
12834
31684
25126
13354
16169
29396
31572
6329
15866
20952
11557
14883
31457
28421
32487
20188
22012
7243
29373
387
24998
25007
20375
14923
7393
741
20345
15074
13593
12042
12099
6888
25342
20669
29705
21535
3066
14150
7737
5767
6141
30012
24487
15841
14846
28403
11547
27705
25692
24518
11575
22642
9802
19522
7559
29901
16529
4298
5358
3280
22553
6964
3267
7871
23496
7422
20191
21502
21890
18004
20932
14212
11016
11548
22697
22282
3143
30627
27372
9850
22708
852
5768
6664
2091
22971
32353
26300
9413
23004
20958
22751
3838
21114
13084
1565
14286
11178
2582
23208
813
7223
29192
7937
22545
11684
14721
18589
17186
5386
20527
684
24469
5721
8962
8450
32465
3075
31233
15417
27527
17903
17906
24530
32010
20500
23844
10718
27921
21462
13583
12076
16074
22877
1468
12247
1813
3030
4892
15644
24396
28994
21416
16645
19500
19424
20852
18885
28506
23100
8924
8739
29968
12295
12608
19187
1188
1264
19296
31624
3709
3614
32033
30872
11382
17220
10845
4059
9260
21354
8944
29919
29121
18557
6127
3060
26511
14059
28252
25809
17318
24399
6871
14356
9347
7093
6837
11637
15323
25609
15012
17943
1485
23374
20842
5000
13494
5133
30281
19100
3144
19475
3736
17941
31786
26485
4305
7558
18121
17304
31931
7705
25069
450
8013
16749
10341
582
24223
15102
24633
11182
8942
24946
13245
837
1109
23885
7355
19474
2012
18042
6859
31422
27926
18946
914
23270
23538
15379
21935
21872
4084
966
7826
31192
13852
3019
13085
21396
12387
19473
1220
17445
14305
30609
1610
23482
17031
19081
16961
23502
2412
7588
21175
28914
477
13490
5477
31885
8010
15603
16001
21523
19016
29275
21319
10850
2291
30930
24367
28974
30378
18225
18645
6504
12059
13316
19020
29374
3627
9049
21352
4588
22803
29190
26665
1376
12412
14403
16827
23843
15944
20728
7725
31167
24669
10593
23038
12494
6579
10728
24292
1958
12572
11998
21013
4035
12521
27695
5605
23942
15964
25450
31723
21925
14443
15406
22826
2777
8594
18291
17421
10559
4079
6167
23546
31695
30619
2257
18237
10408
19539
4348
627
7785
22309
10673
4143
1423
17086
951
29929
23160
27553
12510
18063
84
20055
10989
26804
19653
16171
7552
17052
31741
3816
22122
571
8862
4052
31579
5918
468
26236
26620
6337
10773
11499
6490
30462
20809
22002
3862
6721
999
21104
22568
27622
2115
7478
70
22007
2628
4661
1721
10613
16922
27357
23287
20476
18351
3250
11992
3555
6712
19261
11413
14379
27989
31684
1141
10547
23737
18021
25229
13381
27608
14089
1494
834
10399
17154
12327
5764
20043
29620
12326
1023
29503
25404
30968
6826
855
18074
14985
24176
28544
5029
30944
10819
25605
26859
27459
19480
7125
15271
2596
22549
32751
3503
28387
14274
16786
30244
3324
25677
11555
13483
10813
30561
27688
22191
25314
19078
29486
8495
18055
21499
13002
6158
21035
30862
6216
3534
5321
4909
7086
20154
30773
3543
17528
26340
21659
11558
13477
23887
5995
1636
11226
2279
10432
21136
18730
10669
10851
3837
22109
7729
25876
4308
5867
19130
26195
26794
16844
3315
21698
7345
30109
9869
32269
19134
16235
1048
28126
1024
415
20751
10818
15410
897
14800
29380
16343
1715
29052
23247
1411
12758
28013
28679
11581
12239
15469
4516
29830
9050
20251
10927
12723
20632
30179
29959
24134
16241
28163
15682
10131
11419
11046
25639
22598
7119
1901
3398
19827
16174
6260
9426
12411
2853
19721
13211
13632
4333
22184
17005
2174
30391
5288
24478
25803
11462
24166
31607
5574
8847
31481
28155
8235
2736
12336
18573
12814
20460
30967
18456
2996
25051
21152
30876
5034
18476
18690
12472
28652
23275
5979
14273
20056
6358
14084
26436
30421
30314
29328
28888
5067
28408
5748
11187
25746
28758
23603
16975
27689
23491
3484
13947
30474
19919
491
19511
29443
6788
20448
14080
27537
31313
24117
31124
24556
8942
6522
20679
3439
3563
28122
10400
20742
26719
29661
6512
30106
31496
10475
18374
24738
14522
11804
1968
1286
20817
19219
23904
8363
9550
22365
28243
2600
32278
5365
32430
32629
13529
25780
23355
16461
9888
29884
1409
4668
18112
30562
24941
17580
29357
20519
9634
9000
30627
27201
19091
26553
4026
19907
18046
16563
23970
19182
28727
20659
12592
16035
764
330
14923
9500
12160
11776
8968
9907
7823
413
11795
21609
31473
6937
11846
30118
27953
4529
22090
16035
28159
14023
4739
16567
28945
15073
17238
27334
26060
21689
30892
4684
1101
21177
15756
6723
18491
6443
2811
30382
2661
19559
8181
6002
6654
23323
30319
23916
11815
27668
8914
21672
14054
10481
17962
4213
32650
27922
7759
5486
19336
18083
4951
25216
3295
2602
20494
13853
8324
1280
23599
13439
1733
27677
24228
18021
22824
26803
332
15555
29741
25846
17928
32465
18537
25540
6779
10876
14014
5518
5704
19768
8169
22288
18781
30214
18072
12025
14843
8601
10208
15271
7149
31693
15269
27654
13984
1830
20464
1468
23785
29761
5564
23782
11903
18512
1344
10049
30359
8002
15182
21759
20720
13452
22017
23630
9625
14680
21313
22699
20868
9938
19796
29315
23209
17834
30714
28594
27658
22237
8522
15252
924
15838
4061
22237
231
13074
11068
15557
9194
2583
14085
5685
30432
20294
30461
23402
8810
9823
31050
31975
5698
27835
12501
22090
24782
14413
31259
11602
6372
9021
24891
137
14993
16400
21025
11714
31520
1645
9912
5206
23504
643
31956
23322
10618
13794
23802
15090
21256
7395
14772
24835
9919
21674
15550
1611
2510
23760
23553
12400
21812
31951
22001
29831
28936
23495
31041
23602
10339
28436
31873
19419
29590
8810
8411
903
4477
12478
1369
5573
8325
15746
7865
3157
1893
16272
7191
12526
7017
23693
32617
8543
27440
28617
22370
22999
5586
17496
6003
5487
12752
10704
28747
6405
28316
14925
10436
10444
25058
2594
12006
11140
6136
26711
21474
21692
9756
29599
29938
26088
18515
2308
6826
26258
13459
13503
30483
19258
32599
8899
30858
24850
18717
8431
8078
31136
25642
13142
7282
31228
26913
19171
24186
11512
6018
8007
1530
15744
17527
1715
19816
5989
3567
19798
13878
5525
19189
17952
11530
13797
1714
20174
32426
3479
19921
32272
1114
17887
19565
6465
21804
4452
2332
1689
29109
29906
25320
3414
26728
20948
9030
11005
31361
10832
2326
26696
20834
25712
14729
24018
10707
6979
8863
3478
24507
6272
5091
17923
1274
8410
28379
29236
8806
1817
15594
6200
15356
21578
25379
13736
29585
13598
27985
1062
12161
15958
3704
16926
22122
23352
15407
13842
10120
8473
28728
1828
104
16590
25135
13724
10229
10720
16660
22580
21651
19093
8708
24448
12029
21616
12482
11695
21191
29498
26176
9452
20534
13201
13916
19558
19722
24697
30511
4492
4941
30813
25557
21581
31949
22067
11497
14970
4594
6867
12889
24020
21005
23737
21916
2185
29427
6233
16732
22068
1923
23533
11232
2606
13160
27223
23225
4305
12745
31645
285
29845
3812
459
23522
11773
26394
14020
21221
2826
1624
29917
20235
26100
10816
26491
24198
25841
32252
31065
5729
12892
23834
25990
4167
20304
24860
19380
673
6026
14818
162
7627
19483
4905
31573
14148
1354
10629
497
18796
17776
4863
851
8225
17710
16000
21434
19870
28217
32654
9337
23694
8330
4790
28360
14906
22446
22361
16166
3496
6954
24226
2499
32492
20950
29617
19142
20480
19035
26452
26921
22824
16645
31305
11314
13443
252
10720
30681
31526
14691
17270
12992
22489
23063
429
20721
19979
12572
9202
12456
19300
31705
10657
13696
29562
16338
5163
21335
14209
30334
13831
24629
19998
7895
3917
27216
5662
6660
4068
31978
22678
14756
20207
3890
31674
4256
14669
8437
328
10663
30820
23617
10440
5753
6039
9256
38
27711
676
31291
463
26268
30555
24943
9618
29925
22498
3935
30791
8840
4110
5697
21357
6759
9001
19095
19155
29402
20727
28061
10687
9159
11105
17073
30944
3135
19501
6812
309
12330
602
14006
31580
23861
10810
22931
15560
13189
10327
19831
15491
27067
29620
18648
7809
20402
25324
11596
12722
32527
22213
31172
5348
6687
30817
14579
10469
14218
27015
5402
11974
7390
2808
4010
30
12693
4361
29908
31587
6891
18290
3790
30548
6654
30788
12381
16355
12864
7859
19392
28197
31286
26373
25692
31380
5523
8140
8961
20561
23354
9019
4583
7235
1395
3755
30326
8614
17512
22789
8027
21789
2809
22276
12395
3655
32208
15856
31815
15460
29854
21460
12850
9704
29584
32340
7048
26689
8312
8189
5625
5300
27920
22480
601
12890
12088
10589
14977
25081
28689
14690
27519
7385
8852
21442
13473
7032
16971
17283
7346
24125
13808
21307
4857
21973
13712
13917
2770
26268
13694
18533
25502
19176
25877
6209
1031
13178
24663
27860
30883
11289
31937
7066
11928
10989
12487
11171
24651
30595
9903
11563
4716
13291
30679
32133
29378
2553
31264
29136
16058
8449
24821
31202
22936
27820
499
15371
24923
25887
9516
28046
27574
4787
3155
6698
4935
21822
12029
16734
13867
6235
13884
79
28089
20451
6182
25126
15447
30130
6111
31551
17895
5920
31198
10847
24789
3899
1772
29026
25924
21211
11036
26175
2504
14470
12484
16446
17178
7174
18533
3442
19181
4316
2830
15109
8948
31430
24579
1699
22572
12479
10165
31642
3162
17760
7992
23049
31829
21159
24605
23849
32211
9522
15983
17095
13822
1844
2313
28830
30875
29370
16816
1764
16601
9768
16132
25664
7846
22243
7184
20476
20006
20697
460
30102
18867
24373
15327
12193
25454
23650
24403
28155
14417
22963
24906
25628
26818
20409
199
27663
15953
23992
18920
29224
3841
1475
23290
24056
30494
8446
14030
24087
22646
24781
16393
22877
24427
30036
10635
19695
16502
7934
10791
29199
28209
11353
23546
3510
8399
9137
31281
4614
26180
12371
21666
15777
2132
11449
21833
13054
2969
10085
20520
13256
14509
12737
17737
23545
18426
26742
1955
5857
6678
18445
7716
12274
146
9820
13589
4361
32337
9225
21772
29336
19788
10857
17384
22293
15831
14561
647
21755
6860
8350
22796
18304
25230
2117
27383
26562
1640
24280
15682
30339
15968
13696
17419
14860
11697
24158
15421
21657
27287
29485
17466
6776
28188
14437
9216
31507
32288
9415
27073
18902
20970
12139
19003
31506
4876
27108
23491
30615
12720
30793
28538
22496
1151
23568
9904
27091
28735
4312
11774
25290
8045
29680
29276
12599
4500
24559
26198
24597
11264
13176
26844
3082
9267
8714
30137
17093
24107
18810
6329
3145
281
22027
3385
17267
27590
15125
2229
15004
19392
7759
29188
20831
3792
9314
25541
31612
14642
13095
17697
10415
28563
28319
14182
16160
13292
25596
17755
5383
5862
12738
4175
10671
6119
18698
30015
14707
29563
30837
25836
21526
31489
11263
11328
3639
20851
13662
20755
20562
20957
10511
19381
28459
14070
2477
13697
32197
562
6312
20471
3931
16927
17948
20279
23997
21915
5803
18825
21567
4503
30494
13446
26146
28829
11098
16231
24098
31634
18495
25177
4459
3110
23981
1500
7991
23252
4085
15034
352
16322
1465
24257
298
12883
28587
10722
26340
31058
16527
14873
24709
6866
25240
22922
6175
31853
13477
30422
28769
25134
704
28429
2956
31698
23566
19217
14596
9549
17120
9007
19726
3037
5093
28349
27080
649
10177
6848
24001
7979
9607
24559
13370
17269
29062
23886
22421
11429
17713
12804
20692
19319
22017
13381
9475
23131
15903
20667
25844
5341
8302
4790
7795
29997
29742
16932
30185
14122
28559
5870
18684
7305
19831
2460
13000
12589
30825
3247
14049
14687
31227
8730
2060
8358
15476
24760
554
89
23941
31813
5727
26983
23512
4737
30660
18917
14586
30303
25448
26901
18678
6991
29955
13608
27958
21242
21085
21552
10529
27286
23607
11837
21257
8468
30043
31477
18807
27043
9915
9396
22061
26045
20158
25318
3442
4404
11533
28922
11440
32736
14144
4751
1387
30276
26144
32494
32484
32656
8943
24553
30075
9046
9420
12684
25053
19017
1127
28030
14710
23152
16255
15365
11008
9197
24501
7875
32435
27708
29787
16417
13213
21505
32557
5084
20278
20798
1743
19263
31251
10832
6331
20031
1685
10375
30100
28811
287
30814
27562
10262
24272
25629
20394
3227
21206
32674
17670
12091
15589
12428
19859
30824
18812
29201
21294
8828
28392
19581
12943
12382
21931
10897
25160
27777
19594
2428
26675
31680
8178
22019
1786
24318
16348
22231
2653
13407
12086
2407
31637
24159
27616
520
13010
15377
17428
17472
16155
8809
3957
12969
12755
23081
23254
9768
6189
6642
10575
8451
19629
14073
30596
16205
14108
25245
13861
1157
27637
16516
8185
10219
25823
8445
27242
17743
5670
5442
11001
20186
14306
15902
2624
6151
6754
7238
23109
10880
32403
31208
22192
27622
2891
31362
1259
22063
1890
19610
13454
2529
13986
12034
8451
30480
29922
27441
25134
1017
17412
13022
15172
15868
430
13551
8711
3085
619
18877
7133
22694
17446
32007
23015
26538
28197
515
5843
16236
17244
20923
12978
10110
30501
9289
32227
20860
16652
27442
16423
28890
6510
14062
32317
30718
6001
12653
8002
31044
19086
13682
9145
19349
10179
2046
13523
26166
13760
20300
18407
16314
25195
32234
4997
4738
1381
29233
3589
16760
14212
27455
4105
25276
3057
29123
28561
27468
32658
6067
32451
65
27530
4560
7147
19558
27863
13341
3264
22832
1274
23427
28939
29820
16121
16033
16837
18789
17156
5922
15412
13399
28236
2770
4442
709
1003
11657
18633
20683
20016
18524
16318
5268
10078
9321
18631
21996
24731
15828
4026
672
20952
11720
17346
11518
18982
3002
3031
20173
9776
32507
30131
16587
30570
15521
27982
31849
26973
3737
29578
8874
9460
21372
6475
32271
5558
25844
18897
15446
22779
7173
18013
30628
24478
3884
19658
15046
14991
20927
8657
6489
10689
30040
10902
5719
32717
23722
12911
32657
31934
28164
30636
15840
24714
19279
13508
9700
18461
22981
3868
3038
23495
28275
27364
15732
27479
22394
513
3220
13741
16042
26855
6666
14038
10836
13979
28245
5068
21982
25913
16668
1703
26831
1399
12425
6229
23809
2271
17125
12627
23155
7831
28442
15746
2798
24176
4379
8147
20553
24258
560
28528
3307
15058
25489
5232
31716
27428
5340
30885
23046
4986
24209
22179
25202
7660
11348
6207
11132
12936
31203
26109
3655
18645
23287
19083
7890
10541
28285
9559
32581
14897
8110
18449
10378
13219
16814
18143
12278
334
18825
9482
17693
18919
4945
16687
16087
14827
29239
12943
823
10182
22623
23086
32339
21781
20883
5242
26269
14658
8434
20367
16154
26368
1910
31112
27160
582
199
6755
14856
19300
1641
30937
21411
16483
5198
483
6494
28097
3094
22098
31515
24375
6064
27560
29046
9237
20429
16702
31520
10985
1560
2153
17904
112
14981
32393
19896
27045
12100
8818
29681
30202
20500
25854
2627
13800
12256
26841
27212
25149
19241
8924
13827
29445
22315
8562
3355
11016
24328
6952
4876
11409
14968
1203
12196
15405
23132
3191
25505
28642
2844
4720
23434
29699
28115
9168
20062
1128
13553
9623
7450
25336
24052
1621
2108
13814
25226
22131
27807
16607
19525
15513
14420
28781
4877
31077
361
8580
9250
8502
19628
5872
16809
2353
10103
12140
15911
27007
10401
13297
7432
7048
31875
9735
18266
20232
2676
10662
24841
25270
28461
141
2508
11865
21481
4772
25582
24424
11217
1727
13151
32737
12532
7354
31071
6836
9484
30163
7149
31032
13855
10301
12924
11167
1246
27659
28692
9856
15921
22920
6328
9568
13588
15302
22039
23900
19214
7506
29825
31912
30847
10823
25676
30668
16397
6832
9253
24759
16840
32169
29193
10986
23495
9511
2740
11312
29340
19104
22260
32639
10551
31988
29547
13630
5146
15114
11871
14487
6473
20482
24347
23075
27465
21487
1962
21746
31430
22539
3343
30123
15065
17906
32061
3481
19388
6725
12436
5525
5437
11983
10913
4404
19478
14754
22345
28565
5267
24294
28913
3468
16499
10878
26566
9699
5810
31775
16920
16099
11679
13207
21630
8893
11516
10095
6793
25197
31924
27626
16615
7343
28157
21813
2697
2857
27614
955
22453
10644
8989
539
1806
23355
10632
27798
30995
5379
7592
31853
69
14613
17933
14637
11827
15911
17918
1371
765
6511
32094
15592
27916
16929
15813
8378
8793
25365
30788
11636
15215
14529
26490
11650
8019
21050
20512
32155
12269
24891
20487
25294
26371
4700
2261
13679
30752
5635
2881
8890
20777
9353
12168
1909
478
32689
32309
5394
9949
31603
18686
13883
11544
1545
1350
7109
27495
3577
26604
3264
11868
15420
7565
9085
9660
7395
17540
15992
32226
1545
31879
31981
30240
21729
23168
18308
1174
29523
9676
13811
24103
17033
31090
362
17734
7559
7544
29489
31929
1588
17130
7433
4564
2035
20198
26803
31965
731
5948
22927
10313
5132
32206
18643
18987
19268
83
17944
8738
21194
11232
29485
27821
24114
11830
19941
31815
19233
20724
14658
3273
24021
32519
14026
23968
29098
11262
11031
20084
21895
19620
6143
13308
6450
22546
27140
8706
24684
22977
32196
31161
15151
5350
4229
2054
14011
8901
1591
30827
4413
3528
24613
10358
17581
9901
32026
15859
28204
7035
20718
15689
12021
998
2383
21846
26612
4719
11098
25597
29088
6283
28570
24921
8718
15886
5214
14636
13846
17146
26937
767
13224
26560
205
28598
12222
26345
17287
25704
9205
22372
19154
11394
3937
27443
9345
10142
24871
4408
4116
27598
32195
6762
20118
17345
26541
10606
460
1566
21613
12096
32368
6871
20982
28012
5590
32604
13249
2982
684
28851
25550
12747
12978
16644
2102
25368
12496
8111
25722
6267
19899
13381
25269
2657
16126
7486
4722
18906
6321
16036
28292
21048
24918
7801
17724
3038
15799
4144
19508
20117
4376
21825
2820
22960
4685
22028
1258
6972
22852
27624
9438
28741
27989
5712
29933
8069
6761
25875
3785
15481
3309
16351
339
27569
3502
19499
15982
30883
11735
13089
21030
27496
7163
12654
29549
6195
18571
14252
6895
12737
24263
14698
1255
25895
11301
19664
19569
19344
656
6995
17331
23194
24247
1193
20629
21129
9243
11490
24668
20647
3169
24639
16769
23276
23745
15634
16592
22783
7749
18471
4537
13635
583
11896
10844
3504
28730
26026
18863
10750
8824
21956
15414
17433
13001
25088
29054
17187
5691
4032
20287
26064
2563
29594
23872
27388
23644
20151
20709
14246
7635
19979
27117
12125
15769
29338
11398
3897
28770
7717
23407
14814
15459
12634
11666
32474
2787
9820
29191
31065
14933
18379
990
16403
31641
4484
31212
8175
1801
14298
22221
11875
6019
443
8993
4225
10746
18852
4362
25849
662
2757
20539
30524
17131
15168
26701
10095
25624
19721
6642
3094
27606
22304
6585
13583
27006
21629
9714
18343
25261
19403
32451
18375
28266
28504
15591
25583
1542
16985
28279
12048
18950
8125
1534
24479
6731
19313
1818
11796
17690
861
30287
11258
25267
19723
23162
29401
2299
27582
921
23932
19642
6572
19569
28193
13783
16953
15165
13149
32187
25890
9779
5946
16870
11183
6140
25471
23230
22698
25074
2069
15293
25640
27958
19193
4760
9658
23876
18389
8942
31387
6707
10687
30459
32629
86
25741
12305
6498
12906
13969
12432
23229
25704
10960
8437
4146
10763
15142
21505
8607
29701
5622
437
31022
13932
11157
16548
26378
31050
16439
727
17516
11949
11631
20816
10377
10104
31709
10089
32671
1205
8037
9207
13272
9389
18929
15772
29202
6876
10634
14970
25756
32184
4884
11583
12694
23472
11434
8955
10695
20045
4079
30227
6309
8895
1294
22952
28101
1211
19875
27171
22706
6565
2875
30079
17872
27041
11017
5784
412
26804
3084
7067
20063
22637
9333
26771
27118
855
16565
9131
21192
3405
7687
1269
11387
27480
29286
8584
10949
3639
26126
27279
26175
21356
25776
26629
30581
27167
2955
19334
26441
10906
24078
25258
16745
16909
9861
32571
15234
10545
28226
27715
814
23346
16026
32131
12387
2389
25296
19379
2114
18727
15334
7946
7758
23908
28041
30568
20335
29430
18504
25917
22337
31120
4243
19825
17745
10513
21280
29476
10213
10503
26720
26539
10999
25801
31856
27938
13180
24988
11819
20842
26801
28766
26215
23312
8520
2450
32238
23253
1462
12960
7201
14241
5179
9158
28415
26022
14792
12567
25214
4237
11441
32735
8403
20135
17447
3246
12440
22244
3868
1673
10099
11137
20971
6948
27268
6107
19177
10336
30843
15044
24048
10876
12090
23569
10947
21189
28219
3252
3500
32680
19731
25591
22923
15557
9507
29873
28278
26594
7246
2991
813
15887
21697
20023
14565
10598
24705
2764
25709
29252
28544
289
19691
1805
3011
19935
15316
9985
4250
9352
14110
6561
15662
29565
20628
23434
1758
28903
12837
19890
12131
17105
5145
17763
13885
13458
31327
16593
25741
12104
3041
10179
26544
6386
25236
23426
31367
6758
31353
16390
12551
13612
30296
18494
708
15044
7451
8185
12254
32710
6327
14962
10390
17137
9783
11575
9973
5212
15387
13591
2145
12317
8166
27207
17473
9154
32145
26408
29789
5214
15180
6578
32593
26968
12734
2826
21310
26430
22922
27259
31124
10755
14204
8747
482
2933
17430
18069
17272
14240
6000
27636
32287
10672
18363
25218
6698
25880
17424
12499
4111
28185
29379
21634
13161
8018
9834
11636
28649
8004
8376
4568
15932
2499
7353
11814
30005
5116
28551
4201
1225
8437
306
16999
23397
24930
2741
46
22571
30464
12571
25377
2787
6463
4050
3308
19490
22857
5485
28549
4852
23919
1457
15779
28298
28310
17168
28057
12462
27686
5318
3309
2862
30285
4450
19741
31491
22100
25438
4411
26776
8053
30243
31737
26580
19352
31397
31593
3383
19345
4831
23848
1582
30915
8382
1938
584
29563
19442
10797
30797
18920
20307
31282
24386
28854
8623
24418
25627
23740
10081
12077
24024
8021
8719
28158
17068
8963
12121
17754
21743
9093
17196
22297
4707
14977
19964
30271
30395
23297
7325
20258
28507
7017
7426
21223
4430
32759
8974
2517
21084
14035
29923
645
25616
19623
3490
3805
14362
31649
27382
1310
12477
22365
9363
10713
14073
29329
17496
24553
6619
28804
27621
19271
25296
23947
13477
20438
29026
11525
6043
23386
27619
26041
21325
29738
30389
17734
6644
8320
9709
30304
30470
1737
21916
1798
11102
23824
2343
515
3203
25526
5478
28561
8507
556
6974
18341
19287
25783
15398
16706
26273
11809
31862
29230
32745
5322
12154
21697
14706
17603
12520
12291
27359
16142
13974
11079
8556
3336
2322
23556
10070
19051
24960
11339
13900
27252
11926
24366
1322
7385
14516
3771
23583
2403
3394
21478
10310
11057
1903
17534
12361
15376
12746
11713
10075
22140
31956
31478
6091
20640
3300
15712
32727
5278
17408
1083
24437
15499
12187
27323
6111
6001
4181
20988
1398
29666
17457
6439
8907
3529
19517
32316
30847
19882
23707
18312
19710
3103
11549
13952
9733
19409
20462
7062
24980
23333
7836
29458
4389
24115
27341
10964
24484
1518
31149
24342
2993
31278
15099
3305
16281
9542
13891
27384
712
26999
14392
18040
15266
23353
3413
15583
339
15079
9714
5032
16578
5736
9214
31054
3009
18360
13163
166
4435
8830
27963
6322
3553
24233
7269
9654
3551
4911
13743
15265
15163
22643
29119
25423
59
24556
26372
16569
29279
2062
23421
25498
28691
13330
29676
24010
950
24387
25782
31906
14185
15390
32627
11910
2010
26434
17657
26442
30903
2602
5975
14497
10786
7318
27463
1373
12813
22551
10953
16538
5566
14901
19088
1481
16808
17369
14675
14439
31739
23693
23758
4584
2298
10594
27264
18455
12157
16715
29919
30638
25594
27683
21224
29456
23313
25213
4305
17885
26114
13424
2092
14345
14892
12598
11621
18018
24184
9730
22394
16037
10667
1914
10710
21532
11403
3631
18196
19177
21807
29997
11657
12963
16718
3338
13366
9301
27515
21089
12623
11334
1273
26229
18467
6971
11755
24592
409
12522
1529
168
29755
31912
2408
3308
944
29511
12451
21571
16649
23489
1467
25272
5938
16691
30781
28672
25944
572
13290
13485
11473
29644
30898
20997
5314
423
26931
8665
8847
12336
24588
2467
31995
29456
17646
30446
30838
9465
23570
19388
10878
14023
12644
25984
21916
27950
28277
8716
463
15975
16716
10317
6458
7719
4365
4829
26878
26421
23879
22759
4882
29197
24216
24028
28802
31064
12132
11185
25941
32076
3388
22429
3918
31862
1930
12300
16277
25010
20943
11858
400
21223
9677
14183
15638
6999
26256
25581
24303
16174
31258
1761
22823
4281
12767
2907
544
24817
18533
18333
18760
10465
13583
29399
15873
14418
148
19795
3229
11610
29663
17946
4386
29263
2340
16296
32252
22757
14607
20069
10888
26015
23916
16474
7363
13447
17399
25207
25788
14837
15434
24582
641
16100
9296
1678
23322
7889
15476
24529
17520
4916
18750
3118
15197
29516
21537
11260
4876
14650
18755
20974
14368
5114
6417
16359
25036
10918
14119
4660
26458
25558
18137
20725
8613
28036
28818
9665
8441
21597
9528
16118
17226
13155
19989
1382
24701
6404
32472
7832
7948
15998
7592
16002
21176
2251
22622
22145
14583
13472
3842
26365
11129
13080
12268
28663
22059
13875
16390
4498
11185
29761
10633
20032
8604
25758
17275
15050
24497
12056
19573
26213
22043
12119
31378
4437
25012
10206
18787
2102
30805
8401
2408
20345
17270
5863
21913
19680
29583
1729
1749
9570
11002
639
10300
22404
7159
11342
19485
30088
18247
15165
16636
28873
21984
20198
1465
10960
8784
28270
32110
15152
16191
16485
20563
32143
26224
25544
12495
16732
26168
22762
21064
21904
20669
2054
4842
3609
19282
11587
31529
3615
15751
1264
25897
20946
19272
30842
26218
10190
25511
15228
12412
28981
24881
15061
1053
867
11378
12389
23500
26663
29976
8927
15337
9873
28364
12386
18264
11598
30148
3734
30875
10591
27283
5466
32681
29644
17200
13242
7005
15415
2941
15575
20486
22487
4191
13165
12392
17300
13353
8431
6462
6642
11993
11863
6478
15399
17207
1642
19929
18920
14783
23210
15438
2370
29969
5720
2616
23728
10239
5051
19348
6054
11155
16921
12138
27315
7003
28000
31037
26286
2912
32185
12742
21898
1479
23855
31921
8449
3361
23267
3683
3605
11014
13862
915
7140
22936
30302
7861
19720
17728
7729
26840
23878
7968
31232
14164
27616
21917
14652
271
28002
16013
8391
24986
30309
25146
3285
21980
23399
31721
16058
25803
9181
24552
27774
25536
31595
29951
17984
19930
26320
11558
10489
23564
22340
4109
28023
9474
10777
20009
6145
20514
10776
31928
15618
21725
5206
18817
929
2860
6544
2874
6448
14490
17850
19113
23700
20031
30551
22243
5088
7330
6604
19858
9685
3355
5165
25811
7436
11897
5023
30284
6703
27952
11407
8463
26593
32478
7859
1676
2464
4277
231
16708
3913
9493
30779
2442
19679
29463
1764
17828
10569
23494
10955
19059
11958
20679
25389
31078
31550
19338
22598
23812
12141
11367
2051
6960
28020
21816
14022
14339
28809
30955
27988
24208
26495
4613
27355
1029
29824
7963
9265
21811
2460
29037
25811
2273
23439
10114
8754
6595
2479
9868
18228
16810
29190
23592
29305
9291
16274
18359
28443
19753
28807
7067
7742
30902
8813
18017
5941
2460
1569
10715
8370
19696
31171
26272
15006
28025
25706
24239
27114
9890
4176
27333
9532
3018
25061
31731
29346
25479
5210
1874
2960
17080
17353
4116
30003
27134
15404
28552
11711
18903
15206
25791
10831
12992
23012
14467
11906
16312
18671
3084
8444
4310
17537
4381
29991
12193
21615
10527
31753
21211
28813
5118
26771
487
10697
20640
22132
4168
32362
23716
7503
23316
5229
7492
13204
27649
31760
1618
27925
20911
26296
664
28958
31891
5935
29887
25306
29775
16214
22912
1010
6474
13750
18940
14188
8650
18793
13496
17650
8184
20364
6891
32027
30569
15572
18156
19738
27037
24717
2032
18450
5820
23410
21205
2743
22677
25289
29148
11424
8753
12270
18966
12706
639
18596
1700
2392
20703
16476
15666
24441
24134
32565
4238
21356
687
24732
19990
3194
8559
24141
19596
24876
22818
23982
18207
12811
14785
1650
26555
29728
20647
24347
17341
3287
23673
31391
28107
21548
9398
28228
783
588
18737
1127
1486
17660
4002
14958
4516
21268
17390
32391
32556
20465
22991
1688
13111
3706
25602
23107
22002
18366
16743
6215
10948
20305
8864
30601
4209
18193
3952
17249
24889
5009
10428
5049
12275
22534
25849
5335
11778
20160
11544
5901
25021
16878
28438
11044
14406
13237
10228
12974
19550
32154
7197
28397
27991
10066
29682
16829
26312
682
18859
28913
3826
22442
420
3797
25408
12792
25119
26454
29587
9234
9530
25588
1604
26623
14345
4962
30187
1207
17391
3651
20854
32272
27474
8731
7927
5607
29200
27085
7266
10919
22846
6327
29706
22933
22078
2444
8541
24489
19101
10702
14782
2732
10804
27327
32515
8084
4445
5283
23763
3327
14820
5968
23593
6010
18126
795
22109
28815
20236
26051
28324
25115
18039
3127
11877
31509
29424
28499
25174
31154
22141
29801
13137
14317
7473
27457
7467
19145
30889
31429
843
22800
22433
8473
32638
4362
21482
30543
31034
12559
1768
18761
31739
13304
16016
28906
21062
28431
26700
23902
26273
4926
23223
25140
26712
13529
31289
18223
12914
10919
28307
20335
22883
14677
5376
1466
16785
16949
30302
9493
14271
19303
2212
6271
1712
27015
9729
17952
31479
30587
29586
24366
2595
27723
16001
17425
12094
27693
16630
23528
25603
32367
25669
6770
20209
11692
10596
10357
5109
8570
17270
19147
2040
6249
4261
2933
6342
7476
3631
22418
12610
10852
13931
4002
19176
24547
7307
13176
12158
5034
19562
16500
6747
1863
7409
11216
20578
19885
19055
5201
8093
32502
4758
5124
19061
9066
14802
13433
32560
2163
24785
4111
15332
17194
27253
8417
2855
21552
7098
22431
10561
12549
12321
26672
11362
20897
32403
31702
32242
4665
8596
27917
29051
19502
19711
23603
12232
2997
11012
27368
22654
17930
8248
337
9794
15904
31634
18912
3266
14967
30333
11853
7395
28712
10938
12089
1646
24832
2932
29107
32225
18532
22566
29714
12429
19451
5042
21854
26335
14578
19270
20507
17550
25643
28153
18200
11800
13904
31658
27957
21738
26638
14109
27920
11405
22687
27125
29387
23300
7287
30566
32260
26021
4017
21576
5538
30887
18606
9439
26634
26034
29321
2959
31683
13030
11230
8341
10853
11368
9931
865
8869
26361
30970
6565
7980
1634
11010
26524
19326
23132
27729
952
11038
13346
20720
15674
13502
1829
2335
26979
30887
28351
27756
11797
3263
3160
11442
32359
11068
9070
663
15960
17558
19937
6814
24048
31074
32465
30693
15016
29608
21081
5182
16771
8893
297
18510
11648
1847
8376
24207
21066
5278
2870
22045
18924
12147
15097
6269
21668
24006
11305
9139
12025
27697
25877
61
9268
1973
27070
20688
26722
25048
2828
11805
16891
4716
9336
13946
16166
10231
6998
3929
22136
27067
16062
20569
19316
13568
5330
2206
5821
3240
6824
13291
30568
15768
28107
6607
8632
19476
7027
6624
22386
16836
18883
7615
13916
5082
14713
15244
30161
12195
6271
13892
18409
15532
19594
2427
17896
31194
584
10432
28319
25992
29079
2663
27255
26521
11010
4724
9056
20899
31711
31250
31281
5053
664
2486
4127
27119
26623
11917
19129
32358
18266
13750
12074
30728
31506
8228
1145
6003
30090
3226
19147
18926
12474
28826
24662
5855
20527
10675
6055
25761
31274
21307
25723
18700
22428
2077
32069
5725
17570
23161
13194
3932
28638
25752
30932
24094
10360
26372
28033
29979
10433
7138
31729
4569
2076
13114
32017
5028
31313
2216
29718
4926
24283
3716
10451
16157
8306
9090
3896
11698
16292
27869
23473
21658
6037
19229
32252
29009
32122
4526
29027
3377
21172
14867
11221
31435
17040
16899
10467
29862
13569
22860
29027
3419
17176
28051
13701
22321
15573
27688
13
23008
17299
12700
32153
25848
23569
5920
6998
5375
28474
23366
24877
5049
25159
3260
5528
3632
4506
26502
19937
4135
28782
834
9077
28840
31052
29889
19601
19401
3189
26551
23223
19731
13666
24329
11835
11955
2905
15290
20029
13558
20349
1798
9012
1099
17202
21832
12180
11256
5559
4586
1381
1257
23617
30204
4639
12762
16603
9334
10994
17673
23085
29303
1860
21032
10554
15535
19807
10803
14551
15961
31383
2046
7736
6620
25863
11557
29495
14681
14870
14538
19727
12744
12104
23664
14839
27391
19278
20652
7159
28255
11587
13782
17254
28668
19306
13030
790
17014
15505
9241
13525
9601
22794
25131
10204
7964
28170
28061
1841
4301
24965
18847
26738
26956
9723
2734
16997
25304
14884
15720
18366
32498
18005
28993
6426
20065
19296
14671
5550
762
7404
17719
9246
26079
14441
14613
9503
5810
16605
19284
2982
29394
24424
7137
4108
10470
7296
20378
30111
24491
2769
7778
7010
23543
16158
25554
25722
22045
10641
26361
31825
21164
22149
13506
13086
30251
13957
27714
20784
342
4339
14074
806
28327
17825
19182
26412
30205
16918
10441
20071
9460
11698
28679
971
31270
14697
245
19532
26291
24642
8035
32567
30673
26963
29994
31703
32304
15530
2129
17447
9970
20887
31082
30315
24518
31221
3150
30796
13553
9599
24407
3893
16126
22344
17943
1299
13363
32346
9
16796
3596
13702
32046
995
29715
5456
4069
18064
28709
22663
11533
20704
4749
24653
14837
14861
32653
12311
825
15274
27844
5038
28223
25914
29908
4429
18225
12795
26985
138
22134
28092
15642
3868
14867
25605
22004
2534
26404
27276
31995
25548
14178
29838
21237
18349
17725
15686
31113
8431
5784
13280
6645
23962
3987
9235
4951
5335
21976
23116
4264
18937
12901
8239
28814
12316
10729
27248
5149
17066
17106
20351
10552
29107
26977
149
6940
23350
26786
25827
1666
12489
4544
28055
12231
25381
25853
3099
5393
25506
18698
8020
31857
29422
19170
14157
13594
32366
26675
5837
20080
26188
2075
21612
15463
14765
13825
560
21652
19886
14139
7462
2312
2395
9312
15031
476
11217
3473
1890
10561
24255
26727
19142
20439
3852
7275
26400
2764
28294
29709
7186
2788
32454
20108
17081
14043
19949
29186
9455
1890
26689
7904
23697
14738
30459
30374
16832
3082
16660
2072
32687
24706
26640
11844
18984
1753
32658
21381
8315
24565
28306
31154
32723
8286
28200
32756
10903
17745
28760
23520
20060
12498
31696
2291
19825
9606
13392
9507
7294
13045
9423
25184
1645
14694
9355
15103
1124
4590
2820
22893
26741
16826
8710
16625
26580
22149
2092
3674
19246
17340
14683
14813
5335
27753
21718
9227
21978
31471
3879
18356
7736
9672
24713
28805
4675
29720
2478
16882
5215
25484
23774
26669
15963
4979
31574
27355
22304
32014
25863
31940
21207
28315
28605
29408
21953
18507
19726
6839
21084
24293
17678
16103
30501
12448
23767
11005
3435
2268
8481
29345
30684
12605
27747
24462
22683
26212
10271
6586
7243
1707
9982
20111
7240
22876
28004
3471
28934
4160
18750
31973
1031
24008
5265
3074
24143
22730
27572
24514
27841
11692
1090
9906
13866
7956
5175
13363
24068
5675
18717
15792
28887
9073
12688
15267
857
20431
27592
17134
8411
22071
7374
1694
9305
9192
2871
7847
3737
32634
23038
9859
29719
13034
15301
18881
17822
8056
1981
14435
30607
23015
19218
15826
1225
14529
25461
14466
30730
11594
22842
26012
23618
20796
17980
32357
18536
15976
15316
24538
9987
4333
16697
15814
29731
24772
5692
18006
27432
125
27780
12533
28187
20654
25645
4001
32610
12477
9261
28640
23821
29531
15391
19983
28565
21948
25332
28149
17858
12320
22989
32088
21137
1987
16414
6656
12600
7374
16875
24198
11052
383
542
27807
4820
20511
27515
24508
559
28360
3453
16727
4108
1739
15056
12349
21610
1886
1971
28457
26005
900
3364
3932
8437
10186
16300
10827
9433
4498
10735
24851
21315
12636
2476
22201
31912
7267
16401
26892
15296
27861
15751
24275
25399
24340
1917
11836
2500
19536
10553
29985
2555
21174
18426
17386
19952
28945
27692
8312
6340
7748
3634
772
31238
26234
18200
6733
23465
1643
6046
17474
14392
21982
17351
10212
12166
12849
13870
20586
1251
6613
15185
595
31725
14711
27451
28325
16561
1601
153
16183
20139
8173
18670
23897
16435
25944
14598
20253
1197
6676
31884
16654
26005
21728
19766
32330
28206
7025
20756
27626
11744
10909
10542
10844
1389
27549
25895
14872
13745
22148
20008
3974
15715
20408
28537
4070
25230
25682
3123
20717
17302
11821
31454
12159
18553
29046
15509
26081
14963
26001
7240
11035
24832
13293
28202
31379
27828
30393
8689
2658
29983
17061
10654
12982
25349
9030
24624
26823
3306
16870
4726
20974
6165
127
2368
32357
29339
6906
30409
8127
3372
2437
2158
1780
2414
3547
23477
29316
15483
23979
5421
14819
31210
20155
15106
23550
17576
14171
10190
25905
26837
13114
27627
14690
8101
9629
25394
10921
13675
1734
30131
302
8445
22899
25637
18458
17243
10045
12452
23649
19749
854
8511
3952
29136
18498
20578
12207
5971
28850
27756
25925
2340
29371
31943
13383
30035
23284
9467
20437
11242
649
12349
3766
21089
17657
6977
29073
497
10740
25183
19903
5241
7570
11332
28654
807
18373
27845
2861
32758
24757
8840
26702
10032
29867
15015
13671
27556
29257
12281
15402
3582
11383
30568
17787
20344
1085
12260
15893
22428
11727
4667
10720
19605
25874
31532
19066
7760
8077
15031
19
19165
15260
15405
14720
17732
19396
12617
737
9292
2771
32385
26825
3807
11264
26088
20378
29877
16382
10755
15583
18888
31532
31274
14360
15801
18604
18745
1149
26616
29172
17309
18741
5613
8795
22769
9073
31404
28471
13086
12337
15722
4245
29628
14537
28422
1040
6265
19787
29615
20948
4330
7306
18270
31385
13910
3255
26261
12784
28645
21015
25491
2080
5481
32736
19496
4694
13895
1445
13014
20359
20798
11636
22663
17784
6397
29503
27795
8852
15422
11152
28313
27189
8173
12914
15299
19833
24661
9097
785
24868
20413
12958
24869
14510
13315
21791
26465
28341
8270
3716
21216
22393
26407
25456
8364
5401
7544
19694
19031
21914
6644
17359
17939
23457
2163
8515
29308
7935
3413
30334
7498
11901
29015
19914
26238
23102
6543
26173
5238
25318
29411
16614
11871
21396
18876
2473
13319
5390
5473
5791
13107
29778
2809
99
3680
27199
32479
30049
10651
23161
22125
4552
25522
10538
11181
23766
7643
15473
3149
25085
32119
9432
9547
29913
8283
29273
2001
32382
9540
16466
6708
3913
7767
14100
11631
14943
30280
9650
9541
3811
31172
6060
22269
30351
22980
32140
2942
17918
26127
20230
12038
19659
20577
30998
19565
18271
15725
11562
10559
31003
31997
27128
4327
9801
27843
20498
24280
13358
21844
10419
29989
3719
8332
29181
5712
25337
24840
14063
22319
19827
27907
8203
5033
10853
3760
7321
28462
1100
4131
3097
15472
60
3924
18516
24476
25233
16959
7738
29373
27555
11891
7865
19784
27091
15201
3170
30304
9813
11418
6642
8262
20295
29020
11499
2325
26408
32662
26322
26160
4628
27605
13189
26326
5953
20164
21805
9574
29799
19643
17304
6953
711
17786
18752
9968
5430
10702
8507
1020
7303
14228
30664
9231
1773
10900
3845
9819
10835
22968
26402
18771
25647
20369
9038
19749
28759
25397
32373
8161
6234
199
21607
19464
24034
26396
23165
28653
2841
12249
11629
960
18595
19323
17664
2568
10039
2861
16821
17424
17733
24531
20402
8626
15767
16503
12739
8644
11661
16248
20054
12095
8085
20331
7590
11298
17892
17937
25304
25765
29898
7327
6307
18242
16239
30018
28184
30855
24663
419
26504
65
12661
14650
14031
30927
7962
13058
16976
30200
11571
27731
19096
16046
1674
19622
29607
26683
3553
31398
4819
22798
11424
19012
25104
1927
18588
8537
21074
26387
26317
18693
1400
32324
27742
15404
26195
8542
28692
32176
18239
2314
15034
18813
24570
3879
410
14724
4186
18625
4046
21114
22113
22410
7320
11370
9241
19555
14793
16984
1516
9736
9988
10591
10792
9833
7349
29477
6192
4435
14688
32233
23599
32313
13629
31492
1518
2810
22690
30143
2978
16086
27105
9803
10093
29680
838
25604
30771
12346
2168
16754
29506
21327
5815
13594
7941
12669
29246
28165
19816
4944
29382
11991
13284
9352
24477
30815
17414
23311
22973
20767
2324
25552
21807
19933
5982
19737
28903
15626
2518
26648
2284
25174
2224
27298
22453
28287
30363
7631
32179
30976
28542
8846
28471
1528
4418
16433
16509
18904
6507
7916
12016
6539
24501
8370
20913
20516
16904
8089
11393
30587
26045
31744
19559
11854
16768
18872
26853
24713
19830
11343
4977
29623
19582
3496
12947
802
8692
24966
8014
16175
8020
8069
1275
30970
21253
23776
6263
9888
20698
23512
27073
17944
17547
5321
19677
26638
16134
9015
21578
23510
14846
4583
10536
16385
3204
4907
14744
2354
31459
31106
12741
31094
19067
28844
23163
12674
31480
17480
22200
21607
20363
25398
21348
19235
31562
10463
1899
29614
14577
10622
19366
10227
27141
11282
25647
17871
27211
13713
4956
9081
29057
20845
11164
27263
1911
20042
15602
32175
13464
20454
8521
30592
29773
12922
8708
3888
31838
21505
30277
1597
1036
2808
29557
30425
8265
2744
1483
11985
26771
24048
5902
5955
18076
8361
3212
10595
9229
10029
7865
4670
10735
5503
9248
28821
3705
21830
9932
9644
5982
10226
21338
28161
14440
5145
7856
8774
29122
10265
21516
25452
15838
30362
17503
7127
24197
15417
21758
5009
24330
22451
9944
31282
5837
13251
31595
23669
12162
18778
29144
10061
9838
2106
14006
17576
19075
27097
14376
17747
13004
24777
18615
4665
11083
16231
26016
18394
30954
7655
30114
25004
17946
4595
28931
644
4714
14288
3236
24036
30584
23738
31266
7759
8498
22978
8422
30223
21563
21784
842
15201
1781
486
24181
6108
32327
14973
28813
5191
10966
18741
4726
7035
24550
20445
18199
1825
14358
17672
30153
12025
5780
31159
21708
5091
26833
14772
9283
3861
10037
20740
30749
22200
1796
21049
13788
5917
17976
4778
12806
22434
10365
32206
11205
12183
13150
10993
25782
29660
9583
13705
26895
7949
21180
2154
28955
21286
2716
13949
2909
26713
3492
8851
10939
26606
22758
3342
7825
13143
19970
22263
4199
8733
28314
27374
16010
27296
10012
30148
5758
31943
1755
26011
6579
13825
11705
27374
12817
21855
629
31127
30286
14451
4546
12642
11027
32713
2699
11094
21908
22806
10524
29521
3692
31924
28408
12389
6164
28866
14908
8957
26775
10432
32071
30881
17455
184
24776
17724
5131
4279
25120
9641
5751
5386
9686
21271
8316
14497
19647
29678
19393
396
29903
23527
26349
16154
32226
18822
11464
31931
12095
24394
408
9088
5319
28138
11552
20007
16999
14707
3477
9669
4389
19920
17293
4233
6466
1427
5386
14488
13970
7021
19643
15625
10348
25060
29573
4369
26072
31933
10533
20264
17200
25213
14156
17572
22676
32625
2509
16403
23487
21659
11869
16952
31293
1954
25699
9474
30232
30474
5581
17645
29216
21229
15926
26238
29552
27843
24560
9521
6965
9728
24057
13451
31394
18482
11585
26789
25813
4343
751
1356
24104
21381
9506
13371
9342
13883
2521
17122
4357
12287
15305
28273
30758
5487
11062
12802
26644
26980
3856
7848
5708
20355
15688
3454
19236
3550
20
3777
14879
21408
13967
1630
30778
26790
2930
8910
1042
18269
1568
26800
25149
16320
15132
13396
29589
27633
22971
13418
22204
1525
17482
13204
28686
10265
25168
24461
8024
32570
31197
26261
25977
25926
9656
9992
25850
5520
10436
10631
15389
32676
11056
14753
28439
17911
31151
14321
0
117
26846
12419
25235
20344
26343
19545
9520
4613
6191
31464
5937
14799
3852
22943
2237
25277
17715
23443
24361
16636
21415
9811
5429
25199
29603
19891
11359
27029
9863
2271
18911
16716
16616
11346
23924
17548
27693
26519
8020
19542
24409
19453
23063
10208
17858
28199
3971
23456
32739
10956
23059
23306
1701
14163
24218
26344
17415
11450
5022
5986
5177
24855
14658
31287
26110
7903
4941
18372
24602
15910
10870
19839
7882
1656
5744
14634
3814
11980
1861
14369
5853
6905
23485
14176
5200
8633
15092
5601
9619
24186
26158
6658
27734
10114
11107
19149
10964
4762
2666
23300
22352
18595
24272
24956
28323
20202
20947
13034
9961
2364
27643
13671
30055
1508
13385
2612
31377
6295
5424
10602
5531
13566
29208
28683
4030
22004
7769
8176
16647
21786
13772
2196
32395
13659
23237
2723
18235
18438
29383
728
3723
25339
20946
27805
28595
22394
744
24467
27145
10098
27707
9644
31321
5439
30666
23612
24617
32372
13021
22720
23464
29375
15565
11929
23336
9834
19535
16470
6156
8851
29097
22715
30905
11722
2546
21067
883
20680
14846
13807
18403
11013
11042
10972
2532
2736
7278
1401
10781
24656
6539
2588
17071
5880
20216
8990
31357
4397
30787
11887
23038
23404
4365
8583
4511
18026
4745
10280
10023
21554
10285
263
1946
27951
4242
12177
14679
23807
10460
7802
85
15632
3961
26780
26102
17643
21919
5274
13876
27035
1930
28404
27876
31084
28881
29342
28211
5440
2248
14978
3851
16595
13765
1044
15139
27367
9294
31875
25235
28876
31105
27344
24006
15222
23130
16430
13285
2012
27833
25697
25340
3213
14220
6538
6134
25966
10996
26408
26144
22985
16696
8128
13338
22662
14548
12796
8973
20232
14547
9841
28242
29424
14170
26686
14605
25923
20638
31323
20575
27263
20463
15312
22427
27684
28182
30490
2244
16122
3567
8273
30079
3162
30775
31522
28600
13738
24779
3295
24294
16944
9542
25825
19844
3962
13455
15893
21837
14547
3529
21691
29443
27223
11850
31617
27626
12074
20519
20752
28276
28064
1787
15680
20604
16242
18570
7803
31930
6507
11695
12909
25002
32717
23648
13224
7900
4646
1247
22640
2847
16156
9148
12660
4320
14984
5659
1669
9925
29759
22624
5251
836
27723
15430
32040
31211
23293
760
13217
6735
11009
27870
19159
21855
5460
29291
14570
31251
17925
29753
14657
29422
4992
27941
11822
11546
14289
3809
20256
15502
15528
27455
27779
9129
14989
27411
12261
11067
1888
7515
6141
20910
30812
4974
9798
3950
6189
14108
9164
7125
5108
26618
6300
5769
4758
16175
4161
6405
25006
19580
29075
18685
18872
93
24166
2054
10272
25156
12465
23025
9168
8748
16894
12375
17347
27282
8568
29571
16885
2411
26171
31448
13305
8430
12556
16471
27643
32239
28355
16291
20186
6241
30538
31086
20808
12459
31973
31181
30949
28928
12811
23911
7032
4182
1151
28844
25938
30179
30792
2869
8679
21394
10150
26416
4331
20314
16493
18129
6160
26343
23906
23130
5846
31497
27882
29097
27615
1038
30918
32598
32485
27945
12475
14015
22225
28422
29351
23377
18343
19745
12234
9606
2873
12160
29999
10433
10513
1652
17335
29464
681
12268
27646
12101
31227
13473
9691
28718
26753
9087
23100
30496
30299
14113
18577
18512
23538
8170
14546
21585
2247
9584
16513
1816
15825
745
14517
8839
15808
611
17782
15195
30888
16177
25723
19257
9594
22198
29149
23913
22760
8027
26638
3027
29108
24233
29938
7738
13782
29915
29442
10358
18227
3835
330
25732
19926
16817
16093
23874
8198
30748
8773
22597
10182
32303
19115
6969
25186
15704
7385
6171
1316
20830
23305
26873
30232
16066
9853
32486
25319
16470
17199
14528
6902
4464
23830
3772
20132
21479
3915
25767
12070
19429
28638
5867
7748
5439
30544
10838
6203
9627
2445
28303
27078
22061
4992
15743
25648
32087
11882
18813
29618
27872
24978
30228
14275
22377
19070
3032
23925
10592
14325
26583
18308
12579
7931
16477
32619
14301
18062
7628
30542
16141
5208
2714
22858
30943
13363
2712
26149
2728
31876
9344
129
26977
8616
17041
23051
12296
28969
3181
20398
10391
18517
21832
6823
11185
9016
11728
32620
27375
3345
26113
23389
25549
25910
31747
26522
31872
7462
3363
2125
31594
10717
8681
27794
23029
8906
28669
5914
31978
12147
5027
27850
9370
24347
21642
17350
8618
30562
31797
885
30623
31881
24994
25433
32347
10218
13993
26989
23349
4275
32399
7343
22590
19458
13098
18564
10158
1712
19465
20634
11038
2043
13160
18424
29033
1681
3226
15492
22138
7751
8168
10878
5017
23775
6867
27276
20388
21308
6542
10804
8156
24186
14632
32336
29630
25752
10586
1864
10294
6458
25064
11702
16844
30367
23683
23237
16709
31348
19005
11827
3249
25507
5864
19673
17690
31288
5530
6027
20871
14709
16526
7923
4942
32259
28512
17118
966
18557
16194
18037
5594
20651
13215
9001
15953
32500
24892
22231
7270
4464
17419
15618
16178
464
15458
16828
31763
21416
31158
28549
22622
29500
12789
32605
12426
12603
1206
794
3207
12269
7287
13064
7294
12298
9722
11711
20146
2024
6195
12325
31811
31721
12803
15506
2149
17708
20992
22094
29614
1346
31004
14819
9817
20911
16550
24336
16926
12217
13159
12168
17838
11366
20317
6983
10643
25490
7921
8826
23985
29735
12932
16168
9761
25874
11567
13008
2374
13549
14133
830
8860
903
6211
16557
28328
30961
12074
23315
12584
5626
16263
6797
5103
6501
14021
14760
30213
15568
1391
13697
8459
2825
32321
21127
20188
4746
3175
23213
29919
6678
1631
10338
23495
16037
15198
17797
17902
5470
12743
26081
992
14613
20875
4291
6349
14908
19117
13105
5445
12812
14795
4624
13875
6824
25316
12409
7746
9129
21018
29313
28263
31256
12086
26417
1013
14745
24498
5032
28778
6021
16352
29909
12426
114
15875
810
9713
16732
7897
10501
17112
3314
30249
8685
16631
7128
5886
6545
21197
24565
4635
29729
30204
1086
10307
23749
27637
14897
30459
2019
31367
24858
9219
29711
11328
15037
14555
14934
13031
32748
15683
8131
24317
2154
7457
7583
12955
7198
3435
27196
27591
28478
18418
21514
21855
32034
19163
32330
25422
16664
23833
8899
6532
20627
1744
18960
21931
15799
13413
6794
21382
29783
26153
19918
10654
17847
23837
25171
31313
22751
12066
17435
28859
16248
9421
8245
2984
29506
18024
9183
612
28062
9406
25764
505
5796
3851
20270
11685
21034
31371
16945
11929
15652
10335
22880
12590
13049
30046
11267
28975
21518
17401
19141
13866
23685
12809
19350
9548
18896
18353
22439
18410
2582
3945
10039
26999
19112
10368
2702
29044
6090
2045
32715
11016
15938
25620
20023
21723
27231
25620
31997
22740
31594
14158
24830
9902
24241
13978
23629
6348
6467
8099
25884
10481
9733
18665
22406
30559
8541
23975
6660
10078
4189
29010
14767
2383
29349
29504
26659
18647
2271
1792
23476
21151
24674
31907
18750
30656
861
20999
23798
11504
29129
12711
7156
25361
19863
30956
16551
27614
16680
12307
20493
28111
6201
10252
15084
8744
30952
24129
28450
28018
20761
21319
19471
5140
818
13955
10700
16965
1730
24945
22732
28724
7192
14552
1949
10325
22680
5633
10349
19718
18494
24387
29005
20971
15604
7346
21922
23379
18975
30655
19776
15789
27022
27280
25216
32449
17211
15575
21022
29933
7721
2612
10483
6628
26238
31859
28753
10943
22575
4080
7155
7121
21755
6228
18367
25983
26127
11772
18155
3582
27030
6999
14038
2376
6437
8947
9966
16500
5164
7138
3023
24728
9000
17676
10157
24336
19980
5541
23104
32229
28729
11876
12706
14494
16646
20424
10699
22558
6657
21264
16647
9874
31153
5016
25903
16291
21109
26248
26470
5091
6025
28268
19525
19110
17530
14448
22147
16339
11042
32645
27804
17810
11377
22284
22869
17121
11131
27601
30453
13181
22295
2151
11320
18936
32633
10051
15973
11650
11415
22504
12046
22647
5969
18589
30929
17810
18096
5442
6094
21268
26349
27193
6654
30089
704
8239
28012
19518
29607
871
19121
27894
545
17781
22522
22363
25718
6933
14493
25831
20670
24451
2508
10980
23521
21722
30220
20745
9418
10003
20538
13221
16878
20781
0
14662
15087
14993
27026
26539
30004
22609
28022
11949
28731
8397
15076
19791
6839
14452
1494
32246
20408
32551
24253
27239
28743
8478
4169
31477
24789
19248
6720
6263
20635
22853
372
13483
6049
3524
3500
11394
27797
2211
4697
23404
11755
27829
4861
8947
26624
2715
9974
4484
24759
26916
12352
21239
30170
2504
31736
9789
29668
12385
5172
2543
14704
1443
18553
3243
10038
22858
424
4296
863
21598
3214
23087
30794
11812
30290
25203
1722
12615
9116
29249
17159
12618
11613
27474
21566
13394
14488
14910
12300
3971
30384
18786
2986
11053
9051
11539
1537
28150
