10913
18547
27114
19107
9375
8482
15908
25176
28826
7739
23728
5434
9066
8092
22241
6544
11943
3878
21399
31885
22585
18748
20154
31238
2308
29902
22993
1274
30973
21578
12744
22290
10675
1952
4793
28609
3764
21748
29483
14600
2178
15143
19222
19104
26422
27203
12937
17009
11647
13284
11617
31603
25024
12575
13415
25400
10284
9887
1668
20272
16464
19118
18212
5498
16830
25437
13753
12857
2298
22542
9189
3666
3836
3766
28576
6550
24314
23860
2073
9542
20118
14509
3666
27092
9075
22428
29238
16709
26474
6451
9214
10153
11333
18228
26648
52
1598
18768
26554
16970
27832
2831
31517
13875
26433
4311
16071
18759
847
16854
11080
25122
24120
8202
15006
29134
1180
24306
6280
3931
7060
20760
29750
5621
24804
32565
10388
8307
25037
6351
31574
604
19304
6282
7918
24271
18596
7084
21520
19825
1307
10860
27984
25545
10371
14243
19234
27933
17086
30931
2135
32717
30143
28270
28002
3970
1224
18732
6284
24644
8794
82
21335
18758
693
28759
13349
27566
4322
14358
32095
28975
18540
24647
29432
9123
31615
9252
9225
26214
20775
9430
26005
2312
5743
17054
21447
11509
7828
11225
8272
31705
6416
12107
12735
30924
2946
8470
16444
32416
27867
19171
28966
6349
16758
614
7522
4024
493
26075
13690
31440
12383
5348
737
25798
20191
11694
6305
4140
30715
1280
32506
30630
8875
10068
20549
20391
1521
24817
5234
19883
14053
22602
10718
6422
15564
26889
25011
10995
30764
25157
10958
25447
6910
5260
14783
21120
2417
11677
25311
28521
22782
20481
15887
25033
1909
8342
22105
3857
14091
20261
29880
11869
22927
7670
23146
4521
3409
14701
27697
21062
31053
21020
25473
16192
8708
22393
16492
30090
19681
15356
15348
23426
8009
12957
16026
4804
19951
31103
12253
23101
27774
6386
14363
23374
2174
8127
25788
24668
2717
28119
12686
7224
24327
11705
2770
23637
18730
23146
14645
17619
32391
14223
8947
31876
30370
22878
24738
12253
1504
22021
335
23969
22403
5156
26167
8803
18975
16991
29136
5295
14570
9833
9001
18861
27496
30208
7175
26410
26329
21027
24365
22476
31458
4944
6053
9170
18863
4047
20233
24630
20911
32175
16607
14904
23746
23935
10034
20342
19281
24665
30607
15638
24223
343
20411
21205
6650
12657
16459
25999
26089
18414
18884
4537
25681
21951
31424
18099
10258
29031
4785
21547
8452
15672
20722
10787
21979
10110
2646
724
6019
937
22851
667
19880
32512
2407
6352
11582
13007
20376
23991
2970
1847
25271
10631
28334
13935
10201
1858
10840
22698
22890
5747
21037
6936
24529
11452
30810
4048
15521
11586
19414
30113
3223
8650
14803
31133
20360
19316
29151
22507
1434
22482
10255
6481
25914
14206
27195
29875
16858
28292
15407
12325
16874
32029
6681
8915
1516
19362
17620
1639
5196
14282
27831
279
24795
214
21957
31520
21905
18845
27366
22632
15284
12060
21823
4745
26262
31338
29892
6826
14893
9232
14061
7998
29231
31109
191
26256
10081
17482
22465
25684
9428
2837
28951
17716
18692
11613
1659
2650
9325
14788
28190
24921
16951
7369
3449
23551
28657
5146
685
5934
11910
6877
24148
7148
26015
20100
29001
6240
24795
2853
927
13659
24108
16011
17033
7383
29572
24367
9563
10903
6768
23044
13364
13114
31020
9147
9642
21004
6318
5835
3792
5676
5800
23999
9501
15193
29824
31087
16596
15543
6204
28302
18448
13405
28328
19901
22806
18896
14638
25582
16290
19551
25504
28624
25788
28505
24778
6748
6798
13781
17512
7425
30804
23108
4652
8149
30931
16914
23925
5104
29832
30240
21856
22314
6583
18941
28668
9166
16664
23237
7623
2073
19896
10280
4074
15370
8774
10238
1613
28864
5860
1482
18052
19650
24687
332
26857
9319
19319
16388
12232
31569
114
27817
2229
18838
28753
13049
9208
10499
9658
10480
17281
12828
13431
7151
8763
28947
3277
11302
28883
4560
19433
590
7380
20531
22311
9838
7790
27595
22946
26045
12950
15655
3129
4787
6706
11158
2660
28185
17596
17233
12368
30288
22790
7401
12482
7760
31363
11283
25212
21177
26648
30021
30640
24643
16622
7984
14912
27898
16045
23397
9157
15033
25457
26498
25493
23802
5527
15410
25848
24202
27945
26331
5019
21601
5983
5103
30896
22629
2205
4748
9835
13174
15282
32031
8592
24159
15822
10716
14265
17038
11614
10471
8949
72
12084
9288
28936
10466
7930
30657
18706
18605
18598
24019
18424
13998
7158
18753
285
572
29132
25023
1859
27674
25361
269
13902
2897
21884
29216
14058
13966
25580
19907
1677
1660
1244
8545
16216
15144
23961
31724
17416
4408
27918
17279
11586
10240
14193
12815
15460
10922
31628
11221
16094
19103
8177
19329
10269
1868
26716
4198
15366
4245
9503
21689
12654
22256
9147
21178
20250
30817
17429
15092
7588
1733
2583
29382
21388
9770
28443
4802
16447
24573
1516
14681
19028
27226
20680
22343
29113
6564
770
7338
12107
15187
26198
31667
10994
23359
29067
8552
17452
31924
21253
25909
16146
16809
27731
31981
21487
29053
195
19009
9073
19537
7138
7572
31332
3097
6901
21703
24136
20607
18886
16432
9101
5314
21724
5861
27052
10682
13878
9999
548
8435
20089
3215
26199
24710
9357
23333
26638
8689
16790
25452
11227
32169
8292
26586
24984
27378
32744
15865
20338
7907
14039
21489
25431
15302
25698
27811
20582
18865
19003
17787
15628
17154
20018
20662
16012
22316
5586
21088
13772
19238
28607
13123
20018
10293
15384
18470
31785
2610
12422
29977
20843
2901
5030
7058
4534
32400
24258
17855
5269
25846
25683
10829
10802
14611
14004
2606
2122
14866
23603
9695
5693
28902
5609
755
15640
8962
6145
5970
32563
5281
32089
28591
5556
3929
12584
9521
8181
12940
28795
4474
23143
16523
2873
25974
3424
26387
1163
9566
1218
2683
4856
25393
29524
25681
11898
17304
9020
15861
9643
1130
17962
24412
3242
20527
27325
12350
18742
20991
9673
25609
1482
26134
28761
481
15163
10150
18444
24197
6019
5966
5308
5586
23446
10995
20423
1550
10275
20695
13741
11387
24097
16730
8803
10850
7910
2038
19854
29956
24677
7481
7419
30241
22988
29886
19918
17081
13515
26468
32355
25679
14721
25903
27040
19233
31079
2708
30532
26269
7348
20730
15861
30510
8861
25318
17792
11997
4058
29952
7304
29363
19942
24832
6273
30878
13034
11116
10450
12018
8694
27876
30839
4249
13678
22975
7695
1667
29525
32636
26112
32424
21325
20797
4133
2375
20776
5342
21787
23371
16566
29681
14670
1849
3980
9977
284
16530
11394
19560
23557
1693
12976
2907
27384
12697
12252
15753
30755
10847
21037
12266
19570
18081
32484
32277
22647
25224
13638
18372
29818
13945
21856
2247
23677
1975
6987
23262
21625
11576
18111
3107
17005
5879
17465
20845
14059
23967
22277
13548
571
27756
29509
29910
16157
3296
14227
27218
16475
5916
28125
7675
25183
13190
30265
29661
9114
1096
30782
28449
15102
21272
4297
3468
3558
2066
14371
23704
20953
20410
29606
26348
24403
31619
4333
2172
11403
14502
5726
28339
29704
10243
17391
27062
13465
25329
4268
1221
5010
23907
14551
25518
23774
7844
30907
3584
18593
16303
20980
3697
25196
17992
4678
11271
19702
23384
27995
1317
9013
15122
848
6113
29655
31101
26833
296
23088
18026
23002
27409
26968
10047
20184
9713
16088
6197
29631
16465
25966
2625
27466
10046
19722
16508
8355
28705
137
7846
787
28377
17833
3806
7152
1019
31389
6377
30364
29817
20232
14704
31398
16476
590
10609
24977
7104
13445
4173
12475
7743
23587
20252
17004
26806
32402
18813
8797
9431
20347
31569
24512
1927
7367
9336
18797
16097
28028
3495
19750
30743
1467
18492
11322
25635
18386
14836
4903
17063
21963
19131
21229
24885
18999
7297
18231
17931
15135
6519
19085
20801
12738
22530
6185
24423
14462
12637
12885
2359
194
2474
3010
563
14754
28953
22989
32704
12897
19342
22033
10017
142
1700
28696
16363
1809
2140
13225
2261
19436
26768
16519
15320
19180
2717
24534
25279
6711
27408
31080
5092
394
8187
23086
14135
21403
13655
870
2913
14287
22682
9840
9055
17049
30593
20647
1039
31213
19666
27246
15634
6126
24440
9444
15487
1511
15596
882
32166
8392
15362
6894
8476
28614
27216
23475
11600
27891
6594
18686
25860
32121
21968
30156
29245
5532
9335
27350
21712
2754
22825
31660
8865
18672
25701
3051
28159
3861
18367
20562
23999
7023
23119
31894
32751
11751
25133
5957
22981
20903
10774
30224
12149
16478
14914
4733
28817
32447
12503
19981
23603
16011
15550
16169
22717
1361
25584
29684
13573
26967
7069
22152
12432
10749
26718
15401
29172
17674
25798
17124
7578
22814
25751
31271
3864
29138
22039
14321
7174
5557
3165
12614
13136
14344
25649
7672
19033
3613
15566
18602
362
26470
612
3619
4215
11569
26120
13921
16955
21369
15594
24264
3833
32155
4017
14547
1706
30043
28385
27750
24431
23405
7137
27165
20450
23414
5914
8023
14503
7579
6005
18712
23266
27617
26989
1071
15187
27371
31501
17188
15021
18622
10359
15052
26979
12716
23762
19296
26521
13489
18009
308
21213
16972
20682
14695
9027
10288
31662
10042
2399
13663
6133
21079
9251
26682
3314
10917
14703
14929
25417
11141
12647
9418
31669
13596
5620
26559
13598
5281
16382
28292
3326
30843
154
18467
30973
1660
23405
32123
26561
16229
25799
20899
24778
29183
5583
11185
6981
8018
17418
29836
23852
598
22994
2627
23336
23993
20478
4811
16144
11763
24213
87
4037
6270
12725
18994
10286
15453
24062
23591
29034
28163
22433
3772
25982
20937
3254
5584
3013
18622
16601
19814
28717
9383
23842
26741
32513
31142
29924
21738
30295
8576
7052
31123
31440
29267
14812
2591
19121
2369
12891
18414
12554
28554
4141
19886
20670
1693
860
1830
14376
4110
25470
21719
3886
4818
2093
22962
14453
6530
1889
22299
28349
14708
14910
17656
23023
21995
1506
5
9190
22729
15739
24737
32708
13210
20658
8664
11356
30139
6243
12559
9648
2485
22792
23215
8035
31280
18492
23198
185
7803
4456
14268
30501
22531
28608
28928
27634
10815
25002
16803
8762
29802
1374
31966
13588
12885
29028
26022
12303
30727
15503
27842
24925
26889
1888
3878
12294
12251
31874
25429
4500
643
2431
10303
29852
16223
23408
10083
6545
18234
21172
6327
26965
12504
24681
2529
24789
10401
15771
31329
24914
20401
6207
23994
25844
32157
26860
25031
31680
24985
24420
2914
7379
1623
13591
22469
8532
11908
3543
5645
32155
7522
10835
26763
15050
20012
32439
1301
9797
9188
30135
31494
11688
10667
1800
21887
8186
19121
18277
30942
22920
11544
12505
27843
6854
1500
32556
4860
27951
32440
15412
30997
18592
22927
12610
19075
11255
24583
24078
25648
18325
25201
31958
6965
4764
10336
28907
8352
2063
10249
28980
12079
13065
31180
11521
9580
747
22505
20820
16764
11404
880
6966
14470
20579
22835
14989
17473
28713
24612
1980
23914
15103
9331
1511
13224
28580
16831
31297
16630
10350
11122
4701
5564
10302
13637
27074
26387
9731
10788
18383
20964
12025
4650
6369
30529
23433
21069
17750
7323
6342
23346
23168
23364
16171
20850
24273
7520
4110
27124
358
22832
12717
15813
11213
22738
32313
3377
3006
12619
11857
15355
3553
24938
5712
4368
4749
12169
15622
3013
22264
17352
8352
11117
13663
9267
7028
23584
29688
7372
26746
18785
23871
2367
4972
1136
25093
8658
7269
8280
11678
18440
32618
22061
27611
6883
8985
18975
8582
32418
27811
20016
14516
27873
20464
10993
20837
25777
14969
21024
29423
8347
4507
171
14768
22547
4327
14794
28737
1273
10530
10285
22873
27681
29598
3449
11957
29467
32605
12360
21481
20871
26224
31934
24172
14743
17458
25073
734
29178
361
25462
16040
30341
20870
2333
5758
18170
16482
20961
28763
23220
2448
6899
14717
21770
18712
13462
2132
24173
7774
30465
14282
15559
4141
29219
12610
22691
2194
25330
12576
415
13802
8418
2642
8389
31584
32696
11235
23642
11042
13403
10819
765
13905
9901
32081
17589
31989
24267
7539
25763
7957
25047
26152
20084
20037
23629
15683
4604
16644
4387
210
4638
5509
20471
32545
2842
21925
12346
3471
12986
2671
14244
14887
17002
20737
7075
6270
15460
12731
6239
31147
2013
28365
25835
17913
26386
15707
9033
24018
6547
11923
5900
21256
16715
18219
29974
15657
1143
6460
20395
31830
29314
30543
26474
31306
729
12366
21725
20646
21818
24845
9376
7996
17456
28207
18966
13571
15390
31325
25078
14750
10866
7938
3844
14355
8305
22488
4192
12735
28827
29018
25984
29676
23093
12788
23400
7202
15924
3054
14069
4629
7982
4764
25306
8327
32020
13417
29298
28867
14395
16975
10858
21041
30204
10080
4801
1886
5729
1017
6666
1453
20750
19429
13850
21481
19454
24969
16879
31292
24585
9499
27258
8929
29027
31812
8535
32093
17762
24612
3626
8587
24939
28718
22315
30352
4820
19259
12055
10790
6883
5397
7725
3962
5151
18562
16261
29054
12068
29296
20307
25851
17970
867
17975
15536
31919
18845
27772
16051
13713
28266
26864
24882
20331
9496
20065
3162
25025
25441
4372
32504
17159
3838
17608
7288
8932
7693
24186
21621
24319
13431
6181
14048
758
9127
7095
19273
31905
2409
27103
29061
30694
1119
18901
21100
22858
6171
27537
29925
5120
18953
290
23944
30616
32666
26480
6649
20105
30576
12631
29382
15304
2168
31742
24719
3211
13636
19020
32597
26875
23455
2335
17974
32509
25584
21147
29237
53
26264
29352
15541
24044
25672
14342
28739
6320
20491
28227
25054
9995
12997
964
16418
29074
17177
18895
2702
13416
23764
32190
28564
9573
18081
30025
17141
7893
1820
3942
18166
2641
22096
15480
9452
27456
109
732
28088
32752
13753
27171
20981
9125
19842
16413
16787
12405
27146
17793
17364
3856
16832
32161
14614
3016
12264
3513
6711
28028
9500
21092
9406
20067
18140
13863
24837
13547
17333
2952
26735
20314
1532
26110
19946
22248
13361
5070
27116
15288
7497
2925
24582
5413
1890
21676
17227
21174
8637
27729
17537
12539
15661
13227
16841
20622
9743
2010
17015
13450
11617
13400
28024
9007
9961
17973
11865
4127
31042
14570
22873
2929
13635
22567
15279
31448
12921
27866
16590
1921
31553
11533
17705
4045
32495
6846
29592
4069
28921
18474
30138
6917
12641
22112
11304
21439
31461
21351
21600
23863
11936
21376
23785
24230
2146
17699
1802
13929
29933
24848
21513
4058
19309
3248
6774
13149
13308
1071
30615
15113
23537
30664
6810
11004
9690
9004
29890
14797
4994
28472
18002
2791
30005
25341
11778
3567
18159
13916
30801
7661
15223
31787
22482
6330
18056
10707
26753
19663
25288
2777
21938
18354
20866
2617
769
21067
24402
25214
29082
5160
22537
22257
23644
4390
54
8173
21372
28425
17615
12551
25564
9033
29732
205
9591
20345
9391
29514
6863
22538
26817
22516
21783
31961
19605
11689
10316
32020
27882
16938
22571
1082
22033
8647
7351
15290
3416
23420
31943
1331
665
1375
2605
6548
13909
9515
8629
27080
9796
18939
59
4560
21914
32334
17055
29072
24911
23068
8705
30746
26325
15482
4632
30736
28361
10929
2855
7735
26553
8798
191
12608
9147
23101
29206
24028
10481
10369
31869
8577
25821
24099
24515
17604
26094
5814
15052
22887
4311
19066
12780
8571
3269
26682
6131
7036
30769
24731
10182
3815
30324
21404
1736
5370
29092
7990
4213
31980
412
23253
22804
11973
20210
9139
25096
2871
5634
23995
6860
31474
23360
29331
31465
3995
2756
30301
17503
23923
11448
14514
31208
12608
22139
12642
20212
7064
7873
23739
7400
8797
12166
18846
25753
12892
18428
22760
4139
28732
12666
25223
5367
11846
27275
23819
11467
12026
8970
20820
226
21458
7219
8653
13314
7461
11812
5563
31632
26469
24914
15462
25735
9160
27084
25300
21285
27062
3965
27876
27027
26136
17211
16480
11113
11016
23447
19403
29043
25813
23493
24728
18303
2494
28738
19411
22529
32447
29894
12473
8763
8414
7900
18658
17980
24384
15721
29465
9160
4117
30331
1909
26583
16727
18774
30024
1095
26160
16277
29531
16713
8946
19744
24830
1100
1346
17224
5814
24784
10070
14760
16237
4945
20249
16834
10013
16508
7135
25955
11240
24293
32206
19082
518
15037
25230
2576
24015
17834
25339
8146
4962
29551
19262
11254
24293
20910
21258
6558
8861
5711
12965
5337
14800
29331
25125
30688
21770
23291
4571
2906
6301
19811
14027
11123
29360
25159
27708
585
10903
3206
5537
12080
21451
10060
6605
21880
20154
27358
14934
860
28979
10031
10908
22148
6046
21231
31439
7363
9397
26646
32609
8815
26196
24662
5787
21257
4675
15997
4102
13151
32291
10939
28167
23207
29945
5372
28111
24518
9591
15060
17984
8350
22481
24584
10259
3235
2584
1791
31688
13873
29966
18112
14612
27860
17824
18935
6262
17983
2165
28649
960
22844
805
23433
26240
4204
4479
18397
1648
22047
29108
25658
23015
5178
8989
4931
3312
18865
212
22637
6098
6360
10614
25267
11403
21541
10827
21693
24082
28639
9947
7020
21251
30495
21691
22957
9306
19248
12971
31145
11021
17569
15774
227
29436
10790
30050
2902
7595
6099
9448
2633
9311
6987
32492
23209
28250
30653
3296
32319
27006
8586
26835
2664
32646
11072
2270
24104
12310
8692
3665
12223
27804
2676
6571
10592
16996
14479
21343
12140
23171
14211
16861
27860
11660
28370
27261
29403
17485
28679
14364
25453
12146
4868
2084
15041
14074
22633
32598
7187
11295
17284
19301
28243
16619
1800
32245
8078
29575
15410
12029
24865
13763
2040
12140
19713
2206
12662
20170
28451
32599
30547
31638
27084
27144
12397
16220
28966
25921
20557
7419
11881
13708
4227
26121
5780
13538
1178
17527
25080
9211
26865
15486
18785
31332
15132
8424
1585
27528
23749
13901
30272
11424
11018
14196
11851
5327
17808
24731
31168
5308
19067
6312
27684
9341
7651
17539
14518
21872
12459
28918
5923
28975
25558
21680
8313
25712
16136
6036
14391
29955
16002
20872
3377
8503
20291
4154
25030
21672
12038
10
4856
22004
16436
30532
20826
24220
8528
19847
1460
24767
3087
12230
13469
6850
7183
4372
25212
30510
18953
5403
30948
3283
30383
28674
12792
8975
14327
1811
3762
14888
12183
31768
32242
3446
8237
11571
21435
20004
30962
8829
21782
22842
9586
19224
26110
7837
3978
2955
7897
18334
9007
4241
1573
32654
26705
6792
24544
20149
2740
19304
16366
6034
23978
28128
25312
18717
21623
21772
19182
5969
29856
8997
28768
18412
5335
20882
31802
27884
28439
28247
21600
29009
4592
2333
30575
11980
26749
29161
5022
24926
23501
19471
3792
1124
30524
26095
22003
6731
16592
26717
22908
17060
21408
13721
32315
27791
4831
2681
19628
28505
8879
26233
13506
3454
25554
4510
24872
31081
11399
8675
20737
19020
16178
6065
16207
8253
4782
5154
30889
15785
19766
32694
10935
6469
7479
20502
17871
962
674
22827
23147
9397
13462
32615
6468
3054
21187
10898
22000
23317
15426
15602
16540
12415
11944
15796
9667
4281
20961
22989
31827
20564
18653
19508
26075
13340
28430
13240
29998
29256
12327
17032
23055
7179
29913
29456
17457
24225
25229
25885
12214
6974
14226
19594
10806
10246
16203
24105
13343
18800
23356
1564
25658
13066
22862
3052
21257
32264
1837
11145
2520
22932
852
3624
6280
26810
9206
31259
23180
19280
27564
8317
24566
6844
3458
22041
14057
24519
11303
2679
25630
21616
18898
24531
25600
5703
19601
24622
17753
17765
6817
25617
23339
30878
12148
28578
13946
696
18077
11488
6654
8997
7620
27835
11271
31665
14130
6694
17158
1551
15338
31747
9258
19143
665
31442
9248
6401
29257
12697
5863
22988
9957
15297
19382
523
32654
23670
73
22375
26504
15085
19339
31097
19793
20867
31340
24227
14582
31782
2468
17818
20683
3332
25332
9384
23206
19437
27526
5438
25558
17763
4942
4923
3922
16284
5619
27849
28762
2331
13731
25711
9703
8217
19459
3896
7349
5805
18734
15383
2168
24852
31613
32427
23972
31526
1643
28891
23405
1942
13102
21391
30084
30644
30319
19617
7567
29228
22718
25582
6412
9857
21126
20309
3915
9495
8138
32635
24546
27138
6295
8844
5870
21666
23397
11574
5821
2462
29441
7805
6961
20671
3185
19409
21949
25869
28931
27825
12426
1712
22227
5722
28412
15505
22794
13391
15459
22305
2464
18109
32268
29185
30693
9925
1831
26276
11983
21838
17428
14972
17302
7322
24489
18589
3432
24387
16048
17630
27575
3467
15720
29312
8761
26083
7819
6289
7674
11652
8098
30257
27262
28573
6484
16217
24876
12237
24573
24985
2967
7761
30774
2562
12097
3646
23700
10364
18844
23934
117
3375
23052
21340
31540
253
7047
27970
5720
14734
29387
534
5306
31473
16077
7347
2639
1902
13156
3048
32372
25174
4679
22445
3687
11823
4877
25063
19074
19161
28007
2982
25216
8884
11030
2968
14380
32604
13424
11704
3255
29895
30150
10887
32722
6802
17764
27708
1400
21981
20410
22492
32601
24454
1147
11929
12922
30161
9450
31604
13982
12120
12515
15490
5849
22324
9979
21709
16321
31373
28410
26955
10500
22410
16056
28619
22776
18046
1945
15692
20529
19614
905
23513
27032
26101
9802
11119
19982
29947
22926
8284
29254
4908
9986
4908
8688
2544
3872
12594
21336
727
28556
596
12122
27071
13691
19054
32046
7768
8147
22149
12106
14848
19448
30191
28568
1226
7944
15835
22182
16079
14448
17992
22073
12607
24989
11190
28792
2679
17881
9540
31469
24637
4178
31567
679
4765
13061
4027
23375
6870
4387
24284
32707
23585
9672
4652
11809
18311
13098
12007
26318
12998
13723
31597
27284
16106
27807
11312
4649
17742
5206
30978
151
4947
7617
21454
9718
32400
28560
17590
7475
6537
9029
28475
19965
4521
2030
6243
10306
7506
26706
4587
19019
13674
20270
30475
1155
20490
16788
27875
28578
20237
8883
25986
20642
22836
9153
13773
16796
13976
31979
8550
6693
2992
2654
19945
31570
32263
31325
19286
11174
6589
971
4891
15612
22693
5625
13165
326
1655
19756
23830
1494
26442
29974
12769
19436
14073
17611
12251
443
20707
27348
14649
10169
22595
23404
2101
14315
32515
12209
9062
11758
205
6149
1909
20292
12889
29097
25114
5183
27266
20890
20711
13247
8215
2235
5726
3869
27934
22815
28475
542
3129
1057
25001
21346
8050
31307
6385
12612
31445
2426
24712
29106
9613
11254
21714
16363
25509
23945
6265
14944
22323
1309
25330
30580
31428
13734
2716
21200
21334
21911
7959
32653
1280
11479
9948
19760
23611
28011
7289
22097
16796
29153
13699
21253
2201
19232
21501
5518
5298
20382
24030
4758
99
5499
27758
18321
10831
26852
10661
2895
2079
636
26517
5264
32257
19683
23414
26473
1372
20777
11440
9407
6127
24338
13023
30987
13873
27658
24936
15842
3843
7177
4443
20118
27281
21238
30104
26843
16497
8506
3924
20834
26518
4744
11051
9540
2136
537
16298
22805
8204
26278
5433
2021
656
29162
1452
28941
23819
27666
24756
25373
14367
29743
32054
929
10656
9378
14563
23494
13115
1051
16790
12500
14750
14118
17099
29614
21126
16242
452
10772
29555
19179
9459
5663
5955
22723
14279
32360
27704
8617
7412
20145
24519
4697
25842
26083
4439
31162
31664
16787
30292
4894
13124
2029
30853
27860
25880
14193
15206
10505
14338
32677
24755
4358
32622
29438
32404
12062
20678
1469
9745
30254
32333
11154
13838
13212
31557
18536
28902
13716
27809
19396
13588
10854
7590
14001
11365
8073
6515
4908
23865
24764
15715
17431
29753
18203
19175
30177
6090
16848
14761
9709
5387
6628
21368
20441
28527
889
1770
19557
7309
10385
14677
31924
7530
22983
31651
31189
1392
11882
7908
6249
10068
18442
1698
8411
755
29045
12284
27489
11631
6123
6076
16178
18472
6389
24325
6370
6790
4196
4172
10222
18819
28853
7687
22177
14247
22386
4832
32516
13264
9279
4950
7246
3793
1914
30379
24318
29640
12530
6956
11542
18411
20427
7424
15676
2105
13112
18742
2118
15270
8679
30519
1300
8426
26414
17077
29685
12086
4176
8913
29895
23479
10413
9187
28806
22979
9025
25683
25575
25069
28397
30744
15683
15079
21261
32179
19787
12228
10506
13429
24584
22211
23846
1812
4702
19892
6969
29952
13806
23052
12911
26865
21777
11039
659
3460
17462
11986
10320
7077
31058
9273
3939
11485
3053
23028
28844
26876
13713
22639
22944
31356
26878
28228
702
21127
26616
30057
10665
12433
8722
7913
13815
28511
31113
3812
8761
27410
32222
3460
20779
3016
26791
26388
25471
4413
16301
6348
27854
20758
25198
399
9329
14005
25029
26934
22604
12167
31745
1615
15224
12839
14373
6443
19552
7482
408
13229
31290
19844
4025
10724
24357
31387
29209
4052
2818
20679
3511
21674
28176
32431
5049
26487
14541
27787
7090
9354
12356
25504
24172
21059
16557
14250
1762
13624
18103
733
14883
4619
7348
3517
12368
25337
24059
16867
25194
3205
30905
14779
19626
11030
16637
12459
10023
20249
26319
20525
20418
10758
19880
28897
25886
13803
22320
25721
1736
29498
20897
4464
3481
4152
11677
10565
32707
17154
17278
15931
30114
26701
22723
4209
11346
29141
11115
6796
16657
22739
3155
8390
8692
24024
12680
19647
24665
18819
30539
26709
17102
15094
17114
19783
1561
1147
12968
1793
25798
11039
23410
21971
15013
6840
14754
20233
29996
30534
31489
32216
26694
11909
26861
29090
10664
13511
27675
16030
16514
22301
29679
6939
16668
4839
23807
6790
7512
4918
1020
15911
4993
22753
11529
26581
20564
28998
5043
13194
25121
22119
27528
5467
12557
27407
18451
17133
26921
27929
29319
7745
7640
8367
338
27227
6266
23033
25630
17445
20098
32122
23704
10630
25267
24897
9558
31069
11442
762
21371
4784
32309
12213
24474
29132
1483
18762
13303
3810
18014
27497
17500
18934
13538
16285
23427
8756
29218
31179
27669
2481
25779
6989
30133
12021
23909
12506
4560
20311
5547
3443
23884
2475
8668
16466
15877
4753
6888
18230
10683
22593
7410
26866
12366
5817
11661
28104
17974
16340
28940
1246
25825
26859
6525
8306
16540
5024
22197
29898
23597
16756
11907
13470
29905
12508
18177
30376
1441
15582
895
29615
10031
24768
21590
8409
19328
27964
3482
20925
17844
5131
21466
11723
6580
20571
21970
10618
18108
31085
9331
10700
9177
21099
14045
17985
28983
15077
4208
30885
9757
28609
20258
9907
26939
7253
21938
28185
7987
2483
11508
6850
22828
27803
3774
11875
21671
16674
4802
1695
4158
21460
2922
9286
21854
27542
5450
32533
11653
32707
15699
15511
16892
15440
713
30449
18028
15299
7942
30241
19990
29295
6484
23700
28317
13588
1021
24586
14044
26042
11643
7327
18271
13560
632
9330
15470
9306
6994
25060
23266
12723
2254
23860
19142
1768
17155
1276
25237
13400
27981
9420
1641
32091
15365
30114
20554
26497
12628
31923
27327
3886
13348
28415
6223
25907
9921
9782
17174
9791
4860
17956
7389
32532
1338
9767
7159
29660
22562
29852
11146
23872
30570
11818
1585
20745
9131
20814
28329
15825
8083
6228
31055
31992
20354
32502
16476
8580
27507
31405
1607
12882
89
18788
1826
29028
31325
18046
28417
12844
4435
24328
17673
23844
1522
7030
29057
8235
15647
24193
6774
31390
6284
29801
13233
28362
25026
21837
30296
29487
21163
19732
13361
9230
26495
26988
13147
20555
14448
9768
30665
26772
32515
5109
9520
11888
1246
6834
3985
29818
15322
23639
14471
15116
29065
30793
20443
12944
811
2599
14250
23517
13057
25506
30079
10988
16166
16792
8209
17395
12877
31742
16300
301
32617
17848
18666
16470
19787
26269
9856
2011
28252
20520
23245
28813
5165
17235
31630
29040
27546
23053
26601
32326
5084
5672
23836
13576
18594
6160
21551
32057
26294
4746
582
15937
13485
11989
18122
9476
28743
20171
26669
10741
23373
16796
7610
4657
2916
1581
498
350
14989
8521
29493
9214
9926
11024
3900
28246
6486
2782
17507
16402
6955
6974
1794
24070
16629
31044
30292
10232
8758
13623
10361
12969
25950
4406
7862
20848
4389
29250
28354
26774
20108
8482
12089
29973
31518
26344
16562
12312
1861
29136
22963
8777
26143
818
2223
2430
7519
30384
21587
28165
30151
24644
31763
3477
26642
27205
15618
30139
25095
147
12248
1343
27707
1746
10109
20986
1409
24854
28822
32573
10410
30547
1868
17281
2362
8317
14712
7083
27481
21536
18346
26537
7360
25458
690
21210
29827
27441
32602
22986
26202
19575
9765
14557
2747
16288
31165
10877
29667
10374
4134
27809
16131
30644
28615
14866
10464
7448
32315
16137
470
13341
23288
16183
31073
25805
26282
22854
11544
21740
2810
27460
23808
2211
6294
5106
32340
20930
17026
22033
32044
21902
26080
1091
30688
15742
19312
16497
4819
11128
13800
28803
17816
6630
13666
5583
24342
21151
11794
11638
4499
20740
11590
6771
14823
18164
14742
4041
23238
21622
22555
30708
29821
19357
4628
20626
15590
29906
17471
5669
2786
26547
30478
13329
3902
20303
9454
31448
2545
19869
3313
7425
29310
4553
3972
22025
23352
18796
31216
29788
21447
7705
13159
8841
30637
5183
29604
27434
17637
5745
31842
4028
9587
23405
4100
9836
5765
22324
9019
21719
10690
13167
30691
12700
27318
7364
28416
21017
10418
10646
5877
30861
30515
12961
21512
22047
17585
20322
4223
7258
6774
3014
14302
30030
28545
28205
16033
22317
29530
18143
12550
31413
27960
10711
12273
30752
32760
23902
27078
14364
31564
23211
15138
7242
10642
10135
932
29995
26828
17344
16408
26804
12358
5071
13673
28082
30669
2105
11512
13165
20493
26787
8860
15182
27819
30261
30964
3541
24119
19309
12080
21784
7726
29955
30945
9158
15112
11606
32593
31757
8390
9779
7935
32092
14652
24056
32201
32253
8786
27877
19650
6687
1956
16454
16033
4681
8111
10739
20418
29792
3813
29304
10677
16033
11005
11436
11047
21749
30375
22213
24649
25482
32676
3472
4809
29812
16357
13561
23269
5167
3106
5385
13678
1042
11603
19840
18776
14173
13388
28347
14643
5237
19844
10636
21533
5706
14254
30739
5364
31203
24319
4176
3969
21547
15858
7492
8603
14797
18820
3005
4969
6360
21807
11883
10405
11486
9650
5140
21479
27225
22847
18135
32145
4552
1377
31042
26158
4832
23106
3701
12824
29154
21341
1603
3893
21248
2375
9871
1597
32757
17064
32475
10892
1720
26225
9475
29096
8149
27328
25251
2260
30595
20350
9597
5926
7406
20770
2818
29949
26645
2802
5275
16159
2302
10289
18781
18638
29767
7789
8823
19646
2173
13273
8250
23890
24397
26127
19561
18895
7953
7412
2997
10081
30428
11840
26223
32572
25783
30423
15533
16163
24124
24345
28023
19
19025
23921
9755
11387
25605
17888
28000
7238
13817
15948
22034
10523
15379
19780
11746
17028
8058
14881
21138
11836
21261
13208
8635
6708
25677
13852
31502
26895
8823
22354
28586
20075
21077
8022
5489
27115
20153
14548
3928
26129
23338
19623
22705
16488
5273
5360
9295
5494
29015
4603
31818
5905
28321
14039
21731
25920
7277
31576
31978
26186
18093
21644
14144
16481
24414
1617
4525
15668
12150
18240
27895
3085
26534
32440
15732
1830
7083
22317
23609
6710
12519
8306
6594
20937
30828
24442
15626
2022
2106
30893
27290
1774
16402
26860
32442
23170
4828
8730
13892
5077
27349
27515
9204
11040
16203
5061
31888
28867
14446
30325
1743
1031
12314
14241
10387
28881
27256
20985
16992
25600
15911
4934
28850
1440
10241
25693
4604
6499
22015
14368
9221
21412
8608
26842
28480
9117
8104
16438
22415
19257
15200
18254
21264
15888
7149
5939
19134
13174
31871
412
32712
30414
12961
23885
24408
7351
4806
25306
10577
16195
29736
25055
8726
30524
16541
37
22374
13094
14342
28570
1413
20798
12333
1241
14013
23695
3460
621
25693
12331
11914
19198
5863
11532
9686
28936
8564
141
31276
6674
17133
23299
27700
14999
32491
32521
18510
6659
9892
327
24585
18869
29366
15514
10299
6284
4403
15538
11310
21915
17419
31582
4234
19761
7934
11246
26570
21055
11215
14635
24673
19751
27645
29272
15028
26191
19182
19263
22629
17305
25841
32670
19211
7070
3493
18687
29209
1216
21500
31835
16345
5520
11102
11026
500
648
281
15035
26403
26786
28772
18825
2206
24541
9251
18293
5623
3864
22029
6411
6803
20364
17036
6817
17666
11829
3139
30638
19331
16271
15929
32585
16955
3445
24495
16515
978
30285
16260
27416
30394
12501
17743
3162
28322
5549
29702
18275
1040
5292
11593
16392
20406
24436
3152
24261
385
16317
18195
21894
29809
23267
7466
3182
6685
28320
16362
5495
29514
30527
16035
27635
23003
6059
24804
534
8279
26507
13294
27414
14278
16185
20258
11345
29097
6150
25173
2389
11642
4757
27103
13780
23256
17802
30732
29735
23102
28376
10899
3503
8717
23009
30684
22486
12509
28520
19214
25725
12530
22926
25083
30530
10833
15086
25224
19539
7166
29394
16554
19288
25242
17984
18381
9428
30311
24788
7992
3900
17514
4158
16827
9548
22462
7922
8463
30925
14678
19940
24217
32192
7816
7859
2304
19274
23845
13325
1016
30195
30275
5453
6423
24300
5690
15858
27512
30418
2485
17004
31574
29082
19687
30576
4421
20505
10847
14646
13596
24074
20483
16521
15179
30779
15557
12896
1492
8576
20321
22247
31982
31107
23311
25373
8875
24602
20944
14380
3788
12884
32025
732
16077
12414
3139
22410
1368
9909
24631
6963
11883
11567
22693
24523
27988
31792
6526
9992
2947
19815
19305
26557
437
19910
26689
22054
5973
29610
350
1726
16615
28407
1856
21027
17841
9736
1776
28993
29624
1880
6163
28992
19751
21185
32765
25169
5329
25417
226
8018
29502
8143
15766
31267
11351
19309
30600
10245
16390
26651
32318
14295
11428
1406
23020
3308
9180
10691
31691
4126
10481
21403
25280
2112
7035
9663
17256
20435
12565
8718
22263
8567
31510
18228
4898
4723
32264
32521
30985
27134
9032
4450
15641
1610
19433
31089
17338
184
28258
28215
8219
2409
27636
15739
954
23679
6650
17393
30626
1304
13305
12116
23474
28907
16130
13744
24586
3695
20955
11937
7334
5274
12480
3064
24527
16912
26366
10950
20809
5255
7620
14073
13607
29384
24906
18280
27983
23011
12135
26517
8945
15650
30424
29871
21061
471
2230
21244
7816
25573
17487
1899
10673
16082
9447
21408
12467
20473
13337
32484
30653
19788
28975
31133
25999
21568
15238
9476
15139
24605
23058
11649
9537
10792
6119
13242
16093
16303
26617
6259
2905
21091
3807
16880
15527
8066
31070
13205
1717
7824
19142
11689
27191
26338
17447
18258
6582
30842
3658
5693
17591
15222
21429
15445
21719
5114
1216
13314
25631
27404
25710
15069
14281
31814
26733
7174
8711
29638
22552
21073
25220
3645
26806
30244
16421
23770
26157
28094
12794
22363
29850
9421
19377
2929
25212
27752
29045
12069
6411
15195
8280
8090
13953
11454
28630
30659
17179
3239
24095
10476
28352
15665
30051
24819
16407
5335
7196
28714
26129
3877
2838
9126
12037
30928
25865
32010
8315
3550
4458
11186
24107
6130
9300
29030
30986
28416
8084
10787
246
18821
16175
22242
12907
8510
13028
22710
29269
27462
11527
27891
3155
6696
12886
28608
2811
12233
21527
6420
32596
22621
22153
25168
17623
5344
20580
2456
2210
29300
5614
24629
7073
21586
14854
32394
24174
7976
27116
18763
14287
19959
2408
28097
27480
20780
4855
25063
18489
23491
28783
27406
1967
5097
22133
411
17601
10631
26851
608
1106
7147
28172
2630
6642
9229
24964
1311
24114
21330
9644
5393
9956
8581
21777
9690
25369
28519
25686
18734
23683
28219
22820
25900
5422
1888
7883
18657
25370
32353
32758
19433
12415
6613
425
5283
29455
8788
31838
13476
386
2641
7265
23068
32546
19943
18929
11928
6888
7039
17475
21837
30516
15155
2809
31615
8711
19106
24809
11888
9584
1082
7346
187
9801
26270
24370
14124
24983
17649
220
25290
26159
24691
3767
14581
499
16820
14838
6840
1553
19420
6503
15399
13274
17087
8313
10459
15061
593
31027
29057
31219
24397
21584
9225
18955
12511
129
5108
9678
20375
8584
25832
26699
32636
3977
20857
1817
2455
22928
12928
24291
31500
28202
16279
30304
7756
4525
4521
30954
23755
16183
21157
17109
18971
19557
5198
16112
25368
23749
7062
4542
8480
29963
12270
16542
23383
7903
23963
29367
16347
24887
28138
22827
7533
15466
20386
9457
31040
25693
9995
6572
20490
10709
8888
17736
21701
10734
20158
18723
24278
5302
5939
6289
6253
9648
4206
30123
22526
19207
6326
29830
17966
8830
13527
7400
29286
15377
1699
32214
13458
5966
204
14930
16618
24144
5797
3272
2622
2151
26979
7392
14811
32554
2171
30150
24285
3389
27399
29542
3300
7071
25271
8699
28720
13686
8248
319
13283
17257
31249
23965
17159
25212
29233
14898
29682
137
27388
29766
10161
9319
27420
15732
12709
15965
7639
25392
16298
14567
13801
18031
15749
10893
19045
9861
1866
26627
4354
12393
2018
3647
1078
5286
28520
11851
12671
24643
29083
1747
23930
25119
32550
26805
22196
26719
13772
3928
1494
24398
4784
26320
4240
12141
29267
6187
6971
21744
9456
6464
25326
12102
14513
5257
27873
29675
14305
23351
21046
17760
24450
12859
3895
8703
15724
9179
5797
21820
15404
17704
21533
4901
29215
30386
7934
1285
31629
15920
23658
17345
7643
32714
31698
17389
11146
23684
30724
23115
31016
27168
2249
22838
1024
31434
7916
11302
13016
7678
4200
12138
7246
12893
1289
5061
16134
9156
32760
5658
6331
29861
17942
20208
9846
13832
31973
12994
16523
7262
29390
14041
30842
14470
16741
12490
22351
30818
14341
18685
7414
27702
32087
11464
4756
24753
16690
12020
6107
20424
21224
30038
13103
11356
29746
17835
13573
19218
12677
11994
22528
18985
19627
22508
24479
16040
8289
18210
25571
20487
15782
4749
2212
10505
1857
2604
633
16823
5959
6787
15047
25648
30497
19335
10729
8359
21618
28683
17464
19607
11940
10716
28574
32552
28179
24825
30765
23040
7522
16403
15572
14425
21203
15822
25643
23811
15984
12108
3974
25122
2012
10080
18726
26616
10960
6010
17556
16684
11335
18228
27026
8372
30844
29155
30810
2457
6654
19502
10004
30506
22361
6167
31835
3133
10252
26076
14066
13712
30663
32746
16691
25123
15481
8815
947
26022
15774
23912
24331
13406
11349
5542
20116
7631
29582
10784
4284
4240
27478
16630
24596
28469
24215
30866
7837
10432
30212
19990
3679
21507
122
21686
2798
16734
16021
24556
7268
19445
14663
27606
29227
9189
24624
21539
26049
5288
18144
254
18880
32042
9168
32269
1517
29104
12471
14462
25543
17892
15622
18948
28121
21853
19118
19035
109
11050
4275
122
12985
3037
30058
18019
2801
31837
2616
20707
15759
18264
400
4563
21701
30354
30113
22567
23460
26593
1619
6009
798
1672
26338
24559
9225
26502
2404
32733
15946
10522
5151
31622
30404
9155
7101
12520
2214
16081
197
8288
32369
9695
4602
20659
13875
26934
11309
22285
8527
15922
19172
21136
26698
16079
13680
14732
14820
12996
21334
20207
16438
20708
9756
31880
11715
1641
1393
29498
15193
17895
29572
4658
10034
21206
30743
14830
31471
21962
22269
5918
9265
9613
25150
27055
3965
29686
27419
19079
28466
28834
20859
30290
10151
9054
773
29569
29966
4305
5733
3691
32718
27662
12150
17260
30120
10378
31343
4161
24401
31529
20501
31084
3047
9279
23281
2735
11998
20650
3094
19105
1548
25462
26697
20443
5284
15516
2459
29075
26804
9990
17327
22401
20816
4946
29517
11466
3556
13695
23101
21417
19351
16621
8703
25330
18220
9443
26540
13280
27857
54
9994
5036
24714
12922
24888
19003
2019
12678
32248
26319
15232
19444
31022
15428
6947
2286
13275
17188
21186
25538
25779
8000
18783
27851
32106
8849
5428
27103
6021
24939
21562
13822
9637
29962
32676
11008
6285
12442
1313
14471
25057
1873
17885
5138
5294
27872
24760
8955
25014
18788
19709
10334
10072
9494
7139
17790
3727
20898
32502
6933
11825
15984
30341
12371
2769
29723
11297
16816
17867
24133
3106
18013
76
22768
17530
22948
19880
7796
1126
22903
1468
7507
7914
29828
22697
28639
651
12770
21046
30933
3240
13762
27149
18403
30371
31978
29042
32683
13252
18748
28703
29173
23685
24097
45
8991
23094
13056
13973
28196
16064
7050
25123
524
20190
10620
18463
19811
28214
19815
15188
29726
31576
21890
10432
24436
30592
10331
7774
32128
28256
28362
9171
7893
15264
20926
15974
4456
6056
1044
21749
20531
26034
24149
11720
18960
27239
23329
27633
1275
691
16762
21423
18271
15668
23971
9301
22620
14245
22742
23457
32099
1862
4427
30121
19475
18777
16097
9217
951
8083
9099
29800
705
23224
4482
13504
21712
2147
15401
11808
3694
3417
14247
30025
1343
32619
14891
5283
21707
27431
12447
7231
8729
10469
29179
18196
879
21243
18425
27223
31522
25762
25475
32696
14861
24169
2495
1114
28034
11633
8697
26001
1638
25706
5361
1125
27008
11080
5396
2243
10624
9366
29756
4949
23243
1781
11501
22945
564
12143
17390
23054
29871
20162
6780
31859
9241
26066
6970
6091
4042
6254
32455
24128
6914
9865
31255
18102
23938
8994
19198
12589
12918
3866
5106
7597
5054
5739
18677
11351
12256
15534
4780
27790
26034
24096
1271
24085
29909
32295
25129
17519
7336
20863
31568
27361
27312
5834
24933
22455
32057
5253
26770
15960
21923
18155
14897
7685
18126
6011
14055
28799
13888
24883
28285
11170
11929
11325
8772
10660
3011
9700
21435
7867
29250
16391
2744
3003
25146
12775
18129
15493
11698
31432
5217
30878
10691
23463
25599
32665
11988
19096
29162
1269
6902
15814
15852
26121
12764
1459
1504
26816
17761
935
16665
27651
12032
8990
21982
26543
9709
4607
26873
28640
18309
14740
31217
15383
17565
32487
529
29304
15613
30355
4980
180
30390
13521
29984
23525
3944
10911
25228
173
9220
7561
25245
31469
28998
26704
5083
23848
20815
9852
14851
26197
31335
30628
16175
26620
4930
1100
12151
19851
25489
20402
12718
6716
16367
3626
22481
17637
27002
22228
26571
23881
19605
29004
2466
22007
17958
3468
26627
3931
4224
6813
1997
27288
21444
9272
21968
5857
137
26722
10353
2222
2675
4574
12421
845
22341
1933
28804
11062
8989
9189
13549
11521
29145
30400
29655
20530
26013
5949
23815
23925
2136
3256
2894
13345
23565
18402
11593
1088
5560
22804
13137
7599
10606
22629
24743
19893
296
16770
7023
12219
7911
12719
870
15921
27886
15419
15561
5188
30422
15354
30508
17968
29093
29149
32068
22853
23147
11811
6869
19972
9040
14591
22213
913
10773
5745
22654
22755
30617
1902
21032
23076
26156
26695
999
2855
54
30056
1842
28753
26783
11913
8624
11448
10677
25820
21279
31363
18354
14988
6309
9719
12947
24254
28284
19743
29012
30310
18138
3407
18509
24788
12841
15170
20717
10095
8770
27629
4824
21552
1429
830
10387
4923
4839
10453
17027
28887
17749
16871
14572
22772
17119
18004
18376
7305
18810
12322
22692
26293
11458
29103
32362
2430
28505
8317
9472
2652
5007
7545
31772
28304
5621
6255
14030
29225
31652
8819
8137
4689
14648
21960
24463
16655
14466
13282
13734
18207
30442
17358
23690
12989
8579
30833
9462
5976
31509
30717
12697
12206
1158
20296
15393
13727
17660
17161
13198
15611
375
2765
13176
13282
15714
17848
14184
3330
21875
11897
19301
16003
3182
422
8124
20636
22165
11907
25559
20031
2647
21537
7559
6915
16112
16077
21324
28171
21861
5803
4947
1582
13400
15361
30665
32762
23375
27915
13482
21851
6425
29292
19064
3410
30211
1665
28738
29383
27051
6564
22217
1837
6266
17066
20994
12284
20532
21328
30866
13265
4050
21977
19546
23829
17065
20636
28319
13951
26448
18835
3726
24846
14265
1548
1947
7225
21519
8660
800
29323
29285
4594
15319
16062
19752
8655
57
13513
27051
20794
13077
11531
1330
9335
11221
29188
29156
8484
21924
16292
2927
31719
10784
31615
26126
32170
21492
22380
30590
17353
17575
853
17203
14046
20926
22495
31715
19506
18619
11918
18337
32173
21529
10855
17433
13714
11860
3056
10726
28944
32712
1243
23720
15063
13996
3753
13466
26189
24162
13658
31269
13837
2945
21518
21521
5707
31408
23465
19056
27803
28398
12167
15551
2504
9576
1594
23733
18784
24398
22204
30268
22315
5625
28398
6106
21890
12020
3445
32478
21134
30242
18155
28963
18226
29625
24561
2605
20443
321
21657
14517
1118
27483
771
10019
24552
6127
30763
14515
4974
2299
1583
11623
9187
5904
23238
4280
20247
20670
14951
17238
11787
32439
23473
16244
11431
4551
3400
20029
25502
26964
11020
16120
24798
29740
10035
12125
6530
24167
30316
4826
16167
21799
8554
27867
31503
10519
27098
15739
21371
22111
20106
32229
27809
19715
15800
747
990
8344
12873
12122
2966
12528
23274
10308
22964
31856
29092
17152
2068
14223
1203
6517
20949
27226
11927
32302
7992
13006
19428
776
17517
2478
7957
12921
103
20571
31502
31312
31340
30124
14812
2795
10640
5681
20487
8508
25255
4754
1049
11752
26657
25070
53
6218
4252
8171
8832
19830
16324
24250
23854
20479
17720
32206
6598
15859
9122
5700
21379
20154
4925
28089
29334
27814
5003
20469
17603
13691
21641
1104
23086
30174
28087
7360
11262
11918
30290
14560
3054
15098
19617
28054
24262
8671
21914
10175
31532
12227
4235
31001
7026
7248
26574
21597
4935
29341
5013
19147
18187
5462
25398
24921
10386
27657
17370
24601
25386
18049
1475
23311
26364
12456
17814
26805
18550
8853
26830
22319
14914
18116
6666
28724
25559
27149
9049
20394
20692
22032
32389
3134
17448
22688
15334
12156
13648
32322
12831
28493
17970
5958
12106
3741
13382
8672
621
32348
26865
23032
24348
7699
11228
1384
30569
20765
22396
9171
30773
23713
30432
16311
13126
3228
29955
3063
3233
10944
5777
6121
7349
16978
21223
24573
2822
26568
21959
27752
5474
25011
21951
17854
18172
19327
5907
5944
32612
9370
23708
30141
7580
24391
32573
8610
24344
2670
11520
16315
12432
9318
27310
15920
892
4074
21444
29466
19653
13775
29519
20874
5681
3518
22516
12920
9908
4096
6201
4584
2911
11350
2247
5666
28577
19785
15215
1860
32634
1802
27313
11840
663
1375
16772
10299
22519
4276
14062
19046
31543
29712
16529
25245
9300
83
11923
26380
24713
25483
19891
5423
28607
28020
15107
8783
17161
18081
29010
17138
18513
29361
27953
2294
28785
18383
8152
12311
9944
19400
1341
22155
22047
14616
19641
11360
10738
5968
4989
23507
16280
7006
25535
31176
25262
31841
22757
1761
9636
20671
6074
13102
21455
27162
7067
22811
25924
10682
21096
13325
22642
22937
5612
5704
763
6633
20425
7604
4674
29105
28718
25212
17301
12211
25601
15182
32073
32225
13552
2022
18979
9312
7531
15954
8572
20631
31545
7591
27401
25355
32693
30647
15698
32034
8285
1400
31013
29602
19215
10020
31651
21061
6003
20659
11122
1724
21828
28893
21682
10124
7050
25488
132
19663
10177
18006
29251
2286
3913
7826
31016
22863
21702
17204
19275
30981
32312
28609
6061
952
16823
9555
7599
24576
3569
22772
31378
12404
12378
22365
9510
19042
16494
31985
31862
9050
1335
20607
21031
6837
16342
19378
29435
11656
5057
32386
21280
26307
21221
22707
16688
15264
29850
6532
14403
22663
24499
16526
29628
19134
388
15456
28082
17544
20530
17030
3246
19076
2417
21473
3700
15970
23459
14026
10981
314
29575
21334
27234
27364
27937
31777
13000
23033
26841
23277
25838
5845
8975
15668
875
31364
10548
6674
20589
16430
2693
27144
16490
18002
22734
15146
11461
23121
11929
18248
13693
12596
11740
29095
16772
26675
2374
10804
24494
21913
8263
23014
26491
7646
21989
10026
10523
31995
27417
10932
15795
19550
6617
24478
19076
24309
19200
653
27412
9566
5873
23384
299
31244
3321
9828
19829
6920
5115
6302
2021
602
16605
680
22302
22709
13179
9182
27569
2784
5206
2558
10098
23808
29749
28168
10666
23959
19648
11635
4169
18945
25347
14076
22846
18280
13993
13843
19055
17548
6247
12091
22794
2808
20410
17924
14699
8480
18570
6423
10148
18401
17595
24893
3823
8305
7476
9321
3292
9815
31685
3387
24360
25974
30819
26810
1259
18194
9992
20660
5492
8525
29276
7086
9684
20817
23668
30865
11617
12079
1202
32074
1296
3017
15060
3418
18570
28974
1522
32633
21442
29029
12107
22874
9036
5305
31578
2437
9536
5185
10225
6764
19663
28883
23344
2062
6677
5433
23118
27572
6394
8122
20841
16403
6540
1560
17717
2264
10274
13926
70
9498
15881
2815
23658
22152
31254
22475
23437
13509
29944
13326
10891
15900
22822
8408
14224
22842
441
11313
22367
26976
16648
21880
3006
776
9759
15342
32303
9455
15364
30337
16880
14580
7682
16949
15820
28234
27186
7316
20697
12422
9623
20800
18246
14494
12456
1743
27960
13008
7934
13882
17718
10819
32589
25296
32519
30211
24309
11106
13339
18453
17491
17298
1975
21699
31859
28775
13757
27556
14619
26053
22757
21377
13063
7116
24240
23468
13846
15338
23283
8617
22411
7514
29973
5892
10517
25755
6755
18408
21079
23713
6032
19059
13852
29093
7688
24468
14514
3886
13262
23380
10028
32304
9459
20203
26199
4111
32538
19057
28385
25455
19164
4430
13866
21331
16945
21886
17694
21082
13483
3095
26938
1156
21614
21841
21149
29171
2562
29414
18507
22579
11950
1254
14471
17615
31512
1165
28191
18837
17929
30150
8396
3749
30093
2351
776
24002
6756
27970
22575
9955
116
16494
10133
21589
8704
14547
28157
16441
3583
28255
14939
21334
18228
8644
3059
2711
26244
23219
6669
26624
18707
22476
23478
15271
3594
3312
16333
7752
28761
3760
31990
941
27406
2374
3313
13616
812
25853
4342
9509
4034
4355
14349
16801
29080
28686
7301
10714
7826
27825
29791
7288
8853
31983
13217
23603
30725
12335
23609
5432
22004
13307
32293
6120
28884
13747
9596
3450
23416
30118
4193
3998
24645
17351
29438
23335
22544
9182
11202
8190
5505
6670
29189
17466
8264
20214
32313
24889
17823
23588
6212
30712
32687
13986
9216
20503
14400
24267
29419
1988
4526
7955
599
19299
32069
11595
9408
7470
8974
17160
29943
28455
11038
1587
7860
14455
13867
25300
4196
14861
6786
12887
29803
19635
25075
1027
2599
12273
16542
2381
1438
20271
24645
10968
17760
31342
4958
12709
12248
21899
6081
515
20629
29478
1127
21040
32556
19311
3538
9269
90
366
8667
19152
8960
13583
6434
9833
13854
31104
23633
8989
12735
9396
1262
5358
25218
29374
28977
32011
9326
30330
27107
3901
707
20731
31814
20782
20677
3505
29299
8249
330
15521
28270
7463
7484
10602
31781
12423
11500
10045
20323
4245
4115
14299
8894
23492
31626
12353
627
13035
16376
27689
1449
26910
13212
7940
30561
26761
11292
1036
13256
8878
14550
13861
10214
23063
15716
32366
19940
9412
16231
25565
16004
13238
29616
22397
19831
534
27414
2377
2206
8040
24622
27085
7121
22543
3185
24692
14958
24686
30147
24264
1009
5548
2864
7140
28005
2855
26573
373
5706
14787
12101
7872
7185
9272
4939
21726
27209
4695
21983
15973
24123
13686
18961
3188
32313
31106
10293
6507
27282
12326
17506
10224
27629
18666
19097
23315
2624
5854
23472
32421
17080
20272
31000
16907
10320
11459
18613
6084
24312
978
6094
22380
10733
30637
29639
30167
20387
7124
20256
29231
9978
7950
3411
17089
2348
32052
24939
5010
906
4509
9106
16959
9581
29940
4800
9727
3722
5274
4369
3433
3199
30270
16329
24497
9690
18043
4792
7567
23497
20990
23856
6298
5288
8966
11582
5077
17876
25154
32699
1552
3442
19515
9573
26780
1536
29065
16588
32000
20860
10538
21512
3375
2624
10020
17075
19105
23356
16018
23936
30625
8002
890
26981
29321
4641
29197
11160
15941
28634
22059
8216
30228
19248
27691
17778
8829
18625
1427
16486
6541
28269
31202
28980
1981
15422
17318
8565
10841
32086
30188
5552
10545
19426
30928
15773
208
12958
25122
31072
29655
17562
14486
26023
18653
21187
26195
22805
23531
32181
7147
8183
1607
14910
21668
11912
2499
19968
27966
4808
7686
6585
1212
14339
14493
18972
6643
29261
27814
4163
30925
16925
11135
2071
2306
30053
6529
15565
19575
1539
28198
31285
23851
26839
22665
292
11627
12902
27858
18852
31413
11167
14597
26728
8711
20133
3758
6618
10342
14363
5801
18333
21461
10763
16706
20676
24017
27648
19667
703
18987
19086
19494
5531
16268
12430
11421
11960
31203
18901
25330
31177
7402
27217
16810
16699
18161
2863
29196
7170
3222
4447
31243
15226
8979
8574
4792
19281
1797
5320
29082
5807
3849
5554
20393
21935
16968
3405
10659
4386
23559
14224
2827
25366
27222
27763
19973
15812
24915
27884
9627
516
22664
5572
7728
19823
24017
867
9760
1884
26935
12306
30905
3672
8055
15125
9339
958
6184
14992
22266
24320
26518
19345
28100
9195
11123
7538
12378
719
7668
17039
12620
22235
14779
15915
24964
17361
1710
21681
9743
3130
14611
21667
8514
6887
18751
27810
14619
26179
431
5735
22994
2116
15842
19573
12933
32509
22642
10603
14914
4634
10234
20892
1573
24953
11114
17363
24300
5411
8872
3040
32043
24011
29562
7942
30760
18638
1036
26420
30410
24004
19351
26747
17467
16299
23482
20696
13554
26223
11397
11619
24509
4288
19053
17188
26824
2430
15297
15533
19813
16303
24138
23156
11870
2304
30801
29500
26704
23034
4453
10666
30444
17983
17697
32374
32336
2459
16936
8436
28678
14432
14427
2635
3664
2560
1726
28616
22483
28565
9264
29995
32318
15175
12600
7038
12786
23601
24479
16232
15938
21118
15466
7756
21620
32175
4400
8547
7336
9509
6231
31514
30187
23184
5981
19092
16670
4693
15656
4195
30822
29478
1327
14150
18080
10417
4100
26295
9774
23677
23935
3320
29100
23156
28069
12977
21042
1679
22843
14766
25390
13861
28631
129
31947
21190
7982
20048
21081
16232
25946
10316
1708
7313
10278
28915
9179
29495
10508
9988
26812
1595
21266
28352
12411
32396
20926
10191
31596
17303
30885
31551
20992
25757
17024
8674
11798
9624
13329
7994
26858
23085
19889
7895
2047
17917
4305
11874
9721
23755
5009
16848
16313
10028
525
15102
15773
31394
6090
16485
13092
27906
29149
19279
9226
11290
2930
16491
9273
23653
14177
10055
16570
3753
9402
17794
29414
8388
1045
2216
32762
5901
13436
17082
18449
22141
23297
1234
21738
11153
4218
27646
16728
10099
5636
30918
2549
9135
32230
11438
30769
14292
6867
28562
1123
30530
14840
8483
14709
17684
2647
2122
20453
8078
32059
30084
28029
18862
4744
6057
25094
12493
30073
28875
17240
7547
23267
26197
14130
24476
27411
8772
21222
15776
6149
1135
1941
40
3977
26117
777
15969
4551
7221
6673
8218
26382
3052
20527
12846
29725
26342
11333
25322
30119
28588
10907
8453
17655
4982
15832
19283
15563
10071
22501
32668
7452
7938
16008
8754
2935
9180
21692
19911
3120
28889
28129
15485
22554
4167
8154
32547
21912
29885
26461
10446
24909
28048
18987
25731
10634
5906
23549
1633
1580
30881
1785
11050
13415
14135
1432
15148
14450
27315
3737
900
19063
21293
28099
7773
26226
14296
14862
27957
12097
29107
7427
13872
9511
19164
20026
4791
15321
1004
9887
3793
21522
17799
10585
21612
21701
14528
9608
8248
11270
21728
10013
6641
14383
11239
357
25736
31225
8534
11972
5777
13661
26565
4385
19877
3584
4243
8393
21666
16827
27281
21353
17579
11343
25971
14348
407
8301
29212
19147
12975
10558
16419
18783
3786
26386
17069
20501
3570
18425
2
2820
18239
12960
3399
13877
8921
21909
309
1631
12600
1272
31842
3350
17705
46
12292
8998
5698
11828
14323
1205
13414
4061
25327
5184
20053
12710
5440
21877
23819
17103
19275
2005
7857
11389
30287
22073
929
7118
28259
32694
13010
1003
26002
27765
14613
22771
9300
10325
23282
32530
4893
13149
27864
1001
30308
19480
29950
31152
14586
26768
4968
15997
19177
1251
22988
5354
12421
27933
9741
26085
16711
8417
25400
3799
25722
9113
31987
4025
27983
13139
30596
10029
25721
1445
27765
5409
27275
12102
3974
10757
2377
31409
2960
31601
8522
14981
8265
9909
2102
21776
17634
14719
31119
22639
10679
11098
28356
26274
20539
30400
8761
1711
14807
8825
14159
18669
32676
19565
15201
7327
12024
8492
10729
13626
11814
11630
5543
22979
7864
19672
9241
17181
13422
32356
20350
3510
9794
5917
9664
24918
9679
21815
31573
20623
18939
5506
10108
14954
12340
30675
2892
29184
281
5009
26059
18011
20496
17267
15457
22646
1810
4692
8398
3250
25952
17708
21482
31889
3668
15792
7802
30492
2190
30907
15852
3191
3507
29302
7575
25178
24182
31619
31511
11219
8782
17564
5159
31555
11697
1685
29805
19163
24127
17767
27490
18272
28446
30566
14376
22047
16846
12358
27773
391
14464
26446
10034
24966
5258
29255
25330
17307
10490
30476
12661
28663
18540
9426
32577
21108
2910
5875
20693
17925
24809
4372
17893
10582
14499
29636
10202
21196
13483
19571
3450
17626
2329
1257
20149
31124
26180
32527
15263
15437
22500
12182
29133
17310
13725
13113
9313
28821
27458
10132
16836
23286
5585
12370
544
9340
11409
18350
11627
24569
6746
28137
978
25320
10019
7133
26684
13625
8834
15847
10190
26001
3999
25049
25362
12296
25179
15347
5544
19870
8569
7689
16800
8591
12981
5526
31380
29687
9388
19952
6755
7755
2161
21190
19684
27218
29925
285
13761
31506
26626
2909
18725
2510
1097
22603
19474
1900
13980
6573
22611
22718
27086
19646
5925
5401
752
22899
13024
19744
14307
2208
20998
6345
16992
7082
9241
19347
26274
9941
2085
10310
4754
1544
26152
22420
24413
19544
16596
29656
25914
3504
2550
3292
1897
16986
8379
30675
1914
3978
17710
3491
10055
24854
2170
8117
10513
1987
29505
21781
14950
1242
25923
30834
21146
30776
13574
9708
29815
9593
8281
12759
17179
30534
13873
7058
8738
13152
18538
10297
10276
13580
10248
25083
15362
30554
1891
28713
11782
16145
10245
12807
23589
14904
25490
2349
19950
29694
21443
24865
30023
29293
17752
6336
32572
17510
32428
28060
14297
27151
17546
10205
11904
5086
921
7285
25964
17367
23762
27222
25382
12391
32026
1333
40
17977
4478
6636
3948
11362
10274
11249
1850
1764
13208
24772
28706
1893
8453
29140
29210
11146
23206
9693
22561
20962
1677
16649
14281
3802
106
17839
20697
31021
13380
20969
20584
27607
21102
28052
29312
13045
22955
18196
6680
19594
27215
17887
27312
1269
23732
16448
20989
23643
10453
3889
17503
8272
1119
27272
9251
25646
32437
25505
16439
15872
32709
3994
5853
25827
31666
31347
15504
23946
24663
14946
28434
9340
28638
31346
6116
4238
26110
14907
17967
27810
13876
15446
1108
5830
9507
28091
12929
745
5388
19510
2978
15002
30681
30652
32002
18035
12170
24373
14157
26571
11414
29609
6303
31308
27910
6333
13881
24797
8711
22222
9963
6985
12903
31313
24909
17885
6920
17207
1040
23234
12417
5124
14638
12588
24374
21509
9894
27756
25830
27736
8807
4219
21865
26166
16336
5831
29089
9016
25849
7364
12507
22955
28899
11994
26020
18047
6666
18039
19906
28950
15362
6163
32135
17883
28304
1229
19665
15196
19557
16999
25656
30209
17559
18045
10519
23865
2546
28816
3726
28223
4813
8147
8251
2050
20897
24734
4517
26441
21338
18491
13604
16152
15084
26817
17203
15678
7531
10574
9322
17473
5789
31614
17858
27793
16309
22469
7698
24496
10939
18745
16642
4837
6381
30258
27581
2705
7466
18805
16798
31566
8682
1651
8150
23496
35
15898
15091
13605
14765
29122
30677
28005
27693
17872
22418
4571
30331
26804
7992
2844
20025
29477
4389
22454
26715
29274
9112
31689
5778
11397
14731
15459
15481
23837
16848
6469
15504
6113
23765
6172
3349
26962
31776
3105
24370
13408
15801
5439
31134
17463
16552
27343
6081
27149
31869
16464
49
16158
7953
10952
10905
7391
14305
12279
13135
13599
20233
21093
26477
11192
7891
18593
28715
24188
26668
982
24219
14272
31238
9419
21893
7822
4411
16277
16175
21602
14004
20801
7597
5913
26090
2278
15274
23159
21650
2188
8724
1651
31244
1687
7435
9435
8535
32595
9462
31337
21645
8630
23512
28348
29312
26626
8997
31913
14706
24030
1295
25085
15179
32622
17882
18290
9224
25969
6505
25188
21790
26212
27843
14446
27327
1877
21842
26329
17441
16708
14746
7893
24141
26046
4661
26965
8834
28562
31557
6739
15204
18503
25833
8496
28579
18219
22735
11188
17854
1296
15494
17914
4133
10225
30515
4322
10840
32402
10643
18780
25443
22838
5370
1014
20484
22891
9319
26981
24576
3406
28297
5162
20567
2308
3385
31153
28406
5109
15471
12456
29977
2723
7519
7778
5444
24104
18053
23944
13624
25697
2107
25085
25794
19447
1777
22690
19492
15741
11855
3979
6444
2643
10102
16969
27203
19299
27064
23326
5549
14806
25927
19106
29440
26975
3968
3672
14830
29973
26455
17954
13638
28698
12644
5676
23461
10510
14108
30395
25624
5368
27311
2269
18775
14038
8990
24143
27000
15368
2166
8085
4493
24237
18760
22087
20340
7798
28332
31913
6869
13988
11687
19150
12526
14116
19463
30966
32670
9385
12869
20686
11059
17153
24797
22877
25771
29232
17620
15547
26118
22232
4615
2782
23628
23831
20998
24094
4803
4901
10500
1995
12215
11842
18336
22509
30339
1232
30293
26665
32683
17215
32020
18341
20349
6576
21336
32356
14995
5421
5174
22037
7562
26878
23406
31943
405
562
23664
9813
30662
21496
18842
24470
24197
7656
20219
11654
3650
6451
16436
19291
5576
8754
22064
17574
13011
31287
6778
24558
23923
19330
16958
14115
30122
18550
20351
2931
26754
27973
19284
14758
7354
10135
9199
24653
13738
6645
2081
19719
9391
29274
58
23225
13954
15323
18928
10038
5312
22398
31727
31195
27902
18148
16915
30587
448
13855
20959
11047
12218
16438
6016
28569
16276
28988
17123
10439
20038
11466
10711
3563
7840
26896
30642
29976
4941
31198
2111
32303
24842
14691
13505
18917
26629
3683
21251
25802
5991
16093
23806
19780
26844
12566
5263
3428
31364
3864
22129
16935
10879
11437
13374
12066
18045
29817
21943
1268
4082
14939
22268
30962
22582
2399
25094
32193
22031
14957
2460
23536
19765
27891
13390
22201
8064
14339
4289
