28154
31880
32046
817
12592
26505
3302
24274
10160
30466
24427
17044
22815
12898
19579
12349
30283
11546
21794
13256
9041
4890
7879
15027
25692
9652
30838
19043
9917
31331
17797
3685
23720
3043
14925
21564
15150
15854
1219
8219
2005
27574
18502
27651
27297
8865
18129
11148
2015
12395
6907
19250
16435
18042
4959
2337
11040
28340
21382
29391
6854
24636
1536
6924
22449
28045
3596
11682
15672
21622
12066
15566
15902
19431
4348
19723
28544
7556
12013
23799
25620
1306
16269
25009
8810
19092
21722
26975
9759
14842
32764
20563
12766
24217
26931
15573
8141
6368
3173
9740
15408
12265
703
11177
20049
7456
25343
9026
11194
5589
29864
26145
3651
22296
10678
30944
6471
5262
25700
23261
29449
18490
11616
10629
3992
17631
25188
22661
9181
8477
6776
18539
13835
1280
6356
7128
8540
28003
3429
30037
15198
8374
23438
25390
397
7510
11699
8193
7454
31622
12911
29940
27577
32464
9688
24388
15452
22492
19141
28597
4635
25881
3908
12877
27047
29151
31157
7516
29216
29268
32230
9293
15152
22782
30730
22941
14002
1949
14361
29417
27633
6508
26412
12879
4973
32631
23602
22675
22196
25914
22534
28281
24484
11270
27248
19362
23143
12896
20251
19213
27673
5379
29050
28903
9417
27503
13668
15939
27747
27400
6026
4056
8330
2281
27160
24773
2794
19067
20984
20444
25204
2328
1457
9987
16074
22780
5168
3356
10792
10322
10460
10472
3986
30185
18853
9080
21937
27984
1697
2106
9301
13802
1182
15559
9812
24245
20537
16869
8498
6717
5547
23817
269
31482
28283
22830
22169
32472
23783
25640
7217
28530
21502
19894
27875
30254
26376
3560
10440
9091
15205
3735
18846
13790
28363
7085
13453
23595
6676
19041
9243
24663
11384
18493
26616
8167
14225
28987
23563
2216
16797
137
22836
21728
17746
11767
9704
2724
13392
375
30749
16468
24630
5965
21955
29857
31996
2396
23469
14940
9552
5972
18308
2173
2022
16790
123
11103
30391
18545
30820
2355
12670
20194
23192
30295
1417
24696
25951
25144
10017
10939
17998
17740
17166
8287
1627
5587
13653
17605
30631
5688
10148
32562
25112
24097
4081
17527
8010
19654
16007
14474
16990
17734
32046
19550
24821
13762
26807
1518
7325
12968
2619
5298
6272
31382
150
17838
115
517
4514
5600
29964
18602
12432
14356
23675
18191
20797
25613
14307
21235
22632
13706
26591
22511
15015
31125
892
11329
15917
10839
9884
16097
19826
15174
2556
14786
9298
1207
27833
22859
26224
22508
17945
28068
21998
9990
7877
26046
14036
4123
26262
22479
5339
4183
25226
8785
18371
20810
9037
27993
6813
5790
5885
27266
7571
31021
15273
2682
2821
6328
15902
17969
20417
10188
27567
20811
31442
4946
30459
32361
6925
13718
21598
27164
8522
11574
31679
9605
26992
13703
29918
12455
8309
6100
14284
32064
31868
24184
5322
12020
14574
16735
9911
24766
8431
8111
32139
9763
5577
31087
6407
21066
13134
28301
26135
22637
7469
8861
1859
16441
19667
1871
26262
4344
17075
23486
2406
22436
13327
25033
1199
26572
16524
10535
25126
2084
10821
9723
29715
11064
8687
5677
16557
31070
5355
7326
5875
8063
9471
20554
10736
16592
15524
18741
22409
32304
15198
31618
13889
28095
7294
18555
15557
31159
14386
17893
22422
19687
5465
30564
4430
25423
23368
28820
14614
30279
8137
6959
16415
9882
18951
11539
18432
20409
25072
27257
20591
17729
31956
1250
32385
8889
31379
15381
12000
26302
30724
31619
18716
6823
12487
14882
4328
32494
25397
9008
1125
15090
7830
13990
30050
26446
26744
20953
5521
4552
31803
22925
12033
31706
185
16161
10865
25029
12066
24734
11346
14866
6744
14400
10685
11357
15772
132
6053
29856
10381
21731
2713
15138
14664
19970
9557
11448
29551
2043
31655
3222
356
20395
19956
31476
31567
26862
32000
11915
30075
19906
3591
14447
6271
23177
13670
2705
9771
1339
12037
2895
31184
1989
3074
21099
12278
17625
824
28681
20854
3858
32735
13615
23604
20438
32023
10051
30091
14013
17077
27870
15149
2991
5639
29330
25892
3049
29288
13555
22687
8363
24192
29375
28857
23369
23546
793
15144
19552
25607
27533
18823
13087
401
18750
26272
15032
25665
14957
9363
32560
17019
4023
12550
5762
14150
13330
5904
15915
21813
13261
7605
32326
7076
10090
7906
25358
22082
5593
17524
22188
4186
7162
16573
13929
24500
2659
23758
7782
5097
29605
25720
791
22823
29198
9746
27699
20866
11893
17659
18381
24708
17922
3914
27301
5940
10471
18810
17866
25706
12613
31517
5550
29502
12509
25951
25483
14596
13110
6116
24521
31378
8679
22397
27626
17882
25887
14773
28640
17413
18116
7117
12493
28990
26494
1691
902
9777
4445
22357
4127
30726
13150
12091
25238
31708
5722
9697
29844
6543
17759
5937
17989
6369
23712
7144
4051
14143
25124
14285
5998
8792
14294
13430
31153
3946
28816
12185
15394
14591
27924
20041
3470
26558
5409
24226
26454
18295
32686
7993
14390
6220
21204
22781
29917
8883
23000
6006
8583
906
1781
5014
3908
8085
3606
22984
7407
15267
5209
14364
16997
15742
21864
1715
16307
4472
11275
32303
25344
29743
23765
2760
24043
13274
10281
21510
17723
25409
10541
32405
10118
4417
16193
12188
13546
7424
21572
26509
10946
14665
24232
8881
6279
26257
10685
4153
8499
9908
16021
8192
25175
9453
4586
3302
11301
12647
22408
14637
32207
5181
22654
19472
4415
14205
21046
17313
26761
15538
27542
7116
9352
32421
23272
15205
26921
1199
19001
3046
8118
10401
9409
16378
8107
20203
11086
31598
23290
19686
4536
17616
20844
20645
5364
21559
3526
20079
17735
8774
25322
10371
32187
22000
20288
26532
28913
7670
21133
8580
1234
6068
5256
17221
15622
17747
18000
9738
9996
4954
27669
21916
32730
23625
20569
14428
3532
18110
13017
32020
28306
21239
19918
4116
9577
19948
30203
385
11807
7682
1984
3937
27889
2156
26487
8848
11956
30598
8059
23027
10981
25466
22584
31129
22276
19807
3536
10402
25971
12017
14549
7746
8206
18273
10150
22882
15358
25775
15516
31918
4521
17633
22072
22073
4670
6874
18610
14850
30068
31725
27254
22121
5334
32415
25191
4657
27832
25665
24472
28005
5104
4911
22333
7435
22553
3508
25527
13027
15250
6683
16816
8979
15106
14457
28623
14216
19263
17069
18949
9983
11923
16324
26535
893
21103
3767
16779
17947
26611
14791
11284
12812
21522
12019
2754
15445
8372
26405
22665
4682
30479
26077
3541
28882
25637
28046
28652
32092
8892
25130
30491
22070
11582
15236
30286
32181
18877
16870
6001
8508
2258
24388
21450
15855
4615
7150
20647
20963
19556
23465
14691
2300
20156
31862
5719
21618
9227
10789
17383
6070
10829
2916
4519
28185
14817
15915
10553
8272
10523
23632
24594
28565
15902
31750
24329
28273
7785
28791
9103
8024
11889
945
26583
26147
8636
15405
23744
24887
15183
30149
12141
32230
2543
3789
27380
10371
14696
12125
27236
25221
28360
30400
28132
2221
25968
31569
32471
2073
31252
5238
17200
12268
16549
10887
12803
1679
15460
12323
21486
31562
7447
9100
26567
11264
27912
12965
8695
13776
10237
20220
3173
25012
2748
22622
10473
23192
9754
7229
9998
14377
446
8178
31348
29920
28871
24813
17491
22835
13021
28390
4534
12378
12141
30047
23514
2002
29791
11855
31890
3656
294
1089
10871
7096
23556
13045
23281
22988
20926
1732
20800
24512
5629
31366
9777
32463
2035
28130
19634
22994
14867
25520
27035
10831
6461
16015
1747
14618
25660
14815
16186
16567
18088
15066
4755
31513
614
4240
23123
7604
13838
4204
1753
20562
31540
6008
6330
26702
20244
31978
6094
16764
24371
24086
6974
19398
32335
11759
339
23617
6777
12796
11514
5155
26370
26469
25581
3425
12427
30190
6121
5279
20516
11357
13641
19789
26515
19484
12079
25128
11872
16416
26167
22967
14356
31502
12397
11864
13384
8034
18504
13288
23310
5376
24443
21921
9151
12496
17937
4364
6088
3258
1220
17538
4848
2217
26980
25996
18891
67
20356
2391
6182
4287
5696
5538
23924
17764
1142
17683
25315
836
10672
9541
8846
7019
32040
25298
13616
25738
14327
28262
30033
5547
22010
12952
32251
18894
19432
4730
18820
32089
31781
1399
15946
29494
31053
22956
10801
32685
2538
16703
4643
5767
6928
29402
25031
1867
32449
18002
9563
24298
20369
28508
3952
31307
25761
838
32163
11357
22935
28576
12025
1526
2867
19598
17002
14304
17243
8369
5771
35
24951
10110
20916
12744
32465
19005
17616
1754
22071
5607
29038
3475
14532
630
22562
20288
14862
16604
3450
9287
9994
30114
24996
17349
17826
1004
4382
22594
19056
3142
13184
30609
26443
21032
26729
19662
6410
29977
953
19250
23932
5195
32607
27382
10825
18181
7331
13068
30474
29631
8436
16108
19374
13905
9322
18649
5760
13730
12849
16455
4363
29617
17612
7878
28376
17164
22050
7696
20665
24467
26145
11396
24577
11346
20715
11542
28293
7254
14355
10503
32054
6496
22133
4774
15567
15372
496
8271
31009
18475
18950
1537
23466
8585
5484
8054
19657
17231
31173
503
25491
10091
12474
8482
11553
32313
22415
10693
16558
8793
28629
7545
28034
21155
26479
8042
7497
13901
24846
24381
10896
13892
21308
22721
5722
13193
11731
9611
13626
8243
25620
19048
3734
18218
15834
17309
15819
13971
30968
25206
10408
23044
28068
20291
5918
21219
3567
696
8958
22385
11101
13223
7260
912
28490
32430
12317
11437
5180
15290
17758
20677
25402
19514
18167
4684
3371
9539
2512
10204
30768
3632
30198
8644
9649
29996
910
9114
27173
961
16076
24316
4541
30038
5758
11790
12100
21526
17301
4520
4390
18828
18456
18674
1964
28765
11106
26639
19375
850
2577
5475
24523
26636
5724
12695
30574
19857
6297
32626
8096
19734
30828
25773
11825
14494
8934
27125
30887
4128
21688
27281
16800
7028
1494
9530
5367
9838
31863
17685
4741
15561
21150
11205
3521
2052
24453
31490
29188
30356
5708
28964
22360
17090
11283
17501
31093
21402
32576
336
21599
27163
8823
7256
14800
24190
4826
9462
17410
20760
26215
26627
4620
11334
19564
9456
23048
20088
27491
5055
11366
10447
32348
1784
6662
20783
21258
31389
1014
1025
32565
20350
9539
30902
7619
502
2868
25151
20813
16204
1575
6017
28929
25191
32482
2864
3318
11900
13895
19874
11921
22565
26243
6895
5919
27655
14177
30463
28024
5371
12371
3922
1348
11012
28391
9112
27209
2050
18128
27
20191
6750
2972
15310
323
23512
4774
26923
15282
15413
23960
28930
2272
1331
6055
7875
3435
4283
21927
27695
30141
24171
28826
22496
5864
32253
22244
24099
5953
12298
3501
865
13635
5923
24860
21952
19808
28989
28548
17274
32652
8838
15971
22886
7537
13619
12180
11129
29462
1720
4257
30130
32065
23885
30637
22513
25400
30145
6721
18525
6231
15942
11607
28157
13495
1632
14729
25432
1314
6410
19269
30938
17892
1489
28971
16982
13249
19333
5121
26542
11461
7
24444
26461
3204
29788
2143
125
12568
14576
23150
11891
22441
3577
16606
11471
29332
18579
28727
4508
3622
19034
2565
17483
5623
20372
7677
8318
13292
28461
2431
12676
3737
28224
15256
21038
31679
25994
9607
8745
9754
13723
12518
4859
26571
11088
16621
12053
9781
12464
10597
26086
30541
4807
24653
126
20135
19971
9380
22981
18970
16651
15329
9671
339
25161
14734
18270
27160
3606
1274
5568
10818
8873
102
30711
14727
6159
7462
8232
12597
5810
25789
11042
19351
28360
8011
4479
25183
16956
20661
3096
5940
26103
6982
28220
8656
23329
7396
8908
9831
17128
20187
16572
4560
31592
19115
2868
19625
2215
9732
23120
31385
15655
10048
10895
10686
30042
13402
11074
32748
7862
15274
19652
10793
7701
11519
9880
22297
12231
27914
30183
23484
760
28770
7401
14012
4198
4470
19507
9572
28759
3541
32062
25005
31910
2280
18535
26417
22607
11362
31235
2605
14335
29948
18895
3310
30765
11309
7612
26583
9916
9359
10129
5029
9261
30967
29606
1133
11538
11307
24079
18409
20205
30106
23045
26743
13870
26592
16644
8064
11647
19410
11024
20958
19127
15010
2050
6527
17641
13718
1575
28023
23062
6077
11709
11210
2396
9932
20398
14979
9690
7409
21027
31465
27155
19680
18831
11539
12661
26040
13487
25160
32055
7043
21735
11707
30726
3642
3295
24542
3137
27785
10651
27529
1291
13228
858
21623
27024
866
21314
30580
1353
13010
27933
20587
30943
29886
29356
27234
22032
14739
8177
3749
20180
3505
23323
27248
31323
10741
2606
26736
16808
22512
7815
20714
23400
455
13071
8625
11552
10574
15791
3360
28445
12345
10106
7499
19579
28114
6480
19490
6410
23090
5695
12945
29963
19107
28722
50
12472
15999
7134
21331
25414
32646
18065
14952
5061
5443
6258
1589
19056
8846
2603
13102
11794
21823
15640
20750
27447
10716
25837
30835
23104
7978
23857
32303
16183
18144
24486
25429
6134
22156
11158
8180
24813
29694
27948
10537
32551
30244
6319
15367
2240
20812
4044
12943
27598
18589
3601
16384
10512
24698
2674
32126
261
27628
18333
961
11921
20761
17378
13156
3590
4579
26408
5759
21500
10259
4865
20396
11315
29220
29511
15477
12990
5760
28674
32617
26645
30321
472
17433
31895
29328
4755
7762
2662
28582
18224
11954
11479
2224
25659
28168
28182
13262
25640
10025
27101
29312
23219
15710
5820
4971
21222
4431
16460
32717
12613
31108
16575
20772
2563
17624
4916
28923
22020
5956
19497
27034
15214
2271
5576
22507
15932
27311
24205
63
28919
24928
6454
22782
24996
31831
21136
8949
11657
13830
28262
15120
26970
22322
31488
29445
6436
29152
5994
9584
4681
30340
21361
32297
10810
8167
9768
21089
5251
32021
20399
32468
27577
14909
15461
20910
14407
5949
2047
21193
8449
31021
4180
6491
1083
5361
17542
14546
23322
31273
2361
28370
26386
16105
25288
25442
27805
13332
14326
1828
31231
9880
455
14785
29184
13388
17100
21936
16267
23545
3978
20729
20939
30443
275
2387
675
31905
23019
22578
14741
18744
2972
7419
30278
13227
18290
11252
2551
3358
7430
14896
20821
20316
8751
32516
15350
9532
31819
1830
6985
3443
3721
11274
21025
11085
29307
250
32735
19069
3583
28609
30282
18361
20322
6116
8501
388
3251
27172
3180
11260
17495
27469
8355
2889
15676
10225
11532
20943
7918
32090
11701
24847
21852
5810
16542
20185
26845
16464
15848
105
13718
12727
17719
6699
2574
29705
7147
31543
20337
6953
21836
5557
770
11409
19115
27434
14356
3954
10802
30385
10493
20595
11654
3971
23576
14922
31611
28565
2452
11747
9739
25593
19797
18634
11223
31049
7899
30303
19917
8031
18348
31575
14099
10469
16999
13540
3997
29529
19091
17441
16705
17955
5029
5015
7246
22802
17228
14528
29191
23691
30005
9903
31157
12088
27908
10397
259
31503
5979
11977
9406
4894
29184
13538
23288
26183
27038
16742
3978
15535
5686
20376
32732
28120
12306
27891
2380
3778
15193
13186
20467
19713
908
23994
6843
9155
32068
18761
420
14645
21018
3163
31734
2666
7978
17639
32232
3071
3211
10620
31085
23854
894
30769
11565
11689
4806
5435
23603
6479
3988
17764
31121
9221
19855
29955
27976
14780
19112
13121
14309
32020
8969
28936
26938
31931
23688
17236
7245
28700
24632
703
14897
5683
7826
17018
6657
19908
25129
5410
19852
26848
31460
28601
22379
21646
27382
16451
27696
31156
5988
31731
7800
16429
2900
20715
10021
6452
25054
11415
12643
20708
28253
28608
16927
7097
25867
30629
20829
1338
13998
32425
1600
3920
14864
9479
22333
31060
30891
21373
16448
783
6767
2534
17179
2897
13215
9875
26396
9159
9115
24888
7160
6268
21477
27003
6377
16990
1068
21764
5561
16453
9337
293
27970
29097
27356
6700
21045
15738
19444
7109
7210
14958
23874
7639
18144
7620
41
576
16752
26632
13675
12143
20057
5092
18138
4224
10579
26124
3416
11330
17990
30322
6686
16335
25040
18372
12776
28547
11546
17363
2064
1251
28632
7149
32496
12656
1124
1948
23373
4867
4492
6660
12158
11851
2928
27407
23229
9261
18204
24447
19773
7089
4151
22421
3225
22739
20954
27955
5610
4225
18126
6321
28407
24975
15759
30262
21090
32401
11532
23626
4110
14013
14786
28329
1655
17166
19527
26598
26487
31893
18881
17562
22190
13545
23707
5014
22550
7248
26947
11520
26044
4191
30289
30791
30763
19044
11275
12722
8719
29143
22319
29517
5482
22183
19971
6927
10331
19729
7580
16536
15046
23663
5544
32178
15753
30989
9616
30361
29412
24671
11309
28210
9232
29037
10374
23775
10456
31714
15882
5321
29896
6064
9594
23582
31768
29168
26953
5235
6533
16215
30373
20906
8277
23320
17279
19335
12982
23598
17092
8698
5053
4373
31363
21492
28515
20500
29680
7808
15217
10847
2537
26772
26863
1136
8801
30716
23061
9401
8046
12980
12750
13948
20827
14941
3011
15761
8058
7740
14233
30274
10556
11122
9307
25588
4803
10462
25800
25310
9118
31912
24631
19286
28170
29816
20078
25686
21450
19860
21029
20212
7043
1604
31655
28825
14281
10607
18115
2280
154
7663
26738
17427
5257
1382
9995
28274
25778
20078
2748
8423
9723
24141
30939
26690
19140
3160
19115
18674
1557
24320
12474
15809
23630
32733
8059
9231
31651
7311
11014
1193
13764
4022
1071
7652
23718
18834
11780
8994
27403
1067
24317
12863
11566
8976
7025
8597
5864
15227
21913
831
13665
13852
4857
27941
4163
1576
11594
14135
24249
32600
27549
12387
10774
15027
27467
30723
15871
19067
11560
30923
1026
7760
7170
16889
25479
23048
14275
11926
10673
32036
27847
417
15702
10636
24977
3050
20477
11464
27756
7190
19553
13793
26596
24709
12832
20712
5717
622
15423
13809
25000
5875
27446
31174
22697
12986
24608
17080
8658
9306
19915
24403
30045
3009
4931
15330
17334
24890
5392
24170
17354
26775
12426
28067
16915
5442
20664
31771
1861
9742
6088
15907
21326
6064
4230
12289
5015
21536
19014
11561
24178
14265
12675
2698
2637
13033
19771
19189
17310
37
756
26103
32712
4855
22644
15349
24625
23497
28603
18792
15796
7698
24575
29989
14311
32196
17693
24322
17700
16401
10517
27831
24679
8705
15219
6608
26369
6037
11559
6146
19996
389
9015
14284
28534
28433
30901
12113
11856
4131
263
20893
17590
31004
19432
525
6272
797
2213
21477
19283
19498
10909
1392
29631
21388
6468
29287
17880
8932
19610
27382
4856
12592
9029
11910
10691
2649
32236
17576
2390
2968
25624
31046
31990
15168
24209
4489
9168
12500
20147
15888
20021
4894
25539
4611
26849
2399
1481
27268
13361
24349
12096
25389
17619
1804
20563
26195
20516
4109
28581
15862
12715
9643
18113
1352
9835
20224
4071
9543
30241
4999
20618
8415
4068
27112
19435
11131
2213
8844
26398
26829
25811
26023
20826
17263
15994
18662
18480
2570
10368
15529
6883
29658
11486
2914
5188
9080
5346
18274
12922
9346
26503
2804
13910
17537
5339
21101
1584
9087
18715
22741
14508
863
28092
20230
1550
2064
27360
1781
12991
13211
2680
15540
21376
20849
12263
13534
21451
19103
16384
19280
22408
15699
13277
16983
3400
152
9485
10139
21584
15049
23428
16087
30457
18141
21181
5033
16406
2805
19914
12364
10459
28087
14377
5579
22890
18934
15195
13859
29460
22351
22250
20935
17441
23418
16866
32175
13660
2839
1870
25985
13006
1860
6361
31473
22224
14215
11940
14851
20576
620
12729
3808
32537
4925
22113
27519
12833
13686
28338
21030
21667
3037
7057
15861
20098
12313
10244
25647
21183
22733
14485
8979
1521
4979
15798
311
9313
9464
21063
6992
25434
27327
2538
14025
31736
18982
20977
20367
32200
19434
460
15853
23176
21549
25175
30147
31163
31594
29739
11875
25768
16137
1931
20883
15361
3674
7097
29342
29270
25458
29185
916
15599
21067
10835
5008
18653
29917
14665
24569
21067
3578
18670
10289
18363
18994
6352
32233
1184
1668
5093
2919
26813
9896
26441
19724
2069
23863
13683
30285
17468
30886
31319
16017
21639
12270
25068
31081
19690
1290
18469
4360
30064
1245
9356
31598
19641
24537
19314
19688
3012
4185
16398
10728
27319
17936
5609
2622
14894
16504
9851
18330
17346
14875
18301
18979
21927
3017
24781
14759
22980
962
17403
31342
4630
4534
7073
10034
6193
29219
3940
9060
31171
10788
22573
8190
16853
1250
14782
954
20920
24298
11104
1353
20198
9152
24697
25976
23076
19977
9982
28065
14305
3666
10187
14280
29579
29013
31889
1319
14045
9544
4232
10725
3511
13545
15654
25632
14072
26224
15088
25917
30983
23008
12166
18511
10770
1837
23320
29520
12404
3449
11888
8022
13810
29125
15034
1348
4518
15408
13866
22100
7976
4447
629
27034
13174
13409
24131
9207
1791
31721
8591
28926
10602
7116
14184
19367
11653
25945
27493
5059
602
31696
12138
758
28560
20766
16862
5359
3669
2127
15679
22804
6789
5974
13807
12345
22996
27265
4449
24528
29546
15260
14770
24463
28504
20632
8510
17312
4204
629
25331
7982
18514
29953
26596
9596
31601
21692
3411
12602
26010
22762
23642
17985
20744
21468
11336
26201
31374
13722
10391
29513
9028
11212
11417
26960
5877
7508
4765
18418
8801
17588
26805
8170
75
21423
15451
14190
23103
14899
30053
27177
5051
23117
11873
9460
24054
31507
10860
13834
11759
20636
26796
9359
21136
6305
19587
22696
3406
29763
29189
16640
14431
14502
7715
23684
21288
5380
31045
12210
11552
24332
24238
11609
2264
26851
21482
29767
29722
30337
18490
16985
12966
30558
28668
13068
12125
11585
15422
18293
31726
8560
27450
21501
29101
30245
30953
31361
16959
18675
28979
7863
25339
6776
8746
31501
383
9638
5193
8843
19906
1253
16051
22408
16336
14322
883
12977
16360
3964
10109
283
31705
25901
26004
11532
17391
3494
25459
25852
5215
16627
24610
17974
10228
21159
16024
17563
24920
29394
21760
22940
15527
4974
32675
19355
15840
16611
2528
16349
1645
24464
12528
3320
25682
25512
19568
23561
19673
26461
1181
385
20104
11017
15637
11651
18030
3417
31685
20336
2376
23760
11064
22467
10704
7838
32502
10680
29633
7565
26074
30438
12095
495
4882
14540
8605
32070
4102
29749
10455
7317
22951
28036
28792
278
16834
5694
7071
7230
29413
10373
24358
31031
13234
26607
26638
31033
25568
9139
27423
14349
32670
25681
24502
28165
19736
27646
23549
1000
11845
27969
15425
22468
14970
5645
31275
25525
24029
3494
28908
28742
11138
3640
27005
5871
12160
22950
3423
28657
7899
30613
28115
29635
11925
12589
2110
15839
2727
18647
21540
29992
15781
16850
5074
18382
7747
19094
17003
15071
3111
14032
3899
32274
2866
8847
23163
4869
21311
17797
9756
11073
31475
208
1230
25109
32712
16692
23274
5134
30804
26570
28098
30507
6487
19929
3209
29161
19935
25919
21847
17190
10165
11546
4939
18120
2033
20379
9778
18167
30475
10265
18112
30305
25387
4682
11196
13750
8755
5116
28041
11041
2426
22603
32022
7624
22037
11385
18197
27300
7775
30109
32730
26069
2075
24578
7366
10263
2456
15708
24505
25840
10146
466
32532
11489
2512
28090
8888
17999
23891
4879
8248
18034
25318
14718
1472
17480
31617
16139
24568
16576
3382
20104
11770
26074
31088
11058
20455
22274
32580
20643
26640
29278
23574
16852
18423
13744
30408
30354
164
18468
28363
1735
21789
3248
29304
12070
14008
8922
667
5603
4946
27044
18590
17079
27454
10594
20897
11015
152
12818
31783
10452
20065
28331
7993
4019
8524
24115
17242
18541
6799
30040
7806
23801
19164
12634
24348
16937
24571
31941
25255
17951
5974
28125
11821
11798
3928
10165
1202
14796
20
21813
24831
11826
3659
30478
8943
27219
19498
23380
30449
24750
21039
28270
7358
25911
31692
3875
28254
18933
7591
2543
29221
11468
22765
694
19532
10333
746
15771
6805
29358
17245
8164
4672
8229
7287
557
20303
2603
13511
25807
540
18406
15699
23213
3765
31224
3190
30103
17642
5228
7185
5019
14893
19992
26097
2188
3280
2636
32538
30347
6928
20563
25789
13027
24780
29535
12999
139
2597
29094
25284
31976
32499
3697
30717
4121
30890
10326
3558
32598
11820
27143
6261
26770
32017
12359
16823
3804
20420
28617
914
21317
7636
13424
5686
29307
26329
6990
13064
14823
26179
4047
9725
29084
3549
18215
5116
3353
17289
25563
32569
10504
3935
10716
24940
12155
10255
6935
13448
21124
12018
2899
20541
17192
28244
5684
18584
4128
9522
29639
6824
4674
13606
27577
2211
1674
6326
16492
4207
25729
28622
13981
11266
8676
31505
17070
1072
20995
11510
14132
13792
13602
31955
13786
699
2874
23035
22946
344
259
29984
29482
18090
8139
14674
23357
10341
2870
11583
4601
22578
12093
29846
16420
30441
18914
4533
30912
2342
18654
15324
14989
13780
4883
9073
11050
18660
29940
9309
11999
3884
24393
9756
25119
2735
31136
22981
8678
15946
2599
26563
28962
14023
20742
28000
16989
5046
30657
18258
4739
491
19614
22105
24945
8349
20722
22681
7539
23951
30633
7197
12578
7661
22779
326
19000
26517
7312
19176
13515
13120
17786
10871
11949
14526
10340
10966
20388
19766
15552
19719
32468
19147
2217
23815
32124
12706
31805
13184
6238
18292
24476
20385
22229
23708
20807
2033
10040
24830
4124
30466
29159
28257
1748
10667
10782
18505
14423
5332
12417
28998
32409
18086
13354
5839
21462
3465
9583
31153
4007
23866
13598
32245
6769
20423
21999
2168
14184
20817
14364
32576
4514
30974
15077
8179
11098
23173
9724
11282
16277
23962
204
18856
2816
17569
14813
1163
18020
23295
11516
29219
22811
18160
16196
6697
15619
16144
9789
31267
26086
1133
2411
1416
7840
27678
16745
23753
11562
24840
22277
11110
12962
17221
12551
7198
29450
5795
8490
32190
19682
27643
5034
30499
12617
18458
11071
20525
21337
26572
16024
25837
977
22210
3690
28143
5563
30920
23221
21010
24660
3309
8493
14580
16211
11685
28958
2660
4962
8704
3808
32232
8359
12706
7485
9956
11602
32412
30875
10693
18460
25552
7987
10836
18593
8445
3677
12501
8203
25100
6219
3239
21644
28133
10886
2103
14376
28794
2829
16868
26487
24920
4715
5836
17622
32092
1650
16124
4442
9122
3739
24330
28766
29931
26138
12407
18775
30637
30413
11395
13833
1933
8201
1946
32449
24648
32314
4382
1380
4061
11117
7064
10382
7816
15204
3144
4932
6494
26597
1065
3426
27295
29267
8457
27364
17875
8898
5801
26008
25891
31594
25242
4613
20486
30998
5566
5112
21476
17393
27182
26609
12840
22053
3309
14712
18403
27559
13792
19195
314
20749
760
4132
22419
26924
25810
31722
21963
3051
16219
19157
8319
28522
24750
12948
29238
27454
31799
8182
12069
23218
1811
25302
26511
10936
30591
7693
24099
25216
26216
1702
28846
11590
16444
1679
23384
26892
27529
11090
16894
27910
13714
21808
18160
10944
21217
25514
19334
24646
1206
16572
1146
14378
22659
31349
13639
2299
24941
15281
11345
26246
21350
27408
8198
14835
23454
8956
7527
4915
20137
1013
28827
10193
7316
26214
19609
22001
24265
6367
15754
7966
26180
14452
755
11095
28441
30107
32201
8049
30419
29215
18313
21118
10703
4868
22536
12140
10069
29047
32029
12735
22680
26145
9998
22330
12577
8072
3331
12811
7763
13345
462
4901
2562
8
8336
10944
8693
32602
20526
22220
18170
18162
28239
21514
3081
12478
31954
19660
23067
22442
29917
14526
1736
11910
25844
11423
17929
29373
20350
5970
19444
1408
5415
15793
20788
21368
6832
11839
26525
23756
836
3795
615
25229
27154
567
17224
7693
12908
15056
23494
20812
2181
29794
16795
6177
18917
14398
3513
31716
1042
31023
8516
20155
25620
22851
7372
15025
23503
16653
17195
11981
24037
32443
23473
28885
22039
27149
26652
25769
27770
24874
26636
3972
20965
23179
30942
4880
17342
2161
23651
13568
6932
26985
5207
12419
28635
20939
8306
63
4789
21059
29465
7260
18453
809
24773
4687
5359
5017
8521
10739
28599
20363
20549
27043
14143
2733
16565
21934
23824
27433
31405
29952
29291
2345
9937
31664
31184
32320
15846
12351
28199
6501
20572
13034
13899
21937
22811
3351
17961
10694
19828
30792
31232
18801
6413
21426
18304
11255
17716
7399
1432
18568
16482
12543
19397
3366
21220
7172
3949
25521
27162
11467
10209
4907
32753
1395
27190
23296
24838
27693
2382
13783
13080
7156
27619
17319
28318
5808
16217
24364
8917
12732
28588
31363
23581
12737
3564
21653
14462
16750
14138
3601
14541
29754
494
32648
19821
4869
32431
26258
25774
29203
28370
7489
26331
9653
21699
18007
16661
22739
25796
22532
9464
5073
15378
6069
3580
22034
7003
12316
21890
5900
13330
7754
15193
3474
3005
15944
15424
5381
25223
1850
7137
355
11221
27644
9561
22689
17340
30434
12314
28695
14562
27645
7444
22088
8333
32139
12133
23013
16755
7733
14939
30703
29304
22829
19075
9049
20570
27134
26216
3370
31
17350
9795
19577
9114
22329
8321
21780
28675
16549
11956
18522
14583
195
23213
28797
18113
16665
17883
9941
30795
32551
20259
28328
15728
31999
26441
19687
13256
101
5847
6192
4489
22635
17036
22266
30475
26042
4373
7890
20548
29597
17751
25049
21575
1122
15354
27422
32388
19988
7480
6507
16823
10704
18721
17146
22223
12437
16152
3720
17293
6302
18778
25189
28589
22856
26555
15765
4198
25821
23672
4495
6833
15393
23053
21280
25855
8539
19390
8764
18507
31423
12467
13321
10955
11303
30234
2637
1667
22783
4562
15581
5211
8089
2041
9590
3448
13630
14544
20442
18469
9678
31945
11902
29698
17154
9673
26190
31133
26597
9637
19958
7485
27995
5485
1506
29360
1869
14398
6461
12822
7972
5834
14529
4449
21198
18103
16002
32348
29696
27006
1305
23946
9829
11529
2103
28372
7897
31791
6611
13993
227
26221
24185
9029
17913
567
24343
28207
15673
28628
30335
9651
5222
1497
23495
19108
18834
462
9012
15424
31662
31138
9752
1610
15719
22636
12656
26131
18002
3775
12096
29842
29613
6479
3982
25066
23252
26029
22738
27948
5081
2327
9183
23734
6408
4341
25409
23649
4217
14813
23619
28480
11711
18149
13794
22633
17539
27058
27005
19511
4193
21813
13708
23231
18092
4959
10722
8572
7450
3287
12499
30533
19258
5186
1730
21647
18403
7867
30608
6231
3860
12338
15259
5636
25899
24814
9911
1697
29571
9131
18099
5909
3292
11670
32406
24751
25463
1571
23132
28732
17266
6499
18541
26668
20501
10060
19951
9733
11696
22303
2554
30725
32346
27989
19421
30201
21504
6550
26871
28228
11971
22308
6728
25007
28040
17545
30664
21096
9668
10598
5974
12070
21752
9311
6473
1875
28379
19468
2569
15996
31516
12721
29585
18672
18329
18080
3323
17228
21178
22176
17219
2494
12218
21444
1540
9067
8187
18456
16005
7067
32391
13759
15732
15372
5863
24100
316
21886
24567
25922
27967
25818
23897
21171
13472
26579
32366
27810
17492
32721
15584
28934
31108
23248
8212
121
22345
8649
3760
14786
6406
23693
15180
30632
15941
16850
17831
29936
5591
27791
16812
18190
6677
10923
17215
23920
2500
6383
28262
5826
4290
19600
7540
2830
16234
22631
13772
12436
23797
7832
14081
4855
869
22921
28607
6355
25853
845
31760
13697
22193
25901
25492
250
30106
26341
15219
27483
2083
27179
8576
20685
17175
26820
1276
19629
24232
32210
23398
14820
3755
8172
31570
11012
16522
480
5471
14624
1580
9617
13227
25788
22282
31663
28524
30711
14946
24797
7263
10043
4832
23689
23144
11400
19525
4361
11872
15446
18773
8161
28555
4344
8735
21008
25024
27067
25841
15226
12403
23476
27395
10641
17050
12367
17362
21011
30518
20635
5487
22781
12656
20594
26174
17976
15165
9212
3702
29417
29678
28071
28574
3822
29066
27722
29316
17769
5095
22102
19551
12306
29258
32659
4245
19950
14693
20838
14854
11586
22580
4150
9459
9376
710
21151
10895
24326
32167
29467
16152
23672
952
25911
24328
27803
14190
3777
11095
3388
23350
21752
5405
12380
6153
16528
751
24406
1711
31886
32086
12578
16484
7370
17330
15550
25940
19696
26093
21586
26917
5267
5580
2214
32216
16861
13179
11817
27030
8125
3271
21370
14005
14589
4045
11536
3785
27205
16239
7891
20413
30050
26022
26245
18400
23808
9995
16196
16315
4624
25178
31744
4325
24016
10845
2904
21183
20642
4427
14510
13324
11727
21850
23507
19597
15768
14550
18380
7707
19371
30840
15429
4237
1019
1060
4166
10358
563
14755
14191
9875
9491
5423
12955
4084
14347
9857
7797
18431
6529
30477
18972
27083
29685
10199
18063
10626
25481
1488
18471
13198
271
27753
26382
29472
29315
9260
29531
30902
5170
5681
29077
23114
8520
14927
29699
16144
2511
21568
22838
20844
277
9407
29054
23367
10711
231
668
8885
14203
20532
809
12845
10400
14750
25163
31161
5117
5549
20685
15306
27139
23417
1086
19443
28593
11510
13364
23799
6180
21181
12289
25521
10651
5426
14760
11366
4321
16191
17583
22093
18160
3786
20810
32405
6135
31835
14964
19238
11456
20278
3427
1535
6228
137
3365
11658
7145
12169
17080
18394
13994
22689
4658
1621
7072
11081
9977
23734
14368
4914
17169
13916
32208
9743
9120
19109
56
30443
17249
24189
7606
22588
12649
10303
17272
841
20602
374
15014
23666
22265
22341
13609
10686
6797
29133
31229
19309
32305
9432
21692
27347
18563
6245
22496
11788
23387
5376
5348
8488
18933
20152
13054
24883
29094
21297
20387
15134
23745
31855
9894
16250
18626
1492
5987
28734
3024
15924
8663
13053
25556
6693
1392
31556
31385
18585
16672
11051
4568
2756
21366
10548
32506
6760
4362
22858
10535
11158
8267
768
26407
32265
23768
7
18874
31378
10460
21148
23646
6502
5191
23883
22273
2310
25152
13275
19000
32358
24704
5123
1713
19596
17580
3356
27615
11163
31732
16392
2938
4735
23785
32466
26531
14137
28764
4943
7067
15566
26247
10107
20145
22537
19120
12837
2031
12440
6575
18698
12544
15600
7529
23600
2809
20525
29706
30419
21426
955
30869
11387
26139
3934
21653
31156
19342
20529
30845
9210
1636
16383
12565
16065
31278
8829
17584
26746
871
19791
31064
670
25070
6077
26978
32216
3805
22078
25118
25031
4182
26231
21567
760
17352
26465
796
5731
17943
25217
20625
21665
4768
27553
23356
8293
29214
18950
17991
4802
20533
18303
28914
480
14308
29274
3536
28291
7150
14716
25799
26214
19523
3569
20661
29964
22079
31398
1333
2559
3274
3075
1132
6821
7566
23279
14806
12119
20392
23756
21427
5855
24826
26950
829
15285
21952
28301
18555
19606
15365
30756
18496
27838
21550
19504
27462
21834
921
20148
14965
16806
6796
7120
10605
19871
4359
7427
21829
8999
22478
18470
23590
1598
18314
31375
24987
31958
28202
6633
15519
9679
10098
14215
10976
21482
17875
9234
18920
30297
19162
17941
28024
16633
22016
1679
31483
9251
18463
21689
22372
26331
32619
5625
21798
19278
25213
26840
4484
30934
25045
4518
376
21129
28086
23525
12649
9831
8618
15955
21022
19883
8573
19285
30698
19450
9107
12367
30152
22677
14082
10849
675
15579
28117
26226
3486
6697
2958
15647
25760
32447
15538
15528
6887
12792
8904
20724
24716
1726
17914
12638
11855
3661
13371
4627
18821
26952
1932
24469
19919
31217
14551
6259
22959
10973
12361
4808
32017
8802
10759
28896
30691
9262
19815
20699
13748
349
28981
9563
3729
27563
9853
18111
21152
8892
9597
21977
513
3838
4353
2392
3136
16734
25958
702
16854
31346
15492
10283
11931
2158
13406
15378
28163
1818
13136
17934
30688
31081
15877
18172
23465
9758
17990
9222
32680
29011
8662
27977
5880
12272
31066
27516
5521
16034
26411
876
3414
1290
17951
31225
26630
463
5669
23825
19356
14647
13241
14752
10895
26012
15175
29137
28958
1014
31855
13730
14461
32348
7174
29976
19525
27552
4154
7865
15465
13819
15899
32233
15277
28033
4326
27691
10673
1016
23176
9207
145
16426
2728
7850
15333
793
1548
23242
27838
21309
30433
25165
25724
1825
17384
22319
3442
13177
7897
1960
5302
31506
31438
10490
13828
10831
28519
22819
22491
19737
7931
21539
6490
21856
19673
24915
10856
2305
28299
21109
7341
24302
28207
10774
25587
19146
609
5203
18873
2571
27875
21276
20703
32737
21820
28614
16613
30332
11709
22532
3852
1780
2088
26343
473
14826
14413
11080
3478
29248
26693
17301
32500
13123
26363
27776
14903
16900
32072
4348
12235
506
11528
21692
22531
20995
18802
31906
32684
22319
11264
29570
15589
18112
6495
20855
5027
17735
26740
7850
28628
11655
2985
2654
14498
8582
16835
2838
2709
7995
20489
1405
31057
16173
28813
306
25437
11818
22197
29612
31365
24090
31299
2407
8770
4975
18316
14103
27104
31365
2903
1184
1991
29016
24149
26179
32183
15295
12950
22171
8222
31262
16901
19090
13296
14357
2115
9337
6748
2955
22485
13173
1389
28797
17048
12746
25888
23795
20369
2621
10271
19897
8093
17258
24011
13729
20198
32468
18898
19906
31259
28668
21434
25140
21973
25944
6254
6411
11277
4007
31706
20939
2168
2758
29505
7042
1433
1439
8409
6188
12565
18418
3412
16702
22122
11058
31056
21684
8789
10101
25816
5919
2165
14363
32506
30789
7484
23132
26957
10653
9211
14906
15375
22996
4336
7389
31314
28162
3796
28526
21685
16338
27457
17662
24409
24401
32609
25591
29691
22103
26235
11872
32391
28738
11620
28954
633
22152
6277
23066
17597
10808
4287
18277
15792
16390
12499
7535
25906
6847
21762
12997
13740
19460
4156
6180
2278
17710
1554
1727
3759
15354
23605
21249
21938
18447
7859
4213
13390
31595
9217
2006
12652
15998
15357
8127
8932
6880
3622
7934
29127
28163
3726
16340
20306
13707
7689
32250
2427
4381
26441
10253
20497
22815
17488
4418
17174
31601
30061
31656
25007
10625
28438
15918
4031
9296
5939
3459
3495
26099
18742
19072
17255
7993
4104
18452
8525
18108
18441
30955
13354
6032
31840
23958
23506
2438
22289
20920
12958
14981
14069
27813
6043
20442
31147
13679
2450
8042
1108
26306
14845
13164
29338
11819
18447
12052
29666
22522
15451
14580
18250
2754
13180
16971
11944
18621
30656
19961
2618
604
6848
8740
10259
27968
14109
9503
935
19613
15690
24770
10690
3936
6225
1170
32500
30040
12648
31042
28706
28445
15291
28197
6531
4229
6933
27720
11267
11321
25796
16016
30430
4655
9038
10492
4262
7593
11153
23392
27419
13395
21700
26393
17784
8322
12099
3067
1903
24090
30161
31234
13931
21125
31087
20769
1425
4521
18772
2515
15473
5701
23165
26403
9625
3821
4240
20069
2824
10020
11820
29058
14042
11487
7821
15229
15610
19301
30121
28373
4595
26630
32260
30404
12375
29328
5165
6499
12735
26547
10631
21468
24387
28482
6067
22228
31573
25235
26471
18983
29829
5812
27959
17761
15285
4626
16161
9221
30490
9279
29936
26753
25268
196
23894
7995
26078
20352
17074
27255
22710
6451
23280
4028
29086
25527
809
24527
50
21217
10653
15778
9455
11473
31145
19721
31264
24648
32464
10374
21063
551
18551
10970
2299
19230
22631
248
19337
18856
26687
9323
6418
28404
11970
21021
2091
18539
32125
31644
31970
27673
9289
9135
6628
13325
19187
17550
9516
16946
605
22970
27888
3681
31681
23156
30624
32317
9228
12948
10440
1294
20054
29921
24263
6042
27825
8067
19432
9916
1048
6721
8345
7364
8417
10539
10651
24171
11035
21699
21881
12584
25179
13818
28542
21884
29116
29799
12269
25565
2535
32094
13611
15915
5010
1935
25947
23282
9708
25756
19277
16349
31066
19889
20432
3470
25329
2221
3543
28324
4425
25655
24867
23455
25713
26037
23256
14350
17061
4810
2047
22915
7074
22364
19919
11622
12805
28740
22349
31343
8793
20724
10523
24829
27840
30579
7229
29158
1886
25309
8446
10414
14195
13036
30960
7548
21635
13045
19267
14294
30282
21153
30676
12118
26837
30116
5788
3710
8678
21461
2971
20920
24605
30155
16975
4971
24447
18458
6610
5530
15556
11363
9648
1628
23178
6158
26051
13679
29006
3283
30229
12068
4148
1248
4092
22327
6138
18463
27405
20052
26730
13670
4634
8340
1249
17027
26759
15919
7051
11147
23713
16666
18644
2887
2502
20107
22356
26082
12987
29271
17946
17575
24934
25999
19983
14123
17540
13109
8381
13411
23511
20840
10843
5701
27319
21417
13793
5967
13229
25313
11007
28520
24427
23222
15877
7981
7134
31887
1327
13189
26511
11343
29644
1815
21345
24397
2526
4247
30219
8329
8252
17881
1571
15165
29722
23910
4660
7716
32057
23477
5215
16679
314
9867
29678
22339
17262
15733
29988
11745
16460
25282
7645
16195
26155
23789
22555
17134
9678
10839
15083
16176
465
16436
24514
10139
19189
20185
23560
13129
25789
4492
13088
4806
5226
11298
15034
2580
1515
13247
18151
13206
23935
17705
4932
31356
12880
198
26873
21674
26721
4786
23344
8046
4821
26829
17649
5631
3592
32101
2710
26041
30423
20648
9322
8712
31560
22900
8359
5280
9673
7874
22548
3748
23241
25389
75
22640
25859
18833
25163
20785
12330
2307
28581
5976
1920
16476
11540
21569
27193
5243
28348
11047
22337
448
8036
22218
9824
13214
31035
7352
11384
6765
17969
6411
24291
27168
14278
18117
13797
12598
25033
9896
10984
9113
11505
31483
29884
17034
222
27776
19978
27349
25821
28555
21027
6042
24003
17876
10057
23616
8751
13831
28283
2383
12972
26345
21467
17309
9439
17760
16123
9767
5584
31252
16918
1228
9103
10158
8720
13225
27360
16536
15186
3929
3309
24086
27185
26269
3773
19887
22985
7213
25611
30419
1537
30891
19491
21362
1447
6033
14923
22719
24312
7398
28234
965
13857
30785
31764
7950
27500
7235
20588
20761
15149
31382
11116
31325
32579
1056
27317
28621
2154
10330
25377
19656
16482
27082
26451
18786
21923
24664
17426
25308
25711
1621
15605
26617
15869
26761
18559
31042
10144
9941
21780
5322
26329
1237
22399
21859
16377
12877
1216
15828
29552
19406
12491
5299
25220
7261
12942
11061
31978
1618
16663
3129
32125
13854
12796
28816
4988
29051
29991
13139
7061
11126
7466
19182
19385
22361
4031
937
21106
23634
19762
11244
6676
20669
30336
16222
31257
26588
11374
20736
1954
26487
29861
31809
5762
14559
23395
13536
19769
6869
32745
19859
7373
7430
17093
253
10089
1547
25831
20468
14551
7836
14723
8939
22041
22680
19587
5333
19834
21353
4461
4295
1784
30041
5413
7440
32046
17117
13176
32014
24020
5094
29711
9041
15186
7741
3999
15510
3662
23112
22844
28138
24537
27287
7656
4714
24856
14207
7310
19884
24845
21115
11102
29178
5721
25880
14860
23111
5126
1936
4738
27669
415
15209
6669
11335
26558
6480
14598
11523
4375
11489
12855
19436
17035
32581
32192
18411
28711
13237
5313
17785
11567
27538
31694
12329
11867
8541
11090
29274
18899
3971
24076
22818
3214
29363
20373
1913
20765
10084
30191
1484
20181
19286
17648
20824
24888
9927
16173
13925
19979
10236
32533
32448
6494
23490
23096
24876
20689
25812
12743
176
9531
10745
24965
5383
18414
32100
12052
8626
15209
15497
13419
29892
15101
15610
16894
2117
7851
28760
13386
3833
9802
28351
15315
30645
26163
15389
18158
21016
11689
27903
22991
5989
27935
21472
9025
27774
10086
19808
9535
12838
4321
12523
10121
24804
21831
12888
12872
1356
22271
17338
6151
123
5556
22119
28324
23866
9487
2057
28649
10066
23273
27010
24845
20273
19012
22439
12236
2451
23152
30180
30509
8795
27519
10559
18395
7586
10116
17903
31870
7608
17901
28985
30498
22862
29292
23612
29003
24109
5590
26338
3920
23766
30380
11399
1793
14821
19437
32657
7756
21366
8001
20525
24020
17203
25828
7388
6125
17241
29507
28481
31711
31044
22666
6644
18811
17650
26508
15179
20787
13539
10239
2526
21949
21517
29088
11692
9022
3024
9235
7515
4280
20774
28485
20072
4072
2855
18388
18860
17620
8844
7960
31904
21810
12532
26383
12225
26502
13588
7570
8742
23541
23826
13251
19730
4248
28773
12461
23933
4379
31544
20637
20350
27816
8175
493
15773
4980
25960
750
22415
8658
6634
18883
30280
685
18130
6097
7170
3095
6755
7104
31280
16098
31840
14762
7805
2568
17735
28196
30808
14743
4664
1230
22085
31741
11748
24204
6598
1624
2592
4865
25272
14947
12262
18595
30198
745
19904
29274
4634
9393
14132
21390
12845
29095
32407
29288
31825
16623
21627
27699
29766
21606
30597
15579
6837
13803
30076
29310
4930
11367
4593
1400
12829
8706
13999
5827
4807
38
9488
7785
16807
28096
30743
2842
1751
22811
3893
31216
19560
11178
24752
28363
28039
2135
2399
5832
8258
17727
25038
10979
2274
11956
4377
27689
28700
5444
3586
11037
17270
278
8022
9659
10543
12080
21396
17745
11938
28250
10410
28810
18961
14184
17381
22684
24032
32426
332
12009
2198
15909
26531
9976
14528
13253
19667
16113
27340
502
15975
3644
5977
14814
4746
13518
7396
3041
21524
29509
20535
903
32126
18735
25595
21773
5273
10945
27255
18608
8404
6725
599
32409
28487
1555
27362
13865
30712
22709
30481
29576
23116
23813
28170
6556
27091
17920
3935
21502
24651
20718
11976
23119
29455
8719
15531
15978
2191
9016
12773
23764
22821
22288
23156
7965
15162
23514
23166
27757
8148
26041
437
867
30918
12732
28072
6702
7824
31599
5082
22284
20654
17143
17324
4371
6844
9853
31895
29696
19163
2849
13672
23181
1105
21608
3544
23158
4422
4441
13842
32158
28131
2443
24178
31189
4723
3910
25436
666
11152
12863
1590
25462
19840
5078
3990
8069
21519
26183
29437
18893
10974
16277
11741
21430
8102
13728
32316
23431
19318
262
15941
13433
17917
24266
15707
17179
21000
7879
30832
22386
29887
23382
4600
3085
13706
11951
31116
25821
21709
11725
20145
24393
20841
31502
20609
18914
22752
9794
3802
7383
187
12175
26863
29301
31423
3758
25029
25209
26315
11008
23330
25922
5046
18747
17087
24104
14585
29547
32197
12713
30842
26178
30493
27411
15195
26229
26734
13168
21121
13812
13448
10654
14279
8486
10187
15938
7300
5090
17488
6815
26751
26960
25806
11624
25439
18169
3150
14412
20780
15663
7605
2474
25228
16875
6057
22883
25891
3143
16739
19001
5232
8735
11311
23130
5997
28443
13287
17290
28496
28636
20086
23973
23226
22456
23875
24558
17784
2553
13573
30606
6001
20613
17021
3092
4456
30203
22860
2985
20135
20737
30285
19824
1460
25144
23577
2792
3260
5065
30776
11704
25875
18938
29508
16676
3785
6349
20944
7105
22028
16187
7810
19921
2441
22207
7635
27626
32708
10917
29193
32169
2804
25217
14651
1206
27935
12415
1195
19762
30203
3351
609
17620
16366
18608
13041
29689
25625
20024
1713
6308
18107
13137
9480
24280
4113
26206
23695
15477
4970
30818
2141
29781
3080
2820
24441
14739
16172
17589
6829
13998
20481
17697
7368
10173
15101
24366
25089
30343
248
25854
5329
32385
11670
16356
4504
1625
29899
1263
5860
29766
9517
3694
14308
15052
31400
20137
28590
26304
7685
11810
26852
19990
12779
26366
15079
25880
28422
22723
8663
23260
32303
13645
8673
11780
9242
7268
15329
1623
27287
30899
26984
12182
23433
15522
25344
8410
27870
22562
18378
25449
26032
11491
31393
6906
6639
20698
31143
32062
29411
5100
2436
31838
13560
20148
9843
13738
17404
26143
3472
21567
6273
23022
31750
13374
14604
2913
11202
7886
5529
14092
22510
5678
6338
2909
21608
32051
24984
25035
28822
22304
15888
3197
22972
23465
32741
18189
28220
18911
3633
30349
26252
12706
27818
27306
19146
15709
21612
2357
8750
1878
8417
6233
11548
24234
30244
16858
29287
2852
15254
17131
14706
7254
8748
27317
6038
22108
13002
26072
12550
6218
3550
25879
3244
28513
3776
15759
20482
6546
13882
5757
14949
17070
21752
22614
31756
20614
679
1636
14008
27479
21124
1142
24498
16096
16262
3323
15863
26750
31372
24861
7979
31288
1936
28348
31009
23218
1827
6075
7462
23481
1999
20120
10850
22271
639
27576
20515
20409
30153
14199
22734
18763
12706
24674
27701
26440
13563
20385
23545
21059
11437
891
25118
13119
6505
16421
6109
15413
8701
9463
2428
14003
8030
26236
24764
4677
17230
23480
25597
2248
14046
8913
21483
6300
19879
10406
15942
31061
8613
21097
10823
6737
5948
12888
29624
20827
19965
21491
11365
3193
185
19044
6522
27163
20004
13145
4101
16442
14055
3971
29779
2764
27708
9523
24896
16139
23351
11670
13380
21963
14255
9325
9380
1378
8495
5865
13725
26715
12484
23881
2929
32069
29669
32392
16273
8633
31266
20666
14805
26740
23355
23560
31357
29492
31674
10001
30454
11786
17666
5052
750
18015
1939
31020
13657
24927
7216
4173
8896
9572
15810
24612
32530
506
29406
2965
18295
28330
11902
11411
4255
4364
10330
7205
22471
16989
29274
4995
6550
27491
18838
21467
14514
4485
29271
29764
30941
27123
31781
6161
13701
9949
1094
3297
30431
13921
16443
900
825
296
32157
3307
4026
1956
7477
19139
22348
32072
5794
15960
7332
19506
11886
14701
19931
10385
4073
31642
9840
26128
19687
21621
3777
6198
22692
28960
564
25776
32623
27685
19421
31661
14515
30459
26005
25383
7788
31510
24078
3498
17745
8391
20785
17489
29946
27838
6585
17418
28407
12257
1917
11411
31647
28772
11929
32221
29075
4435
15079
30805
6813
7202
24351
31107
7044
30391
29974
24333
5814
8041
2452
10496
31596
10935
27672
12781
27141
15283
4330
5527
16861
13589
4292
14881
29837
28190
2857
27459
19375
29084
21905
12820
23498
5859
2880
32615
27631
31578
3590
25502
15959
8586
14427
13233
3550
27886
16987
12911
7540
29941
8291
15307
24775
1410
6559
24046
16888
27145
14724
25003
4580
6271
18007
25486
10387
9572
13602
22750
30959
20596
24656
28402
28503
21932
8233
6330
20204
30301
20686
1350
10037
7530
14668
21815
15162
30035
4419
18507
20236
19461
18756
21402
10670
17050
6938
9771
22344
6351
9830
20709
5086
28399
19613
25380
6861
27381
22550
11249
8789
31911
22578
7848
5981
14281
1518
30308
28521
24686
2955
28746
13723
21862
22844
13046
32551
31712
21782
27748
1775
125
26560
17199
28762
6431
4267
15509
19043
29944
2260
15830
7356
8261
14169
1838
12562
24558
10386
14571
7046
8807
26748
2862
18846
3496
7419
14469
5751
6626
29619
26592
17190
16164
25113
14320
1388
11582
25016
15832
32411
4532
16997
5887
13638
21910
29036
10397
13279
10945
18312
31151
31516
16074
4468
17024
20798
21523
18227
15626
15670
31928
31922
23927
29906
28963
22423
6811
3660
7707
27514
16296
5461
23713
4172
21895
12486
3410
26446
31407
10863
11418
5769
16304
10608
13117
19770
17704
32303
4493
9040
18729
16738
7105
28708
350
2461
5593
23793
25438
4697
23043
25319
10400
15089
22663
32452
29529
12503
27285
12286
19928
17749
5090
32326
3929
31565
27242
11042
9386
11799
26974
25172
25061
13534
21666
27984
126
23650
9727
13789
10909
31668
5199
24655
23229
16842
20400
14158
12747
22380
11197
27375
20214
11725
6240
4323
4821
22698
844
32534
14645
16268
16311
21969
32239
2241
19871
6387
3473
24379
8273
9889
17666
32415
26141
801
1892
25357
24525
23757
16866
20337
1542
17539
11260
5997
22749
11087
19014
649
1897
1194
4006
23792
24062
18243
249
5450
15803
30299
170
14799
2255
8084
15957
17972
27951
28672
11157
26782
19331
3469
7147
2852
14159
2389
4215
414
28109
17440
23195
20740
4304
12086
12433
18295
19
4076
9130
17382
4723
24962
13131
21060
15140
2915
15888
16841
15401
9664
18297
10681
16213
5986
25363
10514
29891
14905
11842
4682
14946
3956
6541
10730
32069
4868
31142
27087
20119
7777
13027
28669
27637
30664
18870
21195
18759
29940
6388
3217
4759
28687
32607
20227
22336
25763
15159
5408
25381
17764
11769
3982
28865
9236
28920
12242
31789
26542
18025
20836
4962
15777
5979
25885
26843
13147
16198
2269
2585
32452
24324
8109
30876
4644
7149
29946
10977
27560
7256
22522
12004
1489
31945
29111
27151
14868
8316
2616
2664
24542
8208
6139
7566
741
14468
24086
9150
10564
5409
8072
31652
11103
31632
29868
1078
1200
19760
10535
2296
26727
28271
7544
29282
15111
26328
14360
15664
19681
21787
19423
27012
7936
18810
13919
6235
16029
29682
22513
12770
10086
26740
14055
17373
24818
10022
10798
4333
21587
31397
18678
21242
1124
18030
1203
4066
8441
4705
14455
20992
24595
18171
27785
18859
18518
13762
14539
28860
1666
24922
20261
21731
452
2263
12430
10153
6001
13471
28764
22252
4839
16331
23360
5691
14482
17442
6947
23071
27862
15483
24159
23089
17415
13098
32281
22280
26995
26504
16180
18904
29313
19718
15689
17692
17186
10113
5692
30376
4101
8088
15960
17216
20712
25692
14311
10336
990
16179
30104
26599
19158
4700
16558
27089
3002
22657
6835
16898
1849
6432
31186
6559
27721
3725
5848
394
3046
5455
263
13293
25924
7681
14239
3918
11319
29743
5802
8786
6710
29871
20879
28602
23038
13754
28542
1793
29660
15276
25370
5622
29466
3404
11931
19872
30407
29630
21317
16460
23039
31409
627
17520
31927
18959
18371
28172
6565
19216
11575
9599
16281
30267
26216
21485
6051
17559
25350
9353
16213
24497
12904
11753
30299
28126
9578
7647
9442
6050
14761
1890
12201
26155
10497
12165
25981
28762
8748
31183
10302
28430
12960
676
28316
1278
23676
8189
11027
8346
9004
22049
814
25964
9218
16129
18429
18999
5001
32098
7186
6895
22
32693
20885
16078
18280
30519
18381
16019
9271
29599
4507
27265
28451
14289
7110
27511
8734
12422
7606
15912
21482
29434
15561
5407
9532
13134
1296
28532
19606
14139
22936
31629
21189
16594
23017
28175
31491
22078
21900
4922
19506
21741
20276
28215
2184
20870
12189
18739
21639
28296
15777
19118
3301
13097
700
30369
17468
27685
8604
23404
2728
18414
24228
14025
31683
30813
5093
23452
22347
28097
25667
19687
27217
7044
2695
9325
3457
31366
186
18315
1047
21093
3549
17486
27816
21329
8584
16120
7903
10586
15877
6098
11279
5294
18126
1889
22759
25853
21832
27819
4973
31144
26849
2104
18964
8723
31470
16631
21726
19835
16635
9127
29314
21875
27126
12458
31700
3055
1521
22740
30308
17930
3935
6651
4216
16052
27254
13917
28218
6695
22705
14363
13161
29842
6454
31966
24351
25336
6896
27726
27236
8474
24052
7231
12730
14752
26975
7654
16582
2088
24950
27358
11747
21832
28281
14712
31767
2059
30440
15246
17447
8136
669
9313
7160
26336
27449
26147
27121
2725
1239
2891
15808
23942
20802
6056
9700
30030
23561
32348
14396
30031
834
28309
9527
11104
1026
10619
16977
4192
11975
23158
4468
32568
14933
22481
17622
29636
5598
30912
7682
23809
16829
30397
24535
22172
30038
4203
14790
26025
28968
24618
23694
9781
18514
30707
21451
15744
18944
24473
7063
29496
23148
28179
5080
24753
32541
14565
3070
12195
5943
3391
28296
14693
30928
29758
16916
17703
21743
23236
11181
18498
10260
16494
21107
9683
15619
21608
24102
6381
31480
1092
25239
1374
25180
29085
1081
1614
22825
13718
3092
2254
20656
21629
28110
6570
13070
22902
12512
22001
24536
3597
23265
29899
15980
23852
891
16209
22966
1175
14929
24926
11681
5230
1151
8214
19177
24305
8941
1027
15043
19293
11901
17426
8286
29480
19512
3164
13265
22840
12537
26242
24949
22318
22205
22406
4185
15897
5122
26483
12633
3862
18857
3153
17081
15267
20194
10193
17022
16741
17229
29345
3858
27135
27741
20936
28430
29064
15662
28677
8547
22411
14656
22680
11493
18968
6837
27408
11419
20994
27743
28783
13123
20758
8995
7002
20709
31757
27078
7561
16740
24596
24759
8280
3159
29774
12093
25781
24850
3285
1402
26546
20676
5652
30941
3504
11672
10389
10177
27303
13470
8033
26248
26347
21192
8191
13398
8616
7158
22928
31721
23436
443
9478
31802
16946
28799
15617
31340
17230
8753
2738
6475
29200
30719
12436
18006
24125
7029
21927
26036
2875
7401
13184
17749
26579
28303
29475
5553
25129
17784
24488
3622
6582
12887
3898
6070
8930
2616
19930
32079
28736
9195
2152
23213
15426
11274
1423
382
12787
22606
8996
7506
17643
32214
7368
29074
26528
12157
11381
17112
20101
3638
30400
2979
6938
9956
26484
5121
11768
19447
1808
14177
12820
25927
3068
25925
20779
7749
10666
25656
28401
19697
13538
19521
6373
21222
12412
2400
27631
19180
10096
153
5082
28164
12900
23511
4965
32099
5135
27069
32433
6871
24430
10346
20350
1514
19610
22091
15896
27157
24064
30603
29900
25468
32154
23070
31071
8701
28304
14836
11489
25407
17264
8448
6599
30145
25526
2895
12307
30985
24866
17491
23495
23198
534
4763
20295
32028
6279
7827
23957
26868
2269
31829
25849
19880
25359
27598
3808
32412
23832
156
21158
2697
14640
2898
11111
7063
23147
9476
12599
27058
8744
12472
21922
14603
29149
13488
21967
18529
24892
25414
31149
12959
22764
16506
31051
1866
3798
11614
18012
8968
20602
24393
17752
14213
12052
20792
19036
30158
18301
22617
10583
23420
7713
8903
14874
19281
3671
24577
25863
30580
30393
3314
17477
15963
14131
4092
29231
9983
28018
4198
27105
31399
24792
6636
2882
30431
1925
9102
24131
18184
1980
10794
3955
18752
27331
28338
21594
7195
14512
8569
31323
1672
19334
21778
3870
6748
15595
1147
7519
31009
18173
14508
21999
5895
2595
31856
7663
20271
3924
16586
20602
12502
14738
24393
4823
18036
9956
8669
15939
29939
20080
8327
22981
5648
30633
27539
24704
23392
18548
20449
5007
29887
19497
12517
5138
28577
17942
19146
7008
28250
22172
8155
13678
1559
11299
3818
18678
16079
21409
1689
20456
9079
6105
12562
9086
15779
30482
7465
8134
23227
6084
23332
16719
26338
10594
8780
1751
17495
4278
30285
21224
14439
27733
7479
9903
26944
4605
24445
13316
16734
9089
4526
24561
25308
4458
19642
11931
3141
18661
29914
31265
2655
22440
21381
7094
13628
14970
25730
23550
17534
14935
14202
30361
4656
24619
16822
20911
23412
4785
22018
19831
485
29344
11285
32287
13610
13593
1422
31844
28603
24278
19498
4506
31705
10542
1683
26707
25109
19136
15699
6403
11287
16694
26312
16187
5273
32138
6356
13820
25443
23278
13612
16495
14235
24008
6506
28345
1311
216
11898
9052
3428
27849
15169
29037
8845
18365
26891
29246
27907
19770
24955
13437
11803
12871
18277
30222
20656
32118
6626
15367
10513
25863
27825
20930
31737
5818
25966
3726
5923
68
4387
10225
23234
28713
3164
21143
20914
12579
26771
15963
926
584
17418
23289
15412
15892
4333
18037
3123
16215
5034
26142
9791
31405
14794
32277
24966
2342
21984
20968
11622
10163
11844
10169
18040
27356
811
12841
19302
3106
14800
22934
31134
26712
31084
13156
14221
12493
19703
18974
23533
8509
10696
1715
23272
980
11683
18637
10789
9047
13167
21782
28644
22231
18920
23905
29653
18842
15206
18211
13699
9222
14893
21706
5529
9941
5337
15433
11172
31689
5307
11836
28094
32326
22612
32727
16266
9164
24482
32630
18977
9530
22614
3625
31136
359
30719
13615
4962
2517
1701
25970
16798
25231
9235
209
28613
18613
807
4279
12281
24333
4958
20690
20069
16332
4925
4731
32688
30699
6442
29823
7992
32717
18536
9830
32564
22708
9724
20536
17705
14084
19820
20246
6104
28235
1563
19484
3689
32279
19165
6109
28340
2960
3150
8567
6004
27584
20471
8717
17622
22962
5663
17049
26394
571
13162
368
23061
3840
6788
26895
172
13071
30685
16449
16782
12530
17369
11411
18711
973
11552
30514
18696
18978
16602
24257
18774
21233
12293
7843
15986
6430
8060
12609
9902
5007
15386
13619
17910
15223
27812
24285
4289
27743
17226
17248
21560
4533
13032
21127
7340
11374
3813
23551
18996
18102
31058
16528
4219
25370
750
8816
11940
7838
7620
3330
3896
15574
29317
29259
24104
4951
21933
25023
13317
12750
26936
23811
14224
1643
27633
31241
11878
4787
11045
30159
21756
19700
27571
18733
22217
18339
9402
14959
24110
8516
17055
12629
13788
24835
913
21933
10825
7298
1855
24868
19061
23182
9253
15721
9868
11319
20505
31753
28283
7732
10386
8432
25762
7854
20148
21275
6047
28644
6460
28147
2398
23826
3733
32570
25754
32359
25359
20308
32497
1498
18295
9843
31070
14919
10995
8297
12925
8343
10911
29905
32053
9380
26603
921
23756
27835
18159
13844
5998
22820
9391
11367
24414
10180
2255
18749
2358
4254
26348
23998
18934
8299
31863
29182
14459
9459
3030
31025
741
32737
9305
845
13394
775
15516
12523
30471
15697
10364
3627
10687
1598
10748
15175
25618
17451
5733
499
4481
27469
18200
26045
19707
2224
30969
24167
12758
10493
4873
32270
607
23479
12134
32676
28316
5387
12673
9896
14301
14360
22070
28863
21293
13340
1968
3930
17054
22442
16922
9004
3020
25707
18378
7359
1006
11814
1959
18418
3237
25198
31441
1343
4519
23543
22178
14637
9937
24218
2761
28466
3986
32249
1130
11251
10075
5567
6455
25973
15748
26611
9560
12543
24610
24203
17139
29466
30752
3484
6111
10539
16311
19817
31836
6689
11241
11291
29902
207
22115
3114
24139
18253
24605
29361
10159
15093
5694
430
12973
22542
31518
30037
19749
29331
4710
531
8645
10230
22629
31370
22781
16987
19213
1414
32113
28362
23854
31528
28733
11027
16700
17131
1968
17922
8590
7548
6705
15294
24022
28418
8643
10856
13700
21194
9511
11706
31159
32618
813
19264
16298
29943
3450
30929
13027
22596
3731
23583
8768
24977
4702
7978
549
26691
32356
7694
16854
9364
1751
26703
13076
29038
1090
7231
7217
24957
4485
14450
4898
3654
24126
2412
27887
23569
2911
22527
15094
19219
14672
6087
12918
21844
3398
4329
9557
4658
14523
31756
5856
17629
7326
6949
7259
29030
11180
23752
31023
1507
29925
4416
29175
1506
27854
16181
3861
5855
29987
29916
9401
1174
3057
24545
28339
15037
2380
2718
30050
23589
28547
31021
30203
22468
12467
22310
28761
12902
26558
23726
28446
26441
1974
29038
30778
26462
110
2621
7109
32124
16008
4618
22249
9911
30721
157
14730
28393
30167
23941
791
14334
21196
18382
6143
25377
14684
16930
20178
5532
11490
27596
5546
13081
25807
7110
6336
8103
2881
1124
11118
31392
3124
31466
7580
1405
6070
15043
24450
31459
21479
8605
30361
