21704
16433
8241
18716
20292
31462
20896
19570
27910
23792
12896
8948
5505
5176
1546
8689
24054
19813
22133
11073
5081
27698
21782
24475
28272
23495
25925
7661
20650
16105
28923
20478
1793
23449
19233
17208
3874
3211
10869
19991
31788
18871
16822
13273
25522
14686
3700
21348
15007
24080
3713
8628
14319
24256
338
3855
24877
5038
21602
25896
5665
14476
3295
32498
3535
6946
24909
4774
12022
2156
13061
22211
9394
22587
31299
747
7130
1088
4933
23072
28141
13709
26739
22978
8452
2199
7936
26346
12851
11934
26047
6124
14352
32054
978
9151
4535
26205
18999
10365
29812
20340
15261
11964
4396
32582
1960
10640
15631
3907
15766
5283
7516
21550
18389
23345
16648
1081
1516
6094
2329
21415
12849
21321
14652
30654
30867
12952
6466
20594
3687
9047
809
32263
24223
8200
12586
23391
11292
2980
27067
14736
14916
15596
24929
23307
3165
12149
26563
90
28246
3406
25759
9823
19197
28929
14349
3485
7933
13
26444
1726
27880
8070
12344
5531
5211
7919
25876
4214
16913
12331
13206
21571
18719
21342
6349
2234
24011
30011
11855
30841
5661
19915
4206
15125
16357
8532
24742
9396
25751
24973
5597
5869
12287
2687
25552
19455
6747
27489
20063
16325
21576
16471
2314
19412
9813
30635
9071
3175
12007
3121
26851
11888
13833
29460
378
24933
32514
2978
22773
13965
32550
31914
5899
24044
30277
12491
2486
17742
14027
31714
19735
28239
11310
11399
30808
13402
19158
12253
27202
26839
17674
12102
3779
31055
26856
3958
10265
26443
3855
11846
15903
18894
16648
7621
4594
11894
265
28262
16792
11264
12013
9070
9894
26093
18185
30093
16183
24095
16644
10870
19353
11471
5807
12766
2254
23572
11799
9922
7803
9990
4143
4655
9459
30343
412
5155
6924
12033
5844
20616
9093
11174
16380
27117
22190
23641
29334
1937
956
23942
10406
3185
16657
22771
21972
24002
18737
15758
21293
22757
24494
29154
7394
22718
26435
8394
24533
32313
19835
3571
12646
17984
17305
28509
7020
22912
7752
32584
14649
17061
15753
289
30359
3931
19997
8618
2181
18098
22227
4646
4901
27181
28549
12843
17841
27498
21867
27943
1745
3224
18999
23958
15157
19952
22804
15784
3329
20334
21840
6531
23145
21411
1902
27136
23613
17253
10677
24754
22794
25228
27116
10510
30672
19014
22897
10137
18499
26130
7658
20169
6478
27398
129
29517
6030
26213
21536
9767
7646
2974
17351
11173
20552
21582
4932
20855
7519
4989
32059
19075
16032
14857
22719
31230
25193
21585
28293
25115
7161
746
23375
27234
22451
17173
21087
25960
27046
6459
10275
27043
12191
26788
15311
8870
30470
10516
19425
18481
26419
22070
3991
4179
17997
1366
20862
3013
29758
25193
30779
18964
3130
9059
23230
32307
26338
12395
7637
26563
26245
15528
21001
14342
22502
15573
26193
4766
20623
24707
22616
20271
18892
1224
7684
6491
23897
1368
220
4950
14553
9945
5704
26888
13264
15007
7484
142
28426
14549
15576
9238
31473
888
3053
14767
12772
28541
1801
20529
208
28466
94
31935
17572
25610
18185
521
5884
31256
3958
6501
22496
2466
14296
15564
22401
12989
9731
20208
17558
8959
4373
635
23072
3499
11691
18482
10679
32276
20675
24038
30852
19647
19336
12028
6107
20951
27838
3521
17280
10398
15439
10993
1484
16432
6589
16212
29185
29846
12322
19668
30019
32102
12005
24101
30512
24350
2880
18946
3596
23608
18628
3692
4676
32579
2979
32574
26020
29999
26112
6821
30891
26710
10120
31312
5606
6118
7149
16518
17634
11963
5231
10547
32065
2772
9622
7816
26647
5303
32753
1099
15579
22272
19769
24421
5704
27490
4933
2462
4985
1042
3484
8972
6482
20237
10369
18102
15910
28635
9919
7615
27905
4077
10160
9049
28523
8985
11686
18391
26454
21036
238
18014
11303
3081
28574
203
3516
16525
12796
18706
10951
29808
14122
21609
21292
1624
19818
18123
413
283
14036
24852
11182
14286
29061
5046
12551
27838
23302
13766
27898
18637
6502
4842
4150
27560
12503
29562
10625
10091
21930
19293
5242
13866
7062
11962
16688
3200
26359
6436
17460
29443
29442
14935
23810
18288
22947
27317
8324
22268
31649
27871
27547
21919
22146
11655
9352
14320
2538
19496
21795
4803
14607
1591
11057
19157
31138
12101
5380
20104
15652
13663
27745
30682
23522
1002
25650
31917
5406
11992
28121
29086
12330
6035
7601
25966
27649
20945
5762
21803
19012
11399
31197
17322
8735
21360
23000
17676
15448
7297
15826
18937
13620
23732
12357
28803
29291
12937
27292
9681
17904
994
16881
1229
1219
10110
27670
11238
27174
2545
14063
7648
18307
2296
17938
25340
12030
9857
13135
10355
12845
537
19347
4651
4348
4597
8905
17824
6596
29095
29610
2863
9881
1535
31662
21443
27262
21715
14124
28312
3595
22290
6069
20664
19866
19424
15582
3205
2992
19484
3337
12699
28718
14907
25421
3281
16418
31833
28328
28288
140
14038
7118
11966
20972
30725
6749
22534
15046
13671
18926
26081
29272
16406
28807
10870
14708
32378
2343
2111
23092
1446
27701
30121
18958
16514
17233
12344
14890
12868
9296
26872
29411
3407
17422
11515
31933
17316
27793
9910
25227
11401
4013
24503
29425
17753
25942
1213
5431
17985
31691
5176
7235
7703
16945
31599
17161
6944
7381
10674
22832
12245
13277
8323
9434
18368
12025
1772
3983
15643
11312
1850
30483
15427
11278
23773
646
20155
844
12706
16817
25713
12212
16207
26140
21584
27608
874
21025
31714
21797
24152
3540
11808
25635
27425
12360
12981
18221
23999
8441
4916
17034
11544
2332
3686
31883
21782
15617
25704
7936
1493
9847
22615
29973
3016
26525
31429
18064
28028
3152
20305
9281
914
3824
21106
17412
2748
21040
8111
7063
5671
10186
2251
13548
11229
1010
30804
17240
3048
8489
20587
12930
25222
14079
10691
28435
25548
20302
3260
25933
12826
20582
21367
31993
12354
28551
9028
1955
9135
25700
9584
4425
5729
8785
8434
5212
14385
8101
17826
16233
9105
28190
14467
23606
18401
780
4332
1234
19402
30580
11430
10427
20422
5878
4529
15554
28036
6411
14855
12712
14833
22436
17614
19113
303
6414
13785
31545
9412
6174
3866
9737
19809
13807
28166
16602
5542
11914
7757
1539
5674
10518
6770
13125
12931
6293
25515
25994
29073
2987
10097
16332
18532
26572
19222
27048
14175
32536
31682
16226
1874
14284
15622
17430
16152
1752
30980
27954
14391
26411
7683
10007
14161
7955
10759
15140
2866
23955
16742
11916
29070
4209
21681
28127
14578
5956
25867
31264
19917
9162
6618
21834
11673
23882
31542
21014
7041
6417
3899
14890
29335
26740
5551
18768
8882
30283
27893
1445
24561
31186
6430
2058
18606
17345
28853
14652
15022
28055
12018
8267
1283
28239
9755
3078
12161
10018
7736
2445
31303
26535
27062
13760
17713
12391
29048
23744
19569
9805
19674
28661
22835
17572
25205
23930
2417
20722
5385
13568
10102
4601
28841
688
19550
31745
11580
26606
25591
21223
28937
10124
30980
332
27372
24008
7776
22221
16398
30690
5338
24946
11598
6487
31160
32288
5342
7712
12104
28878
22382
25207
18231
30968
25277
9698
31380
3691
3900
8390
21545
23621
16334
20012
8075
9554
18327
5007
8544
30129
3973
31
3104
24045
18726
14091
10264
21372
14514
21287
24647
4946
14494
2319
31746
1316
5316
25832
13258
12282
15481
22907
32646
9289
17364
9220
17977
28697
16655
32470
9627
20954
31679
24333
29931
15841
880
19071
8544
11436
7413
32533
17531
20267
20747
29503
9228
32244
4973
7926
15003
1683
32223
209
28177
27483
28968
26220
6829
16099
22813
7892
23309
21661
14581
32566
31648
32077
1893
25006
18115
10223
20266
30767
18260
25228
27437
13081
17354
2243
13578
29746
20886
20080
30805
73
19120
7437
8256
9724
27780
19788
4680
19903
14903
25724
24031
22685
9262
9352
31813
10898
7939
30229
26395
13071
30224
15661
25705
1697
28687
11474
30498
2929
6705
27587
24087
6023
1454
1595
16786
6671
21361
32336
5025
12122
31428
27547
4149
21551
11181
26213
14328
14225
10907
12632
27498
19462
172
4002
14287
6218
2608
16976
23677
2323
24318
26042
21050
25882
12453
27171
6721
29325
30955
24747
13682
1008
24251
9439
22446
7506
19409
1596
19881
20048
25392
19452
28275
7024
16304
2581
12974
10571
25486
23595
11024
8149
4178
26468
28691
16342
10137
5936
6832
27511
7057
29290
8079
6105
16393
17936
28890
8024
20944
32300
30487
10465
18321
29491
389
30679
9385
29028
24942
9285
3311
25951
24804
22033
18722
15395
6717
27848
16651
31323
27242
15252
14273
15401
25976
9368
14018
16111
25869
32460
6200
6140
29093
19455
23846
19483
13483
28059
13022
28279
31778
5140
24578
18402
4315
22461
26491
26937
15171
11548
4411
22728
15995
12418
10004
31767
15691
19976
8219
24104
14548
2903
9844
18907
29190
19565
15871
488
20925
2890
5036
13295
16217
26325
26497
2060
20025
11361
10447
32108
14233
1879
30291
25372
18923
726
25179
15698
1149
15461
19255
26458
6430
729
742
5890
26974
10817
8031
20937
16443
26976
13506
4867
32738
22669
12323
13512
6785
23734
23098
937
2678
2574
2421
26224
8136
31583
30415
18332
24060
29789
8516
26725
24879
23487
10036
15383
11135
7149
16920
6087
32612
12087
19008
51
2690
19694
12523
30253
31548
8311
13741
25100
8516
23661
12546
8653
16372
25148
7125
28626
22254
6998
4952
24851
4301
10140
30513
16386
19143
31355
3412
8512
3851
25909
21035
25135
5170
8898
11962
14984
7985
17342
5723
25001
10248
6699
11219
8008
14602
30692
28393
30044
32350
3329
713
6094
2007
23426
19904
1289
20792
3159
11271
17714
24882
24286
12723
1907
2137
26073
8084
3816
17473
31796
24663
3392
15238
27349
10659
29867
4885
447
10987
28725
12915
15103
12539
19531
27092
29009
6152
8633
2593
9507
14124
27487
11303
14821
1474
23930
3847
31249
627
23487
19563
26497
3573
23934
14130
942
31649
17574
19117
2405
8166
22510
32551
12177
12235
25332
27585
29892
13088
24684
29246
6835
2909
24940
6150
31637
838
19192
16187
1120
21948
32375
31564
28226
13047
26182
19363
7126
28200
8638
24731
31473
31197
30325
19509
24572
1857
12909
31682
7097
24952
27158
15897
507
27621
20485
10633
17902
23272
19104
15727
5281
11287
31766
26376
787
30462
12703
22345
16648
25736
27704
30154
10633
25371
11427
11516
32027
26690
24567
29563
27669
7316
15329
903
1082
19058
16778
10856
24688
60
27516
4492
6273
18334
30602
17035
20880
4734
18025
14228
32095
18366
7937
26508
6310
572
2343
1270
59
17236
22763
31384
10297
31695
24112
12108
2240
15603
29628
20936
3045
22270
14121
30629
15484
10
32699
16617
9230
3701
22590
31420
2509
6792
13879
7694
18762
6139
30993
17226
29338
23032
13742
23482
27219
5573
6086
30939
3399
13047
27283
31005
11127
22791
29520
24244
16827
23214
1606
32106
2277
1687
766
10610
31761
16838
1671
5556
22530
32127
24860
20877
25160
15965
8552
3491
18850
20006
6256
7824
21921
20190
15756
12870
3117
27165
22424
835
18391
29152
28718
16453
20081
18952
18270
32764
16047
4529
10265
15430
11400
30009
17407
26839
26257
8233
18528
20555
2523
5928
28325
6671
29404
7022
9276
2584
7392
32247
8461
4214
5237
3506
30180
9901
22516
22936
9978
7871
5157
12798
13308
15016
16317
1021
27093
17957
30338
12021
19121
30815
32490
4944
10410
28488
10643
16509
22953
6747
31494
23108
16441
32433
5509
13235
15020
22575
12816
28868
1193
6884
21227
9791
1125
28158
5289
9076
32464
25936
9776
2201
25110
5383
22902
14356
25202
6560
4951
14342
604
20272
2415
27197
25170
27537
8874
22446
19688
7088
12159
19742
347
24998
2620
6699
2689
16110
4703
16478
27405
20033
13795
15842
15127
7884
6898
21271
1738
27498
31215
1321
7805
31024
21012
27532
19133
2238
12202
18615
17141
881
12784
31373
1119
3803
10335
13015
28017
28499
11125
5116
25116
9318
6101
20167
32697
27458
17361
30310
15762
11678
1710
11575
17245
32693
16178
22209
8760
22742
14397
15879
746
10770
18455
29836
26303
20301
3079
24523
25336
10496
18578
17029
18651
21801
4118
25796
16493
30182
25260
20687
6472
16283
9483
24398
12111
15209
14018
28521
7978
27592
15456
25288
24623
15722
18965
25878
13887
17496
5280
10441
15629
30843
6174
7429
13556
7842
23361
3337
15999
3120
18321
6077
1908
13915
27864
23408
28091
587
4449
31180
11106
26200
3310
23259
26851
10868
16964
23581
6279
25105
26367
24153
3295
385
14407
20863
30287
13064
5104
11496
15114
30125
4870
25767
26861
2017
22839
12792
3738
28292
5955
26625
25506
25969
2743
9085
8605
2360
17752
30956
9107
15912
31566
12266
20610
31106
31123
11117
25786
25212
7285
3980
11722
4138
21257
10262
25264
15436
21070
19578
30616
28774
25531
8437
13721
14501
27848
12088
8671
15483
28119
25726
14238
2592
27016
6225
7074
25837
23162
3359
28518
12411
24871
11689
25481
17824
14434
25007
20230
22532
3229
18463
883
8967
103
12928
9867
6294
3795
22426
29034
26039
1918
32225
8519
31326
8961
27818
30759
7971
3103
18771
2142
2516
22302
2225
20028
14704
4439
4042
22793
6955
27830
2356
19125
30474
32577
15152
18815
19000
22287
8551
1241
11398
20964
16877
27222
28971
31192
20364
27167
8412
24155
1871
7072
31846
8105
4238
27287
10373
6042
21665
32575
685
26644
9029
9831
32614
17884
9422
2144
31810
17565
8984
3857
14075
1066
16898
31579
15821
13569
7373
21705
22327
32365
12074
11321
8098
8584
16800
15531
8085
6783
11226
23434
7772
5451
23161
6835
5335
11024
8700
6804
9031
2976
7959
31020
31977
2286
8914
17176
11056
10970
25073
30849
28955
5186
24548
363
9249
15857
5693
20376
13374
26776
2915
23725
22151
27058
31847
26729
5614
7391
9117
5664
12776
18233
7822
4481
4168
19056
23292
29755
18983
24598
12458
19617
8626
22227
1965
29488
16315
8853
5117
10629
17521
13065
6943
22219
9410
27821
4625
8291
2360
25120
14915
30503
13809
21463
26347
4366
21934
1329
13487
2510
31152
26673
8151
7530
19451
25291
20956
31410
18647
7725
32277
3001
17775
18169
22440
23361
25920
1028
17678
8043
21023
8232
28968
18890
11266
5468
16304
866
7283
29570
22230
19007
16466
4424
10850
30822
10047
28393
19537
2013
26783
24021
6829
12073
31105
1429
23068
4289
12279
4540
7373
13729
28242
6115
18830
6981
17781
5381
22385
31940
10606
27315
3832
20591
12790
10630
29327
18701
15304
18130
14853
7747
31099
25814
32009
6328
19223
14150
3353
2266
22969
5166
17194
19797
10670
3399
32424
30168
5414
25002
21164
17123
2462
9
18305
17030
15235
31707
3098
3889
24696
30127
23649
26256
31997
5681
18869
18557
3614
31774
26231
11372
20208
30106
6233
21217
9350
13898
20205
5072
27966
28030
29917
13773
27996
25688
3131
7176
4872
20991
20208
23616
30725
23438
25606
29008
818
26133
19876
11516
5084
29772
3321
16067
12535
10984
8964
31534
12190
6579
21509
6258
25726
7479
6740
29507
6621
27589
29125
31840
18070
2908
8101
22892
29895
10956
7244
30985
1394
17562
3565
8158
4481
9305
2890
23028
24544
1172
14975
27329
1675
1387
27819
8631
31079
13056
9886
14106
26038
10559
29460
7644
23006
547
6755
30075
21583
12819
20742
10062
31478
15172
21620
8410
13896
24971
23961
11698
13310
26098
2168
22500
3967
24850
29579
4297
29833
20261
23620
23871
16925
16575
15736
10352
11850
23725
19063
31299
12918
27560
32345
4532
5895
6422
14123
27840
7861
15004
17942
29457
5577
24732
30509
28767
1554
9035
21452
24418
14496
22482
22660
29316
26604
3005
2167
6291
14830
9133
7488
30985
4826
4344
20031
25447
21574
21378
13165
28875
5361
16611
24697
7723
12391
26232
26511
25088
5103
4147
28068
10469
18314
21181
3172
955
8176
12481
29792
18694
10540
30793
31195
12097
9852
5587
13184
4799
18707
5144
10934
1654
9298
7858
12930
23768
2991
14241
12791
219
18699
24764
2649
1884
5153
24531
7002
11419
16707
4720
29515
29936
11771
754
3299
15940
30062
6504
13863
5056
27091
14056
15710
18868
7191
31031
5546
23852
29909
5752
8728
23660
30435
15607
8860
18107
138
6108
28265
4799
9112
27458
5701
9909
21181
6858
6229
7080
10041
17764
10744
21039
28121
27874
2496
9628
22895
30663
30314
26973
23573
7947
20239
32629
7063
16754
5859
1985
13329
9192
32619
31572
29530
31882
8486
23433
18755
443
12206
26844
17754
17160
32382
11440
26752
7321
29011
25421
13150
22777
25810
22761
6096
28610
19528
12083
18956
8443
16678
21224
13308
7307
23211
19840
4073
25845
15998
7440
6622
12808
26658
15136
24035
3472
1657
32507
8418
8315
19663
23423
18135
4667
7503
28293
28584
16213
22939
18837
16443
19669
19817
24821
16098
318
21216
5079
13241
22493
21483
26793
27908
20751
13306
19529
1850
11936
20211
7272
3526
7848
26085
13373
1576
17724
31615
9837
9143
6096
480
4186
11975
2784
18096
17781
15567
21069
8637
20281
1559
2556
21193
16789
17951
7538
8679
4280
27939
3691
27428
31881
10815
20306
9671
20657
27778
7899
3375
11027
11191
1754
7443
6833
10533
15369
21983
2410
8106
20830
17225
17312
19456
28743
21191
16892
15078
27404
13539
1738
30890
21992
20939
24724
31282
29462
6033
1942
12988
27081
31125
2353
6041
25561
6328
15415
3192
28097
31448
5935
9254
6426
1064
21398
8749
19830
28206
29053
10019
30570
15209
32254
836
14529
11144
19152
10087
15235
14080
26900
3475
19075
296
8124
24455
26263
28447
2084
10139
31637
6234
23269
4801
4880
24564
25701
11541
356
27486
25961
28032
30288
17807
4465
7654
11393
2623
5035
1973
11447
26921
12737
24294
23321
24589
14451
12252
5497
28212
2778
31190
26817
10227
4683
27414
11558
12607
32239
3082
25835
18275
15129
28684
3185
32681
12747
14531
22144
23312
18284
9215
31155
30227
14059
25572
25511
11021
6676
22040
3940
5967
24381
9165
21628
20070
21816
16635
19532
13042
27473
12267
21347
6556
31333
20581
19763
28127
20773
17397
27388
17970
22481
13696
13317
17943
31571
18121
19887
12049
31628
6298
25155
9631
25463
7591
5136
6795
10973
3542
4630
16407
2671
26262
16480
8825
3494
14508
22460
25900
12376
22860
29065
13959
6595
32633
4708
23969
2285
16845
3948
22201
7035
26155
25509
17287
26922
32706
21869
198
16589
28139
14549
15973
4101
12192
11268
1390
7277
12465
27243
14614
31935
6663
31205
31549
6720
8906
17532
17188
6118
16377
4525
21857
11070
22781
7987
17394
8284
16222
4175
13116
4547
28294
29893
3046
12185
32405
23023
21865
28025
13096
12928
19585
22827
31982
21391
18507
234
7524
22215
16462
10375
15226
17432
602
27816
22840
29053
20093
27866
21990
19220
30431
16328
8024
1891
21643
3481
11396
24659
31244
6051
28713
23135
29799
17730
5750
23024
30560
15100
9349
13027
29080
19094
9690
12159
13505
18264
19420
30243
2098
10838
14451
5337
24131
5407
17922
32657
15428
5751
24514
31551
6948
9140
31436
27175
25271
5731
24912
7707
2513
13773
18584
21395
19547
30985
483
7055
31441
5969
20516
22760
4022
6597
17573
19873
20394
12726
25844
8235
21988
25098
683
23711
2278
32403
3888
32171
23238
28806
18075
2390
28161
18737
5284
32087
15505
8690
6103
2269
4770
23647
2610
31002
18803
29669
17483
27474
31301
8672
6224
8664
27820
5773
4114
19362
5557
5884
392
10153
28326
1850
7677
11954
26131
26683
4925
18817
26963
2960
30990
22750
4146
7404
18625
20666
23750
29087
16139
22378
29169
5731
32238
27272
26500
12582
20893
14167
14533
3978
32328
24780
16483
5652
19348
2127
22964
18602
2002
31287
28676
8793
5630
11256
811
9110
1570
10062
18038
22061
26827
11724
15661
2601
28230
30164
21417
19574
30173
10950
2688
20267
18161
27282
19839
27619
20440
31288
15918
32054
588
3760
21852
28262
688
22704
6583
19563
8011
22132
20248
759
22392
7647
32737
22248
6639
24586
14408
3771
290
16448
25449
12357
3745
16751
6754
583
5540
11576
28129
9682
20120
10055
1355
27037
17937
21996
17349
17450
1567
17474
25186
22410
16881
26609
23843
14603
14836
22965
21009
32640
27032
30721
30000
2571
29106
26454
16834
28106
29670
23634
17204
2729
18498
7987
11638
27691
14099
27807
1791
19041
18192
3295
31819
29117
23603
27952
10297
26887
9193
17333
5434
23501
20770
24117
19129
6624
22691
32518
9835
5088
26570
26241
28077
79
24855
24387
305
27122
11617
15141
23672
7669
28341
26746
19168
14405
8401
15496
24194
28894
4257
9092
31290
10164
6813
11842
27057
14093
27646
7485
28093
23458
16393
3540
28503
24739
10982
8027
24425
8848
19715
3448
15309
6124
23319
12469
22602
9206
9903
8205
17049
31438
31439
26309
8792
18718
10726
25356
24210
11828
27740
14579
32045
28958
18635
13067
6425
1087
1740
10079
3727
24045
9004
30831
31837
4966
23369
26381
12880
12092
28405
32442
29677
15922
11997
6015
16827
17292
12743
30043
16471
1641
24158
17419
19827
9160
9001
31952
29553
32720
27515
5304
20909
27700
5732
27656
11974
25184
8381
24919
846
9642
4435
28258
21460
25239
5062
16582
8797
355
4401
27500
5848
22658
6066
22847
5098
6480
25972
4835
4845
20622
8674
9125
26469
28699
7361
18557
20871
27845
15533
19299
1190
14571
8349
27643
25006
25277
4028
14512
10376
13061
9235
28284
10883
22701
8274
14269
24088
25286
10385
28463
30865
26174
22610
4038
19142
11434
28149
19485
9344
5809
16227
23242
10839
12104
689
8880
14163
12749
1549
15349
25955
1485
28435
26934
32076
28212
9386
28316
6463
8240
10102
19807
17800
9942
29033
17337
14790
1056
2533
24356
24327
19379
1269
27310
15146
2242
29919
12624
13413
16179
31882
13477
16487
20353
2841
1261
31703
29277
27624
16786
23201
16440
31735
27510
10915
26207
19297
12201
13269
2483
6580
11462
1536
20604
28825
16953
4794
16177
5498
14892
31480
2548
15315
12261
13141
26945
11315
16961
1173
6103
2691
28476
18113
19146
22508
306
18994
7836
12088
19631
29668
7951
22584
13784
31848
15915
26401
29634
5908
10763
31418
10692
32544
26166
20946
12984
18804
17286
18806
13923
20045
9212
2562
3548
2337
19811
103
9353
1974
14797
11412
13849
1018
30948
2872
10361
29035
16687
24071
17708
11120
25221
4695
24097
896
12492
8835
22769
22886
15478
31001
24382
25225
10602
21453
7053
4452
18182
14234
3516
27972
14178
7064
1785
2649
26185
24917
1289
28047
13261
803
12634
21262
30178
4369
31747
6255
18779
7744
5366
15606
8331
22221
19085
20763
11096
25756
8174
12545
10212
16168
19187
10668
24086
4429
2008
16105
3467
1731
29365
14659
12722
6717
1833
8432
6435
1410
1077
25804
23679
10584
14292
24883
7091
3087
13969
21650
1939
24447
19781
24038
32586
27191
582
11170
28882
3977
13370
9892
4144
26872
11705
26996
11739
7183
16395
22066
3277
10242
11638
22660
26992
7549
13405
10447
31640
28899
25266
15436
14323
10177
2978
15640
25304
7494
30098
28886
31989
17375
12181
415
24519
5882
8850
16495
6003
17409
31291
168
12337
12271
12878
32723
22606
8828
29199
20027
2632
26085
11074
17882
31325
10101
5960
30698
30440
12093
22375
22434
31798
11459
11529
29070
3748
4211
11711
17819
27903
5625
7463
28325
15157
28852
1991
15884
16648
13436
9920
4074
7839
21816
15227
17611
30367
10235
19260
29585
6090
8444
13089
20651
6387
3579
25844
28413
7999
21348
1425
13717
28644
15138
11420
25298
17487
5732
7003
24958
19396
22765
16168
20185
11646
18607
9558
29433
3964
30456
14449
26331
30447
24823
22554
30145
29103
16276
16355
26523
5610
10931
25290
31484
28717
23704
24765
28785
18313
3138
27114
14456
10396
5340
10263
25473
20974
28134
15652
25134
16378
10952
704
10284
19425
13170
18598
1103
22243
10016
29450
10219
15634
14555
30458
12677
32542
6412
2740
26706
1734
23497
9683
20931
31459
6639
31419
19061
29155
12017
15960
5910
26011
16389
6091
1745
26312
19684
24087
12471
27785
6947
10404
1414
23882
10398
24884
22256
5546
19471
4186
14183
29178
17775
4603
29382
24803
27824
5445
13456
12536
8674
32155
31349
18462
5613
22717
7878
28902
31262
18789
30559
27411
17782
11989
12500
27921
27909
24070
6219
28887
1884
16230
18110
19908
30341
14228
10382
18082
20471
29100
30969
13196
12534
11420
1463
26525
10442
22531
16644
14261
12556
5366
16358
8794
2676
17165
1208
31247
21705
25458
7234
11145
25595
3871
1636
21714
26807
5183
17226
14236
17966
16211
24880
18235
5881
494
25240
4405
26804
6174
18899
23172
8412
19800
32187
14896
1859
4555
23914
17590
11312
25437
13787
28762
2679
10973
21173
1937
21795
25756
9232
4126
4845
29109
16919
13943
15939
14709
23994
26072
22442
14288
28355
6393
8929
8932
24667
23479
5019
27345
27010
17879
18684
2596
12323
23959
12271
14910
22403
12954
4052
22434
11839
28802
3586
17142
6605
12071
27994
9952
18664
19387
20721
10575
28282
18160
8612
13780
25203
11441
12055
19920
8072
14914
18481
26132
5607
12729
1580
996
31203
8747
28636
29988
32636
31555
17564
17696
20917
28306
18533
12768
12685
27695
11116
17304
32587
12769
2919
2554
29094
8444
22120
3227
11364
6092
22624
12642
4627
4106
26568
5246
24350
3367
4049
17930
9984
27475
19432
7207
12657
20694
10217
19846
21527
24461
3458
5465
5754
18670
32593
11479
17247
12926
24406
27226
24925
13895
20074
5816
7391
18778
14748
16759
15058
21892
27647
10869
3590
24741
14501
26134
24030
8544
20941
22319
32051
17866
21480
28602
5913
2473
31136
21198
30328
26181
15197
7196
8937
30739
29778
9829
6513
10220
2616
16802
31912
4735
32728
18753
25052
31959
23916
32184
32607
21439
11819
6039
3255
8931
31838
6521
10184
949
30349
14565
9138
31878
21881
3410
7604
24945
16462
6669
32516
12308
32577
11939
25477
31105
18748
23964
4153
26240
21364
12802
7690
15485
18773
7261
5964
23189
27369
5196
11376
19191
8730
19846
7267
12272
24606
9081
661
17401
8570
1435
20758
28157
4280
12059
1987
341
1127
31144
681
26960
32608
20495
5713
1700
16708
802
30389
29460
8713
13898
16632
29258
31257
5089
18882
32488
13006
12789
25061
23852
14387
9198
31845
27995
3189
9326
9314
8483
2533
769
26757
14714
26464
1679
1430
15757
4809
30426
12284
22493
31442
21397
23190
30432
3748
15149
17353
14390
1958
29821
29782
11878
29107
1820
26476
24019
2444
24742
25201
22404
29133
27744
31720
7855
32665
9612
19972
8067
3637
30943
18309
13815
19698
4195
1783
6534
15387
27187
30002
20135
11377
416
810
2
1198
10583
2145
20657
859
11814
6293
21499
10501
6473
32402
6948
4694
5526
3910
6416
7868
14233
6880
5909
13051
18889
2333
21069
30575
1420
17411
6385
5663
5971
28380
30570
30163
3674
5504
30936
24351
27790
17387
14994
17729
23053
18773
13773
26862
12563
19301
31941
10538
22471
28943
21247
11388
10438
2635
2510
20957
4206
14966
6147
12552
9525
17486
10293
601
12223
21888
24153
11767
14747
3436
21134
22591
15589
9524
14311
11803
7975
26110
1997
26354
8324
25223
12755
4040
10815
28025
15907
10207
22150
19973
10656
30004
6536
30887
8314
394
12056
18579
12307
2356
7769
19871
2963
3374
7555
22234
32399
15717
10322
12151
30800
21786
28826
6580
7543
18899
15615
974
10871
18184
14419
29818
22983
14550
18139
27000
3454
17488
739
21080
7399
11024
20629
29251
12468
776
26924
8352
22125
13793
20263
19518
23225
32754
20249
18619
16989
12433
623
8484
21768
11023
16412
13552
22074
27474
1687
17732
11538
14847
30746
4139
18639
395
11671
31612
1853
24484
24799
28644
28532
31659
1118
15518
1180
11102
30775
28324
14785
6609
3352
26373
10115
18416
25041
10797
1023
30
18037
20882
16554
2833
29073
25107
12230
31640
17705
31825
29395
14756
26706
5325
6251
17083
1920
6613
14920
11747
5655
6211
1672
11489
24041
19939
19959
9851
7577
28908
32008
19417
3495
28100
22964
5368
22470
1945
739
3475
10108
22395
23550
1580
31797
19968
20036
7446
14751
20270
405
26600
3350
9048
27716
10528
31823
2277
6129
10665
23552
16197
16917
19695
26478
30802
20939
20377
13342
26545
17889
31825
22673
677
29985
24122
13353
22068
6742
6400
12541
28646
21319
32597
3191
20162
29805
10315
11447
21235
27183
15699
24624
9870
16936
23269
8699
25472
6922
13446
5059
7649
3384
4727
21942
25562
24266
19970
15156
10893
18303
12063
6318
6914
11045
12097
4918
11713
10638
13057
3918
2186
28853
1667
27832
15714
5620
19141
13165
271
28177
20282
8082
4834
27534
12244
23873
32593
28388
5693
24196
9436
2265
16347
29300
31220
2907
32218
12356
18797
28585
29643
12830
646
812
7609
19976
11466
18070
9592
12202
30478
27517
24311
13342
26589
32485
12572
18465
2966
18199
7915
28251
9073
13590
17835
13730
14726
6986
31466
14849
27857
18680
13347
19658
17112
16461
20939
32619
21723
11007
21532
11276
6185
184
28354
12878
29145
32499
6119
16945
6443
11920
17210
6036
20377
8822
5521
9569
10405
21165
11440
23487
10160
7705
20334
7124
7072
25243
19540
28999
3157
13351
7379
28364
14546
28372
6011
4830
19628
28211
25235
13215
11280
28764
32762
25580
26849
10689
9810
28478
24586
22217
7147
23447
9938
26539
24268
25717
28204
20044
24957
28691
1328
11196
30451
28595
30573
2689
1785
1283
26347
14648
6105
6686
18119
19499
28123
31045
14732
7647
28718
28072
7445
20029
20542
4580
7766
6567
31742
15495
2091
29426
27749
5469
3415
1244
12414
4619
15962
17223
15660
5667
15009
3735
5307
11366
27603
7670
14425
24876
12495
30337
3391
13047
32674
2489
1976
13515
9698
7447
18078
5341
10965
5807
3175
7905
7418
26523
28051
1032
16796
29974
22401
9253
18662
20320
16382
2137
14307
17666
14742
26334
18564
21391
23416
3643
6877
2501
27606
14552
28567
30095
13047
224
7136
11115
11517
16434
23369
1636
19645
29572
2260
30707
19191
26682
7800
1240
5563
7391
4813
14935
18083
7489
9507
9043
14861
11067
4270
31116
3037
13782
11696
5248
1881
8032
6203
188
8142
29157
31823
8910
22555
13736
21915
18286
19702
7719
20880
16126
9164
30484
20364
15543
24552
11859
13013
28378
23503
15307
22244
28098
7276
31381
2415
32626
18129
8694
31056
15047
6755
13514
11333
17892
21119
3155
18338
25545
5977
1125
26522
27354
19642
482
21532
20247
13904
17925
31515
24423
17812
17605
14676
4012
5990
26309
18179
1985
14591
25192
29012
29802
16651
31451
23198
17201
19554
24967
26633
7698
16455
29491
13319
6400
3541
9165
3327
19669
5994
4504
15739
15639
20089
24213
22875
32291
17648
20955
4830
7314
30255
19910
17047
4815
31229
9519
4608
27406
11640
31161
24843
31328
11199
2702
16127
16344
13899
12250
10229
3333
11842
18574
14780
7854
27308
5816
6058
30181
2972
18004
20108
13755
32259
21473
11675
3984
1029
11762
4926
2328
30933
22224
20328
32589
25887
20876
5960
29664
2756
13796
17381
24845
20973
30825
15140
23712
5808
19986
6367
2525
15704
4987
17781
4691
32488
26370
4072
26333
27554
32080
3860
14661
6030
19390
5433
9226
12195
14614
27501
28768
29992
21585
15162
14041
22260
27295
16748
4413
29883
25804
14491
13280
18527
29382
10423
23604
3987
21201
20970
5166
5314
14500
14878
24463
26842
13058
4450
31794
2282
27094
21401
31362
28513
17093
13616
9667
28676
697
14761
422
24384
13589
24989
8056
4881
15068
29002
16825
1306
30714
23002
20886
24288
2996
10382
6272
24791
19111
18634
4858
6334
24222
13522
27838
29095
13646
7140
22576
21049
30978
30867
16523
7923
6771
24900
23846
29541
31465
1906
27462
11864
24467
702
5711
30137
17677
783
20321
3257
25626
15382
2869
23428
13206
27843
18384
18417
13911
31239
20994
29075
120
30914
29910
26333
18024
3875
10773
29062
25306
32082
30346
5917
28535
26540
1640
5554
7012
22567
16034
28837
5262
29812
20293
18736
28840
4147
13892
31369
3368
24165
4782
18024
25307
5534
3792
26257
13529
27668
11789
19453
12390
298
665
25771
9117
21198
16205
28927
4244
7921
20846
23355
9971
23395
6047
32530
25827
13427
21258
21747
4637
2393
5494
27125
30103
9857
9659
9687
25245
30759
20092
1956
30834
24802
20259
8126
32348
28585
18732
1037
1711
5417
12960
10740
30208
29955
830
2463
42
12545
18340
15518
2398
21699
4136
18707
10066
8467
13125
27041
27272
9456
12065
20168
22360
29052
31697
25504
5745
26109
19013
30350
119
1515
12411
23162
14237
21946
19238
6097
13274
18379
28132
21261
23942
20284
9565
3759
15948
20393
10529
8646
2452
28862
17044
22542
12114
8347
4884
5681
5064
1003
8745
29927
16634
22369
11992
24663
6257
4849
16338
6102
27432
26899
530
19042
31530
27483
5295
6949
26967
19412
13115
12107
26605
8543
1457
30884
30282
26070
16983
10786
1973
16593
28726
9657
10616
12112
22932
25600
22399
15606
18635
23355
22053
23792
13876
24384
12419
9440
19064
2015
26770
2340
10579
30600
3500
7994
537
663
29872
3743
27892
20668
3067
16647
22372
18071
5888
792
21643
27765
8835
27860
5699
25920
2612
1008
23950
13272
2751
29092
18887
27723
13700
28752
28111
28053
497
27223
20217
14769
31880
977
24311
13210
19318
24624
24390
16712
160
15223
28765
7508
16828
8529
7326
8125
24794
23653
1996
25874
16523
13359
16461
9049
31733
17042
1559
25084
9099
9592
22914
7442
26760
16653
3854
13913
1657
13304
22028
29713
6098
1189
12620
25065
4460
7249
32473
19759
31015
2785
30624
24677
12656
21542
28666
14917
9699
27399
4671
29194
22936
19383
12638
3917
12475
12178
5339
4465
18687
16120
10409
29867
24768
12962
18034
12790
21421
22395
5439
10315
11838
5294
3369
31158
13542
21010
27692
14244
4227
11576
9962
25696
18254
27862
6453
4824
29376
29956
19995
6289
23461
30360
20634
19906
28245
13098
31958
22835
13585
3437
26123
19101
24101
18710
871
4407
26670
14774
32440
29940
27178
528
3748
22856
3392
18124
21012
18469
15048
1240
32145
29277
26868
24170
24092
21868
11385
15727
1839
27737
19086
27688
11425
6434
20154
5375
3662
8708
12418
24749
26990
31767
16260
2136
16926
18081
12267
16992
5914
907
3339
4898
7168
14016
3257
16516
20047
1482
32296
28373
19643
23283
21350
19695
31469
18386
8613
32277
26904
16721
2809
1594
2817
15497
7141
32296
6262
6313
8039
24614
19750
7947
16137
3521
2160
7955
31345
11121
25570
5863
17667
29456
18012
5829
11120
21946
10794
12006
24388
9127
27105
17911
10876
5033
7401
17824
11043
6540
25560
12626
10631
2873
5092
14943
6273
16471
22090
13322
2003
8148
23917
16520
5292
27342
3149
22668
2261
809
24422
2290
4623
4611
6683
10417
28804
3582
13623
29422
22637
18885
12713
24687
126
9408
1657
12093
5844
18692
16753
32695
6880
15673
24275
1471
20648
267
321
23339
15625
6438
18209
73
23056
1023
5244
10074
1739
22132
10422
13972
3819
3216
11569
15458
10818
30599
4080
574
22615
29683
18186
32466
12346
28643
9534
28773
30252
24775
20610
27117
13836
22566
28877
6818
28643
20539
5112
30534
21584
10281
29959
6053
18482
25795
6786
19237
1709
21994
6318
18684
9275
22347
10493
7833
24245
8158
3102
26597
9959
28128
3542
22425
18836
7153
18334
26410
25035
19058
8966
10484
13745
13759
19304
28213
21416
20430
10856
19744
31028
15455
12368
29156
5305
21918
7927
19390
5501
15641
32590
3509
28510
23603
6486
7095
15437
16989
5253
19973
22994
6278
27856
28862
19134
4653
25492
40
15287
4441
10840
22307
27202
1065
17857
2345
22732
5686
3317
29435
4003
6473
26926
1527
22446
16236
15726
9590
16540
532
10161
27310
23862
18029
12548
18132
21076
30602
28289
26889
13504
16598
5014
16146
5568
12190
6888
2399
12708
2484
1787
15176
4840
18329
8007
19510
15501
3915
5374
16831
3680
19811
13640
31332
8343
10975
8870
15066
27676
20379
3609
21820
31804
3742
23755
9831
971
26795
21994
26356
19690
1652
17909
23114
18918
23336
13278
7055
31207
26760
31351
30434
3502
31971
8338
9786
25499
21302
13292
18288
1042
12165
13455
11647
30743
27534
21671
27570
23833
12191
10122
25485
25612
19697
26057
4034
19499
6336
14709
28748
13067
28387
651
7843
1179
24947
3356
1037
32717
4024
9661
8366
15998
24103
11014
9483
5131
5860
7230
15051
15031
12315
9440
21798
10817
23997
16812
24989
23029
11552
27133
11814
4955
27191
16226
22115
7644
31141
23491
8071
28157
12802
12317
18922
15324
27895
26778
26745
20323
5396
27487
30771
15560
31804
22698
10417
17342
13735
27709
31962
25776
29111
8845
16655
22480
1515
29332
12259
5524
1774
6671
2197
3770
22852
11190
16845
8954
6001
16869
25975
29493
7741
3969
20105
15060
9641
10012
24005
19310
6789
2418
16117
23395
27862
17896
9583
11783
23601
3269
18038
265
12971
28506
3634
16481
32271
11030
4369
629
30597
20797
28000
4294
13963
10333
24491
27419
19870
7937
1932
7696
18075
26310
24309
18648
27430
28005
11832
17547
29480
26433
11650
6908
19825
9275
14270
13317
24865
10899
13071
16782
13647
17507
21844
12891
2401
23071
12314
31111
30865
20106
4884
12538
26240
29141
12832
25779
27827
7331
21947
5976
2
272
9360
16580
617
17530
17612
2310
20730
23099
4214
2237
7895
31336
22359
14672
31828
325
22833
642
21849
14572
21730
30566
18189
30103
14865
32085
25825
10479
18471
23771
4206
22875
23901
27147
29429
9729
19659
27976
24566
20186
2844
7894
17489
23302
4893
6540
4099
28454
4212
23313
5041
12691
28098
6901
24486
3932
14990
11673
32080
20430
20262
28802
563
13503
23630
14381
11668
13364
16361
3296
7570
26672
27751
31689
21407
16810
26776
26169
12981
30875
32264
20896
5110
15341
2639
8521
23303
30975
4201
22507
21958
24349
19151
19500
12209
7927
11351
17670
2472
11909
27899
3136
3517
32374
2579
21288
25919
28608
7434
23607
31874
28768
26294
9128
22745
22970
3741
22511
22862
16128
21998
3571
16975
17094
2552
3125
21699
18417
8264
17581
277
32375
1975
3148
2216
26830
2334
410
25325
24644
15278
27508
31203
14044
8826
4098
4153
30804
10914
8997
10715
17337
14438
19204
28572
30347
623
6085
10472
9354
5066
13038
2870
24267
2495
6932
28739
949
11160
1135
21020
31528
21916
19592
17761
5544
7159
4226
15236
14830
21552
6475
16274
23733
21709
27148
15700
23301
15539
13194
10981
16888
7231
30811
18180
25546
3595
572
26303
18289
22855
31686
13073
8816
32240
24678
15371
27732
3544
21588
17048
12153
30903
28036
24899
15340
30878
18452
15358
30283
14099
5926
11278
18388
17180
9274
4323
9230
13452
11792
11310
8719
17629
1004
13020
12049
14729
12175
32476
26285
31135
19148
24475
18048
25787
2817
28895
31693
20870
29953
12678
26267
21509
22653
10317
19830
22982
2068
23881
2831
19755
28724
4086
10548
12014
23086
25537
31431
26996
4937
20752
8851
19506
30297
21385
24326
13314
11050
8337
6158
29190
30815
28411
21080
10258
11340
10493
23617
26597
27723
11596
17955
3203
23859
30386
24835
27087
25613
3596
12740
5525
28906
31739
29587
29162
28685
22302
25502
19307
32612
21231
31900
11043
13787
16699
13368
12737
2936
6320
11562
27774
62
21143
6778
12438
3177
27459
5672
27734
11462
24950
27903
13900
9591
20391
16592
14438
21483
8381
18315
11385
21090
30947
11019
19065
20031
853
9837
2489
12
1579
13287
11252
8905
30930
31954
23629
12688
16797
30073
13487
24122
16574
17130
13184
13498
30089
6492
1474
18604
8535
15627
9162
21985
13593
20625
7553
5327
2053
5744
27204
10066
32283
25065
629
20105
13464
5390
31201
28588
18192
2457
30740
1224
7667
22299
31674
25377
16935
25223
26543
10108
20604
22599
10697
22253
6766
20717
10382
22664
8463
22425
22211
8818
31546
10123
23583
6591
15390
13350
30964
11948
4615
4127
3561
27449
31647
23431
1085
16832
24621
7959
6451
735
15634
12111
9481
25068
19454
31119
29614
7948
24521
3160
13106
29416
31628
17736
1984
2528
26015
7261
24438
31027
18065
1727
10273
3383
4176
12914
9952
22079
32302
17737
23336
29309
28360
31991
6907
10048
22507
12313
30102
19503
17402
1305
30589
18919
9395
27199
4366
20810
28605
6402
2266
31340
22001
11031
13700
15891
18516
18110
5777
7028
194
22531
29030
28735
30648
9750
11683
9336
25005
7178
10167
14692
11041
28190
12948
23907
979
11223
753
9936
25166
14062
21375
10950
10972
16313
30819
24116
21507
17003
1249
3219
25620
15956
215
21304
13611
18989
8748
15207
24753
64
9893
14873
16004
14924
30869
4045
19211
10861
10530
27863
26973
32745
29453
8834
9521
21767
16867
3403
10660
22341
6059
23053
28715
27777
24173
15717
26529
16817
13599
23405
13152
1481
29931
6906
1891
26905
10199
27
12274
30305
16019
4195
11585
20875
29148
8251
14887
25146
22203
24708
8216
7204
28825
614
3280
22880
23343
4671
28081
7076
15220
28649
31671
32371
24382
23268
1473
20228
16608
9041
20642
21960
24526
30479
10562
11258
7279
13479
12491
1875
15270
20605
3610
5116
17538
3370
21012
3793
23952
28227
21444
24494
8075
1994
3995
28003
3108
7020
24250
21586
26376
27354
11400
21122
9295
13793
17062
319
21188
4848
24434
22269
3802
23821
20490
22511
23042
24341
23590
1152
27408
12475
2386
9737
14239
30681
7704
17972
2441
9094
9622
22663
25619
30819
16044
30024
28864
31934
23484
22250
2687
29771
27311
21872
31163
24937
6956
11489
10878
29385
1754
22280
3346
12618
22107
25091
5654
23536
400
18007
11582
15921
6437
19274
10808
26412
23591
25492
11276
32313
28053
9206
19519
15247
13332
30610
9653
16046
27544
4639
26935
30945
28065
10115
18566
7809
23405
1251
20094
26715
26235
31553
29798
7402
21888
7598
21216
6049
4733
29036
9782
10438
301
5519
20075
27354
3293
16186
12956
9308
3954
1925
10394
20610
26528
15219
22714
17788
28640
13599
591
12144
8635
14566
25818
6446
11752
29145
26591
2393
5677
26039
6003
19953
2668
22711
10315
13435
18336
30489
1271
8412
3848
18167
28862
11002
21881
9982
4966
20832
21332
11184
16924
27937
17230
173
12118
28646
14252
25315
22758
9705
14186
11754
2701
6351
15822
4377
21009
2742
14859
3872
20270
1697
3459
3305
6591
5662
9947
199
17731
26830
31348
18748
10670
28704
28434
27523
19335
1954
15922
824
14439
21153
16685
19087
19121
11217
11111
18765
4851
10419
8945
5321
2898
21742
4726
23424
26364
30168
23696
20298
3245
32223
24804
24785
1183
21371
1785
867
2263
2625
10085
15456
32514
21592
20393
10317
22774
19114
15815
267
13836
5232
8782
10263
4212
4481
6640
20263
14442
24095
24875
19675
2636
482
28513
11929
32454
18835
3402
12812
24608
16907
14261
11575
23443
7012
21581
16560
30432
3748
314
27685
23511
3339
23751
3125
18238
26711
18524
20935
29964
9875
7914
9247
26377
21220
4152
29175
22241
25485
16493
24196
10560
30761
25373
12670
6458
29027
951
10507
15003
758
24663
4351
12271
30887
18193
9792
1011
21299
18602
14698
9564
32275
15199
7682
16421
14433
3119
8003
16888
20742
733
23439
13539
23058
21670
17452
24896
15639
6199
16011
29320
29240
27620
14967
26805
4354
24577
31261
7855
1120
32477
30585
19509
17091
15368
3690
10965
16143
31418
10054
7717
168
31063
26694
18653
5776
21997
28447
26029
3581
27223
27393
878
18454
16247
23540
7149
9476
29759
22120
5177
15413
12713
14319
13849
892
22265
15111
15285
7257
28774
8595
27642
30713
3190
31807
14522
12359
2711
4814
26929
16206
27704
12472
3159
14709
27377
16232
15813
12873
30487
9296
17554
16479
32539
20761
4958
12698
3118
11412
17629
16325
24888
17190
16803
18108
14737
1491
23857
19622
31577
9285
548
5863
12596
16638
12207
16294
24910
30698
9236
13931
6230
19535
22707
9208
6007
19227
27046
15713
19441
3396
2214
8204
24504
25189
16122
3205
8095
7717
3820
15102
15359
5120
27722
27235
19072
5795
3609
1259
5269
29076
26749
13025
19099
4501
11866
7211
26713
29371
15656
22140
23307
2788
12715
30924
9960
5196
27845
19040
24150
24777
22086
24276
8662
8335
6708
19860
4098
15642
30831
19925
22085
26204
17139
13765
24269
22448
28786
17993
22952
10705
31058
6687
28739
21481
4942
28838
24868
22376
5790
6350
3117
23306
18722
16561
22699
22650
16238
21643
16424
2654
9988
18652
22177
2087
7352
5432
19701
19885
1436
829
16577
28003
4373
1031
27607
30942
29719
16793
6122
21934
16802
32411
20851
25311
29333
9399
3054
25196
4975
16999
14482
10155
27895
23134
18747
1566
10501
18060
3882
15576
14194
9807
3675
31985
5813
5138
2344
824
15675
10836
12537
16999
28642
9713
29613
226
13924
9589
3058
10319
19481
11533
15369
25381
1404
18191
24601
1836
24202
1737
31237
14662
4698
7621
12375
18583
27935
23270
13859
10285
3268
25364
27115
17183
1357
12440
30407
27520
16180
15380
9599
7652
22833
22804
23829
2068
2548
17671
22495
27703
19718
32271
17614
23381
17915
12228
21389
31226
17642
2427
26699
26064
17286
21972
13488
16537
5454
7751
25790
2084
10914
21272
22022
7782
10636
2549
32109
21043
19292
32377
31356
29170
7445
17415
14055
32682
8536
25679
12407
4708
16428
12037
22444
13487
23981
31631
18122
20762
25189
4943
14831
5673
23636
15888
22223
2558
352
15218
879
26611
7058
23057
27696
29896
24797
6797
3519
3461
32360
6892
14306
14817
14890
12643
15803
26355
3887
23160
8844
6825
16865
8778
381
9132
11219
14346
4219
32651
19462
7590
3587
3446
30380
6364
20588
25371
30850
4937
8070
22874
21642
4422
23199
28629
16522
5534
14666
32191
4465
26951
19562
24441
7353
30220
20180
17666
10355
8723
11418
15607
1266
19529
18865
31885
11699
3517
394
15456
29433
6278
26276
13624
30757
11848
8778
5542
6711
25681
1180
1187
25571
20891
6096
21470
5339
29669
23975
22968
3765
6796
27440
26413
23807
26741
6168
17621
31539
21753
7426
32029
17278
15862
19911
15117
6304
15646
2442
27345
18749
13047
17153
30725
1422
3199
15755
26486
1477
23624
16036
18445
16206
17929
24578
3866
9916
6865
24957
1754
6944
9782
1219
11759
14363
23234
10392
20098
31577
10235
26233
15087
26915
28897
18522
16674
22962
2119
14215
20333
5668
26101
23737
22086
19476
20521
20213
26583
31746
4528
13866
943
15281
3626
9393
726
16116
26952
23013
17051
23060
29345
18195
5728
32575
21799
11179
2348
10475
28656
6115
21750
26869
5018
28351
4005
16943
3050
22178
1879
25954
6704
31517
599
25118
29568
23617
13864
8446
23358
31647
14388
17851
25895
25338
24112
21530
29245
9107
14403
28576
31306
8764
10728
32758
16865
24347
23405
11946
5883
25709
13482
18942
4659
24192
23520
20787
21640
26703
20863
15992
4543
13061
1563
2698
30069
20740
9528
30964
30535
28831
22140
19109
747
22846
30192
8553
10228
31170
25639
1526
31691
5009
4424
7875
7411
550
6946
17491
23321
31195
26778
15242
969
17622
7344
16674
10297
7216
15487
21317
22189
16336
13144
27224
21163
4473
17186
18322
9140
9569
3856
11760
17116
22554
12070
17099
13969
4893
2309
1869
24049
26782
12567
14422
30617
2369
27900
1619
8836
19607
15180
11303
32718
4303
18120
778
32226
3277
14893
29313
30684
2351
16559
246
10650
31621
19215
9190
18452
20852
2577
26058
27508
1039
24994
10917
28370
6063
6314
3131
11188
12022
25747
7718
27577
13942
1344
18919
15748
27727
20460
18038
16713
10103
26344
3064
26094
13873
6833
16291
22709
28029
6905
915
26380
28516
2805
20567
15923
20022
6800
26493
27692
10832
16494
32683
7238
10753
26426
31705
10329
26280
4079
3755
7576
25457
26869
8045
24554
22998
13953
17958
20494
27008
14224
32081
1519
26333
25219
19721
27180
12110
20688
23688
26736
11651
16253
26939
8596
27025
23385
9055
3052
486
21492
21258
15390
15189
10662
5517
2350
24072
13204
3792
2578
29244
10836
11670
640
25951
28636
28090
27021
17532
11903
11666
20560
30241
19354
4453
29339
2952
22719
16680
10920
7044
18446
6463
20369
4248
834
8724
729
29124
18367
9276
4303
7526
30490
16707
2217
2309
9254
27254
23272
3764
12830
10759
23131
13304
27106
3309
30048
23276
3795
22584
15480
18217
13700
16869
17670
19658
20016
17301
20117
13971
6288
2827
7534
6365
12426
29749
7225
13142
18002
8664
2658
17269
18678
6121
2995
13922
9459
22152
10308
24894
9794
20621
30264
20997
3876
29056
31119
3437
32577
26444
14041
25341
10633
22777
15252
21224
22175
7203
21233
5475
20547
25682
28043
23636
23808
17422
29072
6849
7120
25227
20287
12419
26993
5775
30198
27789
2155
28880
12405
8969
13236
20036
29713
26887
11412
9572
561
22048
25525
13872
20079
26566
26942
25441
23837
8111
24354
16746
16976
22309
29787
30992
21102
10957
11234
18896
18735
12792
29533
28536
29142
25515
11884
14740
7947
12109
26934
1089
8725
25868
32430
14301
30955
13522
27092
1692
29805
3813
12035
15278
3929
18286
1866
2354
4998
26026
9345
11325
14473
3569
28479
10642
20348
22131
23744
26143
32129
4790
4434
25231
7002
19958
25846
5686
20511
27710
16030
18832
10212
20945
5687
11502
29232
3976
7964
12318
11957
8015
13961
1470
3012
4566
23041
4533
12248
6910
127
27074
28954
7460
28881
4698
2629
13572
4271
32020
24978
7694
380
13735
8194
19165
13240
10499
20085
1043
2392
16816
16647
2568
32044
6779
21383
23376
16578
19385
21753
20758
25312
18750
6062
22390
15214
29916
25163
31908
26430
16057
12316
22642
15679
20637
22423
10248
13102
8456
6146
2306
14641
14110
6870
14516
1623
29882
8470
6386
30120
13590
13641
859
3843
4042
2061
1096
2663
28439
24414
25889
31628
1440
16563
3352
738
22984
3914
27176
26713
25912
17258
22114
3437
1299
9517
12261
9480
28287
3675
25908
25189
29980
10126
26756
3466
25350
24191
2135
7837
8443
25892
27647
1208
7172
1198
27217
30978
28550
23322
21022
3397
23001
3018
25674
30209
16162
12214
21460
13101
10913
13786
1399
1382
26395
23229
22667
13545
8726
24284
8705
10665
31997
29943
10331
10759
23985
7182
12622
2278
28556
16190
28920
3122
29871
6216
5990
5967
31873
15590
1026
29817
17025
23790
1184
25317
31704
725
12479
28790
12306
29121
19702
4319
32176
8965
16615
496
19871
24898
29025
29447
9496
17559
23151
20246
29483
17279
14988
13362
20646
14111
8267
2410
1493
17831
23999
15865
14052
1553
27306
25831
31712
15
14825
29528
31790
10046
5317
22739
6128
13852
21862
32248
25264
7234
16348
6341
32037
9614
17111
21073
15438
29073
20974
23922
26747
12376
5527
28524
1565
22169
24605
23615
23691
12281
10184
27492
7692
8242
19656
10406
20270
11525
3615
2595
14518
13266
6855
6659
4452
5479
6329
32112
5553
7958
20576
13206
11414
30461
373
32369
18518
1678
30640
29288
27910
30621
27987
15430
24886
11711
20703
16824
738
25260
9109
17605
9781
20885
28599
31061
1855
14905
15524
735
9354
29278
23228
12374
16081
13658
25548
13931
21511
11052
12405
4294
30474
10276
6264
23274
25396
28242
26306
3944
32765
29878
1014
14165
13198
29566
1260
11672
25226
4104
30562
19694
16876
26213
6356
29497
12556
8742
18782
22189
19244
12423
6784
26674
29425
11379
17609
22732
23789
10337
26056
24267
7947
1415
31021
495
21743
205
27565
18847
7050
30740
2184
3144
17151
13399
30529
20090
27349
15391
4689
6170
12516
27683
17430
22900
22842
29096
25488
7469
9302
13212
15507
11957
22578
14934
11177
21917
27180
14019
2869
6942
31682
31944
1919
7175
18925
19766
23964
11817
13890
14113
18107
20084
7923
24812
30772
21928
9390
2084
28210
20138
16005
7498
4376
12047
25789
28960
15975
25269
4548
5056
21959
4572
29811
4233
20492
17050
28760
26237
281
9849
23057
11129
26689
25355
19997
27607
76
27410
577
29877
15107
2080
7931
23966
25382
5002
7933
9372
16417
14823
25735
6860
32331
8314
18908
10355
18462
29095
20735
27018
23033
23061
1674
24621
6168
16828
6266
10917
1273
896
15215
12284
4096
32312
19351
22032
17239
12026
27812
12380
74
15621
1313
19356
11726
26309
24481
22900
6336
32314
12625
28489
26731
3033
4604
6410
4795
6134
2853
3190
23887
3785
32376
13063
13361
13300
1413
16703
29234
28816
2837
19832
22533
32167
28636
27249
9704
5099
25150
2944
3882
22801
18254
32255
12744
49
6513
9082
21275
5763
7417
3087
17319
1492
9378
25954
12280
15584
17711
4621
3905
23064
1134
13761
16240
15772
3000
3712
15649
2284
25163
32608
6014
29796
29992
31001
19155
6374
32521
21713
29309
11361
32530
23090
2720
27051
26047
16750
22322
28446
15983
11835
14224
14132
30679
17188
26093
22261
23613
24071
18943
10236
8260
6425
23243
19028
2495
727
12817
2756
8639
31248
6412
13565
14000
2754
18402
21062
16047
26843
3081
21348
761
14319
26962
28834
7781
30064
25989
6843
31904
2705
3276
16858
22596
28628
9211
1438
20298
1256
4134
12652
26484
24815
25986
30553
1302
12885
5563
18661
10037
15807
6399
450
12209
16220
10916
29653
25116
27714
28563
2885
7950
6595
27417
30216
15860
1044
18738
15028
15349
2115
15523
24924
30210
24675
19134
11212
12018
8244
4508
5059
22823
32467
1758
8046
28821
21461
4249
15538
3659
24139
22787
29313
16030
1613
4646
4781
31308
25605
9717
4148
1391
31430
20241
15024
7468
15952
22134
17262
4406
24336
32134
31271
14267
21129
26224
7840
4638
22694
17764
31183
17033
2787
5456
27762
17406
29802
17335
5580
10354
6568
15047
27708
24898
11019
3358
25577
32520
10352
8406
24426
2501
8015
26359
5108
9043
21448
805
30663
16369
27491
7293
30077
23927
28867
25417
27435
27188
29449
19865
19265
22062
3187
13198
20375
18652
20960
9443
29508
13315
3669
13540
28598
1295
14375
17726
17514
12862
20202
24744
29996
4191
2238
20605
16236
17678
15722
1442
28801
11668
8732
5075
12648
2415
651
23718
31672
17701
28836
2854
25907
4441
588
7426
24095
5208
12381
22190
21830
2466
16940
16752
23529
31849
9590
21811
21071
15951
19829
24335
25054
26685
466
6476
24021
2111
22967
29349
29954
18271
13512
8964
4198
4515
14904
23837
16567
22460
6973
26607
11441
26520
818
12019
30713
11372
28333
30403
9868
26587
24475
3134
9487
12404
8893
22308
25505
6518
28457
14388
31415
14406
18536
10584
12175
16504
2010
32152
11131
25240
15826
26762
5693
13684
11833
762
3928
7926
31040
11155
27133
517
672
10613
3691
31525
23335
10864
207
1196
26356
21650
7421
4883
31557
21794
27284
9445
10779
28589
26469
23781
5882
8084
5101
5499
1059
2039
19379
26202
12970
317
11414
28220
5083
4068
8748
26114
31339
26562
9923
28663
31346
5711
5476
20886
7709
3993
10339
4270
6673
3591
28921
3614
23396
28289
27922
627
13744
30253
6014
17770
32721
15784
20338
14056
16598
6648
13991
21723
11913
11513
1425
10808
22044
21256
18578
21104
16004
16477
849
8846
7802
13311
25532
21570
20004
24681
27614
13261
31435
9953
31851
28207
31450
1269
23696
30867
21292
9527
1924
25386
3765
20801
665
29173
18748
11697
22658
20164
27664
5597
5873
12249
24387
487
26211
30320
31570
27947
3749
9623
27164
27283
62
15309
8063
30215
24719
6829
26852
20761
31499
28204
5039
338
12918
21471
16017
30930
32572
5189
25132
20922
10602
7882
551
25912
28365
27363
1571
28122
7959
17436
21976
30199
933
10578
10646
12461
2945
17680
19178
17499
10757
16128
10241
2304
18646
21750
17634
25157
11176
17717
12421
2347
2872
25727
27731
10167
21001
21561
23647
6415
27875
30991
12289
15247
7899
17190
23854
14539
32594
4818
26189
7258
10465
8340
5878
19100
1787
15792
11274
2272
1115
4601
30781
30928
22626
18596
17386
18135
8161
27889
18574
32435
15904
31510
17671
25920
11150
18835
26209
26953
8324
11891
112
12169
25501
5963
931
11836
22111
31212
29883
14085
24136
22269
5285
17066
1069
26095
25235
9347
31165
16013
5497
19900
9101
11109
11693
24268
17928
21158
16299
9840
11080
9759
6988
20448
25940
18662
12568
20985
12382
24161
11794
13983
16431
28272
22174
19586
2530
18666
9278
31935
18686
25261
4089
16961
28393
1941
28546
29431
24598
25019
10374
24651
21968
15453
11726
16712
18943
22816
3220
14032
2198
31083
18540
28037
12478
15171
5460
14194
15963
1753
32446
13362
1153
24882
5885
26125
4799
5375
15603
13139
16698
10624
19489
30620
6580
18373
30490
17518
16610
19435
12610
22254
9810
28772
7379
24953
13307
16777
24904
14890
1089
9895
26083
7059
1780
13452
25207
12634
28457
29075
29897
6670
13033
22842
14703
20601
492
23608
30297
9395
17538
15327
25604
1976
12045
32685
20849
8807
23902
4324
2291
2926
20889
10943
29942
3674
21919
23638
8439
10815
32536
6350
12940
6065
31761
21021
11933
10668
8417
739
23541
2686
5919
12852
24592
7409
25678
3670
31532
23244
26484
21004
31392
28851
25587
24999
13907
10173
72
4692
25068
1174
3365
16951
27953
1939
7498
30689
10617
11934
8239
29421
30586
19392
7462
18197
22563
17517
15028
27276
26653
20430
31281
30420
27046
31403
14451
16157
9475
22193
30321
30073
7107
1802
9227
878
25232
19756
25160
30016
5085
26501
8677
20053
19567
29158
5378
817
8452
12498
1292
32499
28549
3863
24364
2381
20390
5924
23323
7097
28985
18501
26932
11387
14905
4548
20093
16921
18816
31267
6645
13237
31441
29161
21187
10832
16067
11605
20562
1833
2390
9112
7323
26480
15155
11275
20869
29069
3478
13345
31743
1151
24618
28168
17160
32478
17552
20343
152
30795
8906
28457
13551
111
26912
16509
19290
24422
23195
1251
32327
10731
11349
10729
2255
8549
21996
15145
2009
11687
27802
2047
4439
31786
10656
23608
27845
1736
24921
22326
2888
25207
10627
13413
2992
21411
15898
22767
7403
25888
24682
8526
20785
28293
7051
6715
12137
27922
26857
21946
21488
14218
14616
26504
18817
28742
5623
17187
11162
1063
10689
24758
11919
10552
15306
25911
4558
23767
20464
4028
21223
5756
5433
21787
5979
26216
9142
24981
30011
29774
12773
14405
21834
20760
552
3754
18136
11027
3137
29050
8476
31125
6917
25630
25132
7124
31210
24939
21205
5742
22773
23307
16455
14144
29812
5226
23459
23387
13694
1673
6461
16824
23846
20841
3707
5510
20751
14671
9039
29273
15604
22384
16273
19495
5874
28701
19381
3475
5816
6726
14019
29345
3092
29521
5162
10245
26594
30673
24613
5077
6288
514
16835
13831
1409
1244
29295
16438
27106
1780
615
5545
24763
18021
8481
25582
8496
10283
3404
1893
541
17586
18450
28794
32053
1676
399
6843
30001
5266
16217
29730
18620
30096
13536
27452
20872
17308
20123
5479
24354
8119
9139
26639
18749
2381
3119
6908
8065
20120
14441
16076
25781
12554
14820
2140
12648
19588
28295
2662
15727
6216
7226
26308
14058
30839
8958
28015
28051
16401
6625
10777
21429
21016
8786
20734
11986
3263
2931
3894
15251
216
22940
19829
16483
22453
26478
14536
30784
23721
7828
14216
31763
3579
22334
5066
7758
18714
15036
1420
2808
4328
14008
18207
12335
16231
5513
6450
226
609
4504
26748
29510
26135
27006
21417
3926
17184
11212
3418
4119
3803
32400
17857
17387
28093
26849
30045
12355
30089
20400
17607
3763
10931
4122
4435
21192
24997
20959
3902
12069
9868
27572
2395
13783
14341
32421
11283
15593
1085
9212
28268
10511
24106
20796
25727
24877
24345
20667
32363
19117
30088
6448
7967
28373
20631
13107
6298
26813
26178
3582
21112
16279
25435
22940
55
14939
1555
24962
14372
16056
22345
25387
16350
17724
3450
19715
26253
1210
22955
11374
31679
17222
15365
11376
23229
22997
20566
27013
11037
27480
5794
5371
16910
12941
3612
28375
14828
14336
5528
12074
28732
24985
13204
209
16007
17216
8602
5504
27414
18648
9380
30047
4920
10776
9877
3858
934
17851
9176
6287
29421
31489
2807
17030
9867
24187
28564
23916
21567
10050
7251
13683
17215
3976
12662
25188
13296
10472
26184
29892
14368
4359
3106
26951
6564
22129
9796
9440
11213
25258
25071
15109
19371
10950
22300
1278
32534
11176
25246
27425
23845
672
31286
23148
15510
16498
28227
8452
21326
25856
10689
14935
20556
32339
8823
28254
23503
8388
2331
5961
29269
853
3175
9165
7272
28898
23312
5887
10585
7307
22765
6994
32175
1049
14451
11068
10198
10782
8944
2154
32480
17083
32004
5297
20055
25095
14187
11805
25093
16897
1175
7289
2620
4647
9224
31324
1819
13160
31288
24946
13221
24687
15777
22661
30704
17696
6676
1445
13180
15462
31064
24011
32250
20579
23830
9737
18859
16060
4839
1049
1572
5635
17903
23146
9089
21788
18358
21019
18791
25556
10459
23320
32550
23773
318
6786
1955
3414
2332
6868
14068
32051
21976
14658
23773
12092
14310
21750
217
3502
3749
8283
10322
10189
24094
9060
2524
10910
28019
1185
19750
12722
31481
28918
16551
5736
12476
1039
12524
2852
2048
12209
18259
13519
29875
9356
5912
6577
6554
23507
15095
31824
4167
1104
18106
2120
8216
16755
12375
2057
6715
27124
18699
13124
17889
7568
31246
6964
21226
29189
1576
21379
7734
29561
28989
4992
12814
6964
10141
4535
16846
29381
23568
3256
8880
12285
16084
25473
21743
7070
27375
11248
24057
2288
736
10869
15572
2856
3781
26542
29968
1435
11211
421
25663
9634
31469
8951
3452
48
4114
834
26477
29094
14837
29981
8584
6541
42
31076
16102
9665
29341
30063
17782
18662
10815
21755
21587
13526
15416
541
31815
15574
11548
26525
1801
32285
4844
7461
3908
13054
15079
26898
22627
20821
26879
14352
2913
20535
17030
18034
806
22477
24674
9281
4704
12014
17056
12454
14425
12370
3117
10605
13261
21068
12176
22342
11748
18874
26459
7181
399
17191
12149
7407
27865
4700
25470
32638
21398
30156
12355
23302
18790
8809
25262
8980
16919
