8030
23874
30386
9981
24620
28479
19722
13320
7552
2538
9789
8827
10248
31724
1023
17960
20981
1572
3295
27269
11251
13010
32419
12792
12505
26327
17291
31649
11610
17499
31497
16864
18046
3041
5622
1931
11375
14593
19471
20703
3132
13311
23302
10359
13483
5321
19991
32570
23639
13532
24021
16190
18708
2044
21113
11087
5117
682
26990
15665
14371
26421
11960
16354
26709
31412
19942
8235
21162
4735
32440
25087
27872
20515
25222
26894
28096
19607
14138
1908
2706
18498
19532
30695
10101
31975
1201
12311
14698
20350
31817
13284
8827
32451
27893
6293
5830
3316
24033
10438
14942
28223
19736
8082
16402
386
8908
24565
22327
27197
13575
32290
23997
24772
19063
2079
24667
5200
18522
13583
28311
31510
29829
22340
23825
14963
15194
28254
3023
31336
19161
5148
15817
30725
16563
20964
29766
15391
12012
6957
24039
26129
23790
29233
8180
10537
27552
25643
24453
18227
949
28482
26236
27554
1035
25493
30455
18196
12409
6105
11384
28358
17301
27696
6027
256
26208
31220
27688
25169
14964
24333
15093
31013
9293
26170
706
4435
2774
22514
28304
13019
29108
32350
25033
32559
3228
28149
22673
18846
6377
31410
2105
23433
29667
26747
5314
14826
7182
6314
13530
1457
3304
31030
22934
19830
8780
426
11652
3582
24626
22638
10655
32261
17557
28771
23234
10954
32403
16837
24410
27809
31604
31756
9679
13964
27375
2030
14090
20907
6372
23857
14857
13858
21291
14920
23430
5193
1762
25916
30676
17620
31516
4027
18002
24989
22518
28873
8382
4658
14105
18101
515
13474
18208
14127
16580
7075
11571
29856
21814
29146
29997
11842
20631
20615
28434
19175
248
24968
5966
26855
6865
15701
32704
29860
28772
10309
13346
27216
9073
5447
17553
6878
20247
21388
32480
20180
20527
17075
6219
3750
29039
20099
10392
10865
14604
17798
22303
31206
3407
3157
7643
25977
8242
13679
27825
20963
28971
1674
30878
7228
25349
32503
8073
20897
29043
16746
27194
24572
14169
20100
23350
2419
1918
16131
31524
29259
9767
25139
29532
24495
1514
16064
10348
22038
28941
26029
5370
29644
7037
17390
9585
13058
11602
6741
2117
26891
421
5536
16124
14555
5876
8113
25557
31552
1800
25974
13384
6389
10779
5250
5603
4778
28042
18828
23354
30711
11222
3120
4
16031
20767
4718
10628
19715
30709
5135
18965
30451
2332
15500
22886
23951
18405
27335
26866
30692
13543
857
24985
19935
23499
28386
27812
30868
3537
31093
27645
5169
26879
24416
11042
5604
27002
17116
492
23344
5938
5637
620
1224
24934
22878
4475
8746
4391
29496
5853
10480
5620
18495
19423
3947
2702
31945
17480
4316
5438
24742
21209
3671
8101
19897
11593
3866
24302
834
28502
20931
11577
21897
29353
446
31718
2770
14532
17143
28400
31765
24601
4629
27757
8621
11491
10260
31577
23857
29712
15239
16185
13108
23615
30486
18852
13956
13193
14267
11008
18111
2235
2435
6209
23335
27491
9429
23059
13260
13600
5948
15475
925
24304
3157
31562
27651
6618
2621
15904
26307
22471
293
24565
25564
24376
9877
24668
20557
23263
9867
14060
20270
545
25302
28446
16030
5065
28378
19911
27316
22312
11588
18030
2712
24919
30046
23849
8217
7090
18810
76
28759
29013
32584
19849
21803
889
19254
5865
11327
22284
30385
8142
8831
1418
19910
9600
22009
27635
30341
27018
24821
22708
17379
1764
24358
3771
1750
5935
7353
3577
24572
14538
27062
3155
2697
32268
1887
10767
23774
20556
24700
14073
7330
27688
26951
11196
190
9962
395
15528
31407
11065
14230
7499
8008
14361
25963
20630
7961
29916
20136
23440
4053
13868
27026
8785
21763
1097
17564
11455
11451
18477
815
30518
1964
14722
25852
24614
15016
12347
32362
28634
29297
9392
23909
8616
10217
18298
22682
9262
2675
2424
29658
19767
11899
10034
10274
22044
16605
9169
14531
31698
2518
3939
29912
22222
30823
31400
15222
12300
7788
30706
26709
14942
4633
7645
8912
1348
7492
15754
19614
31367
27380
24404
18859
28832
22069
5238
9
21835
4163
18985
19555
4501
23188
32058
6829
3681
6886
520
11640
26049
28067
29022
4006
18215
17171
24617
152
15029
30444
5593
6835
9
26197
23973
82
3617
9297
18059
31443
10668
16231
24063
22162
31802
20428
22970
5273
24090
16094
30873
18883
22601
24222
1427
20395
31625
32609
23605
16561
24944
27367
25360
27295
20030
25953
15763
26822
1428
6089
28060
20696
25719
7080
19502
21272
735
10642
20455
25655
3341
24141
7707
26567
11678
17557
21093
8047
28541
27856
18942
2076
7135
25432
30033
24928
18665
29140
24345
27995
28015
6528
26061
22501
17022
26318
27081
28978
17730
5950
28209
9891
12187
4586
26244
21628
25152
7198
32434
18564
2786
5205
10065
5044
9542
21418
27154
16829
28459
22953
17406
24898
24022
22302
15543
14766
8811
28185
23334
10647
27126
1398
22969
14982
32082
32668
27349
31044
18413
18291
26655
1931
2629
16554
6139
20001
14249
6018
8614
27571
25293
16974
21975
2803
24529
24269
31651
2772
16444
5680
9957
3639
23583
29578
927
29315
11770
14070
32086
2733
15177
12852
14284
6372
13007
11764
11645
9919
5528
9462
23155
2623
2618
22097
3896
6611
18018
26316
17575
25976
32394
30022
18759
12873
27424
12571
26440
24354
6218
21927
8478
16288
11105
31424
14870
14392
20589
5004
29138
14743
24049
10361
19028
6041
816
21268
17569
2561
26352
10894
16450
1923
13582
8220
28425
16407
27972
24134
32234
799
32755
25588
17533
29027
8659
1238
14500
27517
10672
29595
23401
19937
26477
7569
18408
17940
2661
8044
11408
16900
22103
24234
284
17483
28747
21844
1538
3604
23940
5296
5270
19434
28489
1959
27502
5736
28636
4077
9804
4311
13775
30599
15448
16911
18367
32356
3410
6981
4394
5139
20095
25301
2324
23440
25710
22303
30591
20360
18272
2140
231
31432
2522
20930
27511
7819
20033
25608
15897
3247
12551
21064
3461
2021
31318
6913
17455
20167
23119
24525
22295
1019
12975
30370
2823
21381
12175
15912
25052
13853
23693
1205
27683
26163
17183
13869
31123
10375
25336
694
26698
17051
23680
7322
9333
4710
13031
21628
27043
28377
27411
5752
5646
406
15962
25764
702
9156
11874
13447
12682
32686
25429
10970
7971
17273
15858
31631
24247
10110
1522
28648
20109
8587
2356
8649
390
175
10779
12284
23518
17407
433
17369
25548
20858
3920
27932
29902
31027
10924
21193
27465
32026
19822
10731
16673
31557
22098
4768
16935
15935
31932
4148
16771
27817
26635
26557
13507
10459
7401
21166
7638
24712
482
26363
23997
707
15624
4003
7625
23292
22548
15596
2537
22839
15654
7093
30308
31201
7977
16342
12990
15237
4148
16499
4877
29667
27936
22540
1285
4016
17875
6868
4355
22509
9758
5469
6986
186
9240
8278
12592
18201
11699
14493
26679
31527
3627
21970
7038
22336
2165
16791
19599
13010
26689
267
10286
19510
15246
19495
26568
6045
20294
2960
1904
18659
8060
608
26978
23134
10680
30393
14558
11437
23071
20281
10912
26742
9020
17854
13829
21029
21920
12178
24112
448
14787
23832
8722
3175
29336
25249
16338
14070
32128
25847
29995
18564
5909
6222
25159
21771
25985
30967
8340
6816
23817
2743
28465
23396
8980
29432
6868
28565
19535
31095
31313
11414
17962
27644
9825
19548
3317
25916
20573
19257
1889
22067
17087
9522
21327
29690
28369
29755
17981
6542
22099
28351
6403
22839
17979
30260
15660
15067
21811
20317
3682
26047
16672
11422
2935
20147
24964
25121
14500
13980
29571
18619
29448
23580
4510
11534
16216
17833
20507
28225
13711
24024
21164
2414
16404
1924
2288
8105
8080
8200
9460
23454
23416
13326
26468
25323
21800
14529
5608
15809
23632
27566
22113
13188
10669
9554
13155
18090
17661
2762
26388
10136
28628
29067
7265
28547
24999
19188
21652
12948
21152
5581
29255
19521
17956
25233
6037
31806
865
25745
7900
30253
15690
19076
1039
4884
12375
29702
6487
7585
21495
2694
6542
31539
24658
29547
777
23675
12561
26698
10069
26509
20269
30357
11842
11988
16618
23507
28788
9003
24164
18196
8483
21927
8799
3329
24877
10125
32134
23428
27716
706
2079
9411
3204
30449
23794
17166
7251
11973
32025
3388
6122
9369
1264
27667
19818
12537
31602
17509
30147
25168
3211
20575
27254
10311
5508
25367
9195
31395
25013
29523
19689
18454
31503
13278
4810
32447
29835
11594
32080
3722
4076
17202
12395
23558
4942
26523
20591
19456
30188
5070
21801
6500
4235
29470
18527
28392
21050
5647
18956
21284
16317
3159
26007
1728
6616
11383
31726
13809
24980
16606
1042
3498
21109
25845
9950
15205
49
1860
22064
19541
17522
21788
21134
5415
31970
5175
24073
11002
17508
23273
23447
25563
17822
7861
10953
14389
5266
733
3603
27658
22264
8187
10765
2978
29008
21654
31634
31841
9178
6796
6482
2632
27954
15726
27053
24139
31790
7892
26638
27586
19918
15195
6941
11392
29590
26004
28875
21706
31487
21660
13018
31265
9756
21449
19583
5704
14769
21190
32601
19224
24988
31247
30129
31443
17287
10412
18182
27854
10700
1571
26677
28209
21924
19669
16662
1879
2395
10347
20240
19088
18592
17030
19147
31260
31856
24284
726
28217
3824
29387
19306
16226
1865
4819
8742
17937
29063
28001
42
30522
10087
29384
24338
32752
11351
13534
5258
12804
1065
4283
30940
14954
2785
12448
8125
19987
2285
21475
20554
24282
12462
6833
25660
2722
421
887
17449
9288
18105
2489
5475
31868
20004
31793
20466
8750
28520
31476
15769
21309
26456
26403
22292
6581
11379
27417
17989
4429
8823
12100
31735
31832
19179
29257
30942
28446
24261
416
19540
16524
15967
749
6765
22446
19829
22657
8514
28201
19924
22799
27670
14404
22924
30264
31700
11667
11947
15010
30949
2325
10259
26692
2585
7143
8132
21544
24117
29509
32143
3146
18189
10838
5057
26403
7895
20498
17542
1767
28579
27411
760
13235
21035
22439
31638
31180
23995
22011
23833
16425
20922
4388
15524
15150
13746
30711
27930
11540
2388
25199
14417
8751
8221
6063
4237
12208
11281
18921
13822
6608
15681
8940
18539
12852
26601
15318
6915
22246
32411
30581
24621
28398
24605
1294
3825
13490
18903
22886
4729
10196
27212
10558
25444
12310
12898
21112
7563
8640
17674
5123
17995
2639
11010
32129
32712
294
22056
8546
27505
27649
3597
28623
20866
23862
26425
30813
31144
7852
14083
2873
21765
13345
28962
28451
13553
23323
4942
17686
30944
627
7761
30822
23147
20411
7091
8781
32571
12389
5235
13867
25930
1641
31170
4705
27054
17770
21854
14610
23618
22641
21876
21445
16068
17069
12449
684
23730
28384
11227
19241
15231
20888
26001
16359
9170
12421
29668
30473
6660
21521
13177
50
15373
28609
32755
16529
18505
7350
25021
11459
13024
32104
16576
11919
822
29118
2655
24121
19317
3142
30456
22078
14828
17471
6063
27582
30832
19269
20635
13205
17258
25792
25185
8613
27410
22260
8057
13078
30912
1053
12164
25459
27361
304
27573
26469
31742
26854
15837
6641
18498
10990
26742
28314
5187
29037
15066
31788
28402
31322
13736
17757
6172
7688
18477
572
26284
5800
15480
22696
24480
20865
27280
11454
4524
29470
1002
31192
19918
21138
1371
32059
31967
4262
23949
32520
16187
11614
14256
22643
20375
2274
14667
4326
7877
15068
9056
26938
7729
15157
3421
11060
30901
21467
23764
12129
3183
12419
15407
28618
12094
11258
7634
17922
27527
19500
12446
23467
32334
26458
3165
18407
13623
6039
16020
514
12462
19924
28827
25300
17570
31683
26429
30084
9865
22143
6455
24680
8994
4313
31809
17292
23973
5625
17717
17961
27394
3814
21749
9211
4470
27364
14793
3896
12530
366
18383
23693
24186
15129
13419
17162
19998
17456
10924
9511
30370
5295
20713
24044
25832
21391
19252
3295
8328
3392
1067
10810
184
32284
26274
13127
1001
32706
26093
22168
31646
29492
10517
19626
19442
11063
16929
3027
20836
19223
22985
1829
9037
19277
13560
27962
23759
30576
25541
28922
12927
6927
9085
12866
18330
10035
10679
513
8072
5802
5478
29474
5828
16974
15368
25662
1717
11512
9279
17973
17441
12159
24916
31558
10798
8125
18417
16758
20376
2180
4370
25847
841
1301
24237
19638
24665
2412
2182
30988
22158
29656
11411
30147
8116
4992
27716
24351
8172
17462
4701
15983
22251
7747
6186
13851
15317
7244
7874
10969
27966
18688
7406
13935
24785
25148
13339
6130
14322
14541
2502
21479
26207
31811
712
10499
19107
24169
24713
28788
22993
5424
15855
20476
20412
20882
22387
29556
1176
27457
4215
23323
30766
27103
13669
25518
10961
18758
2084
25171
18675
2426
4684
17479
16161
1683
14958
28586
30863
10774
29471
20924
17119
649
180
10073
21815
14342
1128
30859
14280
5940
8287
22822
32147
5838
6674
6438
7242
20668
25720
16862
19504
14744
15510
16708
31842
1600
19983
4342
10246
7118
6187
26823
25640
28555
15007
24676
16905
16411
26966
16478
18766
16881
19522
20337
5578
30067
30969
8322
19171
31357
23738
20446
25632
10790
4407
4552
16517
12783
9370
28882
13212
22444
4880
25647
2177
28116
22834
7562
3651
19674
23036
14686
20798
29187
6702
23028
31086
28531
7427
21216
21667
12488
8371
7524
19806
5214
6106
5051
12126
20921
22311
4996
209
27713
11939
6620
2514
4347
10771
7313
28346
29975
22373
28417
6429
7256
4928
8450
27899
17348
18
15319
19664
29275
8855
2320
4922
25286
29156
7601
23783
230
17833
4656
7593
16497
4271
21180
7609
13165
30616
909
13520
7501
12069
4647
18969
1260
11115
26977
2476
9000
20121
7586
922
10684
14647
6163
1534
28064
1780
684
12466
31343
19306
30374
17929
22305
20763
16124
10486
27960
13070
27088
6487
905
14941
22053
12497
21087
8897
29356
26247
26411
10490
2462
4586
26452
24111
14662
8510
8257
19765
8753
26065
19472
9660
6385
29939
11827
13893
18799
14001
23144
32410
10307
25916
30870
23302
22733
7574
10482
14529
26928
30160
20884
30581
26761
27929
6552
27317
22419
21533
8033
25351
1904
20578
8821
11613
30053
30123
7829
10225
29857
32400
6986
17506
3892
19357
24655
9706
20494
19011
10930
20095
26175
21658
14330
27820
21572
5895
18836
23822
23989
7489
3690
8901
7686
23285
14499
10960
15421
30075
16472
9874
23268
11384
31098
31080
16290
3696
25827
21941
23818
28691
3928
28699
2454
1512
32603
31188
31308
23836
31396
22059
8241
28530
9330
2585
645
18493
5503
25920
25641
14323
26872
20611
7234
29584
24038
19992
17630
16074
6174
20272
27063
29662
22751
9286
31409
30974
16030
3909
22220
22460
27405
30930
26334
27872
9584
32245
13031
4280
14741
1791
15686
17826
23542
26855
25130
32203
30919
7053
21945
12876
21292
32423
19414
5401
13261
22122
10670
18234
6435
6262
6787
4299
29129
23262
29863
26168
20282
20031
3751
2422
25023
21943
22013
25347
30977
9523
14079
8641
17731
25419
31259
24663
30409
22511
17866
15433
31678
23149
24020
16217
17633
555
8214
19766
22885
20855
19849
9080
26659
20770
14598
15564
11859
2234
3408
6891
29220
14565
4893
16641
2478
28536
29821
31651
1788
28725
13861
17566
20383
12287
2055
12248
13565
28297
28496
26393
19618
29197
22406
8863
24304
18578
22744
21349
4196
5901
7320
3024
8239
7249
9106
17263
28616
20184
1562
28537
10114
11152
26304
17309
544
6494
25504
13846
21367
20894
2354
23463
21305
29779
21375
13968
25050
13814
3019
30020
29885
13421
1397
28276
26914
25029
8110
20597
13064
28040
248
13859
24831
17006
32708
3084
8719
26358
29165
24405
7789
2338
5480
26527
28891
17449
29046
18587
21092
1363
31487
5251
1431
29174
19800
26887
19647
6688
20201
23808
15693
29383
8331
13846
25338
14864
11264
6456
19622
27446
32022
4637
26569
18929
6512
31843
12380
18096
9583
958
26541
5357
2737
14216
21327
23924
14716
17044
12367
8085
9581
310
21524
22559
17110
7553
13859
12749
8967
29786
28301
3476
8383
15167
19451
27928
32433
25843
17221
25914
24956
23979
31992
30372
6165
11063
2875
5450
18480
4751
16838
29934
6097
3152
30073
17867
10425
12736
16325
18235
10867
17727
6240
3349
15660
3305
4445
15265
29769
2717
21243
10009
4841
31965
27377
22588
26372
15890
31669
1924
15264
18198
3559
17793
5075
15450
29882
14609
13489
4184
28946
16429
24670
26765
7251
11844
23811
2550
6811
4977
8127
14362
5156
26975
21733
2062
30555
8534
30525
9511
21009
17425
13138
25465
8432
24141
15855
30217
18174
13235
20307
8615
19792
27449
491
23983
32217
28361
24058
22418
20162
23776
14812
22701
29337
29956
12836
28578
22534
14298
28324
1095
5730
8434
7275
13509
24167
13626
23335
3691
15730
29769
7590
32695
4335
10012
16999
6554
10404
19561
27397
29181
19435
2316
27942
16251
9704
434
6765
26835
19865
7468
7980
3780
5374
5840
27542
1635
17682
22712
759
18178
8502
15417
10949
6975
25346
19587
25051
19343
4937
21139
28457
31128
15968
165
14378
21070
25126
9528
24545
3081
28945
8632
5183
13643
15091
14891
8247
29807
8882
17090
15532
1044
5657
23137
25232
9629
24788
32404
15257
16325
1632
6348
5049
24762
27120
24402
18938
31852
13733
16825
22770
18631
7008
10194
20588
22092
23811
5481
27845
14798
10817
24699
4381
4578
28751
20223
32195
14199
23812
2442
24423
25244
25339
3407
6431
23345
30598
9145
12059
2833
19738
10025
4878
639
31066
28737
891
4884
8183
2380
3738
16717
21126
32012
27832
13539
19074
13889
9523
13027
16644
30385
3632
32744
16864
17902
959
28697
26560
32263
1506
10299
9114
17317
10052
26006
8793
20707
30168
18779
29235
17459
21742
32102
17812
10630
17556
7951
16112
14760
5626
28467
3755
31146
18414
30690
6483
13593
30100
7963
11199
28859
32295
16532
23800
19855
30330
17819
25607
16591
24331
27625
28157
14367
24312
26951
12301
4805
1760
27590
23915
16367
13359
16677
14953
18846
883
26525
12209
10235
27166
17887
5506
5286
19315
11527
24482
18127
24371
22768
28003
7966
18367
31585
31037
30840
16158
7816
9765
20456
31470
3707
14724
26271
31863
11774
31835
26114
14568
7856
13801
25822
23288
22560
23738
936
10667
26106
10475
28200
22121
2955
1618
24946
31734
20921
27325
20428
10195
714
24256
25066
3732
9055
5708
13600
30084
13928
13883
9621
6523
14610
7050
8528
2899
21041
14787
22370
16120
8259
11135
18543
7297
24275
1997
31041
19345
4900
23490
29135
10357
8064
18197
407
29682
11676
1300
25813
12658
28699
18938
2464
13019
4372
29288
1381
21999
23754
29813
3996
3688
257
10026
23285
15383
10089
7311
22651
11037
26475
12098
29558
25340
8476
3416
22477
6355
29695
28265
15438
9214
6655
31856
19149
7313
811
751
5043
13233
30602
29156
11598
25414
22365
2307
28309
15139
20552
32271
30549
25021
7055
26042
31651
7129
2953
25719
29464
19989
14000
29776
2257
14192
14222
30048
16541
16446
3575
10537
6590
5005
6089
22388
10159
5260
75
8905
21356
11113
28735
20117
26999
12272
21224
29247
19763
26380
8300
28487
1001
7124
21789
5143
18403
15600
28145
15068
24247
14184
26740
23572
11160
2675
1268
4065
2447
11798
1816
22303
2802
23780
2677
20149
21530
15945
25138
3042
82
3215
21018
22798
13087
26127
30594
27892
29826
26491
5281
17157
11362
19380
1365
27984
31898
2672
5326
26204
19586
17016
27353
19804
14629
32104
5015
19642
28796
18572
4041
9234
31687
11549
2944
5475
14321
28046
2600
7110
11340
62
11316
24762
2870
12916
4333
5307
25399
18674
1807
26046
9253
26476
27011
16632
31136
10604
15462
4055
23574
20283
6571
13928
2085
22228
10498
18612
14194
31099
7141
896
28214
23219
10721
14314
18493
6717
455
21247
26819
3979
3236
12068
10541
16070
26693
18300
18061
2896
10144
32358
11677
5438
6055
5413
18657
7708
26221
25654
27699
11804
6341
17315
4380
19904
22400
16277
14935
9539
20432
12724
23669
3328
4553
17370
15417
17829
16666
17407
15186
20404
25599
13055
5201
428
3976
28681
4809
17144
26565
30143
7938
28011
4268
22905
32746
17825
17574
16276
12536
7719
13621
9026
3124
3197
4311
3114
8478
32277
3435
12325
3164
27089
17776
8316
6248
12955
18655
13606
30126
24528
20896
27727
23128
3405
11588
21185
1091
32537
30000
30193
27204
27989
7655
23778
26887
3473
26635
15453
16128
15097
23053
18135
11481
13005
19299
27951
12009
21996
947
28197
28016
24086
22215
30688
28003
30463
30815
4183
21583
2797
17591
5629
14919
21631
15698
23777
2759
20235
15452
728
8959
32482
31911
5126
22901
23858
20067
17970
29393
24619
20985
17058
11074
12896
19992
22874
27491
30763
6633
3632
12332
21282
15869
5128
18276
11553
20757
18765
17931
27153
17778
2404
22974
10299
16068
5263
1255
23635
24417
14985
19213
9074
5132
56
11129
25895
617
12643
13226
5387
9809
23492
13369
19681
8515
18221
25910
16764
19680
4151
1450
19370
18114
20049
6162
20565
3913
17034
6417
14983
10003
11324
3947
16467
11047
9658
16140
25544
25968
4590
22578
17698
11258
22328
7947
11057
31120
15449
9960
21503
15724
4655
30970
31444
17392
15109
17671
4845
18146
25771
11763
10127
6311
27907
28000
17464
19642
25227
15686
7352
13127
10032
24406
27237
17482
20233
1504
28067
1814
14224
31763
11921
26762
3378
3057
21518
32445
1679
18392
16383
28558
28937
18853
7824
6797
28216
26920
5084
7106
29268
8219
28201
24385
24375
2300
12648
22539
8131
7716
1963
24083
7536
23713
6231
17922
822
15566
12790
2349
2530
15763
13324
17810
18995
19762
14060
1549
19893
11523
11401
6059
6856
17006
25291
31778
7788
31002
25007
29513
12763
23932
12866
21774
24316
10224
1250
25141
12418
22573
28289
31214
12918
30344
32641
30219
32064
30841
9794
12434
9641
26188
27932
26262
11312
5531
15409
17967
18682
29537
20380
31353
25213
6304
19158
31447
12670
31851
8806
23153
4405
24153
5069
32071
16465
2969
27967
20043
26983
31656
2386
25316
20330
25052
28662
6404
2608
6258
25895
12905
24238
9916
13856
8434
13875
16943
24458
8583
1306
21411
4044
28397
17295
1512
8588
2278
9929
32469
30936
6130
7074
28607
3975
15203
25313
24916
27249
7448
25372
4363
24044
32577
23102
23359
10063
6666
3733
20938
14682
26260
10297
18127
23975
7053
19939
15577
16393
7241
17819
29993
32628
31821
25420
32083
177
19011
20388
16142
16190
5431
27018
10223
31706
10480
6278
2103
3166
21358
23537
6563
3393
24775
20810
27069
18764
514
18227
31628
28434
17554
16401
28652
8166
21325
27533
5967
27345
19283
27830
13509
20518
32129
24859
25338
4259
12514
15275
32308
24427
2740
30451
30092
23289
5365
6095
9233
23783
18
19490
13691
6778
31380
29528
21994
15794
18977
13187
30142
10685
10368
21129
6073
6562
27942
21500
7352
3797
3055
5942
3078
27956
13492
10396
22978
31443
18469
28014
7033
3908
29066
14060
6392
15434
26193
27347
15585
22848
4294
10526
31425
16302
4850
27438
9520
15036
9444
7493
30423
25656
24030
24259
21459
15856
10147
32038
17953
25598
23826
22285
7867
6904
10346
20868
23956
11735
20027
23023
3161
26614
16772
3512
32469
440
6139
31122
5763
23264
21710
30105
23550
15567
21803
5922
32556
5327
21412
29752
30002
775
27630
22625
30792
9631
27516
16304
26249
12852
17077
32052
27162
349
12125
9762
30071
22702
30377
21529
139
6487
6028
19969
31670
17091
30711
17989
22627
21200
11535
14958
10077
740
13580
4830
4922
23390
10893
32608
8163
1168
5477
30919
5763
18045
10655
32032
2340
20291
12464
31687
19129
28494
24395
30866
17852
24668
6792
15772
7111
15104
13236
8707
10686
10277
11240
3797
3046
12867
5559
20049
22952
18527
13899
9413
13512
9083
9809
26194
401
26076
18598
297
15312
31118
25703
5073
22183
23360
14613
32433
4895
3072
1026
22257
17078
25078
7211
29000
20504
28541
23215
20442
32373
20916
4961
18965
19348
16395
10415
4079
30065
11124
29833
9123
6173
26318
25338
11526
16384
10455
24951
3238
12751
12065
8042
7220
22350
25162
2068
32659
3121
26764
2085
23551
9304
30383
18886
26839
29507
8203
5304
17180
19810
14673
30094
29199
7018
5744
699
7199
24077
29271
25109
3003
24666
31287
20055
32504
31883
7938
2288
32056
21489
23820
29604
9560
2260
28148
3438
7429
4318
2007
31226
10688
13245
32184
1751
25139
15942
12529
14191
3143
13172
13336
6202
744
32757
30321
9316
5311
25502
8699
31813
12321
28633
6214
9680
31013
31703
10449
13065
30835
6881
15334
233
29578
11592
6732
25860
29854
31559
26885
28346
14565
7953
4817
11277
13354
20212
21902
2609
2331
28805
24839
18453
29139
10411
19476
27629
7545
5588
19294
15378
24049
5126
16087
30659
7733
26828
17265
25228
10411
12883
24531
1442
24922
23393
23017
16807
4123
31559
28809
19290
4414
4717
20652
27345
17039
31004
24988
3516
4024
16992
29937
24761
12837
30715
10111
2787
17707
482
20586
9815
20525
26107
16224
19406
31665
16263
9258
17919
16227
6327
11533
30612
23131
7522
27828
15726
13592
22419
23854
31819
11200
28285
10226
13918
18708
32582
4537
23805
20993
29645
21725
20469
29896
2363
17610
6172
20912
27282
49
4808
19571
9880
19240
7991
2657
11200
329
24617
9264
24100
29601
7555
19775
8813
29353
17481
1336
22129
8390
28536
29690
14688
1481
2972
13130
5776
5049
31783
13911
16334
12484
22351
2977
30081
11255
31423
13290
26164
471
27316
32116
741
28922
14802
31545
2150
22908
32749
4036
13148
9322
26831
2802
16182
2646
7654
32119
13293
30380
17025
2254
16355
14000
8942
1540
12355
14678
849
7112
20946
32221
30246
14397
16548
30558
28267
16312
18587
13677
15160
22716
31674
2261
15003
25993
10563
7310
30787
6565
12744
19910
26372
18149
31049
23998
3287
15728
28833
26119
1677
11110
12637
23278
8122
27111
26493
17147
20960
2431
18263
26750
29323
30917
23523
17237
7397
16865
21459
7803
29669
8460
5059
26526
5776
22409
29087
5485
16816
18370
2488
21054
8850
1050
6779
7321
31711
23034
20302
10859
24548
23858
16893
9800
25381
18799
1920
19659
22138
31772
11303
29956
8146
26822
28888
26101
20458
26046
14261
30597
13454
13870
23304
3981
22623
31888
15740
9256
31009
18806
18874
7160
32227
11509
16066
4998
12892
10181
25484
13760
29848
13589
8265
1232
25844
16225
8329
12721
17435
9615
18570
14989
5054
24066
7961
4992
8334
4812
16470
20017
730
12125
31509
19858
19781
10301
20673
12780
20016
7000
2123
25194
10525
20790
27205
29712
24857
31213
7799
17862
17017
24418
12432
13891
20427
14431
3435
300
25914
6848
18401
17616
18127
9615
18685
27417
14877
27398
8396
9931
24142
10587
31551
3172
32326
14605
1642
12272
14816
27623
13474
7181
2166
17836
22685
7753
3310
9012
15980
19977
4084
23177
20247
17940
21514
29455
4845
22491
23069
19654
19716
15770
25583
26515
13391
2727
11667
6357
28491
24799
15534
18163
25987
27295
24593
10734
24479
26111
29229
18164
907
21955
3944
19472
26330
22226
30573
16484
29367
4728
6799
29504
27717
22280
23111
17208
18501
11586
17908
13291
12187
10516
23222
27060
12762
2690
19168
31938
20896
30420
29931
13642
23619
22842
6287
7778
22501
5470
11593
18953
3688
30517
14684
13614
15872
14088
13930
3512
29277
14543
8225
29021
16556
10861
17771
27775
4706
8376
21389
26014
23892
25793
4224
8826
30116
32118
13730
22326
10210
18495
4990
25996
17975
25606
31093
31250
25112
13054
30862
19437
24183
10314
19676
8344
4871
2015
32100
25976
31765
1846
22930
919
12654
14875
17960
23484
25978
18131
744
5385
6211
3374
18711
27833
30514
20594
9953
25178
20899
16908
1026
9068
23846
14119
31081
14479
14291
11636
20012
14926
8848
11360
30147
5064
17424
28031
29619
5066
11804
8982
26163
16936
5940
5131
2172
18705
29025
24829
15258
7512
26914
23212
21696
252
20558
17512
5498
26390
14484
29837
23480
10034
7831
19769
23350
3931
14916
2897
24065
6891
9415
14051
11636
29278
13756
23286
12035
28807
16521
12465
23284
15120
2046
6431
8933
15783
28391
27
28620
6922
9934
11274
31730
31274
19698
586
19734
770
15529
27896
10980
21869
29582
3750
20716
31203
1312
2182
19880
19775
30202
9532
24171
19239
5798
21759
17211
5882
20871
30427
20805
6261
6794
14445
23053
2029
25570
1131
4204
20993
25220
1133
30607
29137
26383
32426
32764
13722
12491
12271
28680
29553
23275
6786
25686
4445
28922
7240
22865
15393
21343
1972
1371
10428
14884
23749
29071
10152
24649
10424
2091
25547
13669
24209
8315
21239
21304
18951
22733
30670
17088
31342
16623
26436
30216
24859
8531
32362
20127
13196
2812
981
32743
17453
4464
32635
21778
32366
20458
3907
13324
9417
29008
8735
24308
5602
17602
11240
27524
14771
28399
22804
27732
5872
5073
24995
5491
15934
2733
17807
71
26572
24454
4987
32053
3377
21551
28004
13966
4070
613
2011
11236
4721
30011
13545
27723
32586
17428
26621
10511
20016
15346
2528
472
23204
19618
22773
18885
18638
12953
988
1795
1977
5059
9945
11213
17691
23539
15212
1684
20202
25706
32399
23758
5823
17896
8906
18305
31023
8121
19430
21048
19787
13807
16174
24179
20135
4579
28169
28608
10363
23077
12587
8715
12534
29977
17611
2552
19581
7621
3166
21732
31552
18233
18493
22373
1153
12824
26854
280
13355
16163
5925
9626
4518
8234
13914
12807
11803
28535
3005
6570
28489
4778
26924
11625
5620
7510
19347
32597
29325
20537
27377
8132
16852
18396
18038
7568
24639
19066
13410
1686
683
1680
29298
16889
11389
25131
11589
32146
5983
8228
2084
7394
14591
2314
31261
25486
10428
26291
22231
4736
6379
8000
8755
589
16900
18046
10235
18174
29633
11135
1839
5139
24388
13334
14399
21479
28056
14224
3770
2596
11572
19821
20993
14840
334
8046
11491
4767
15922
32476
16332
9868
13612
6510
28875
3089
120
3389
6480
8694
7714
14683
23289
18994
12748
31223
24097
11324
6389
4769
22705
11644
5883
19871
15047
13804
27728
31766
1680
17920
1070
11593
25210
26868
18673
14929
10550
22848
28595
18638
14738
15163
30664
16803
5884
20466
10644
12255
28529
1698
6618
12880
8651
11172
28797
20166
1622
9893
16835
23787
15069
15864
15742
31559
17917
21694
21926
4826
7382
10741
3967
29972
15388
21702
10649
291
14438
20226
4571
16039
30926
2067
18295
2523
27885
3340
31073
4051
17729
11853
25641
9770
12413
1096
19428
25061
4499
9281
13230
12176
2257
16355
27794
24385
15997
23139
2810
15174
6409
15422
27117
23544
14741
14299
587
10884
15668
24997
27781
21955
23447
13700
5966
13624
17430
17920
32145
6598
14216
26068
3852
26563
23641
27184
13611
29404
18893
30108
25946
23
58
11130
5508
14146
28155
12496
14714
1651
25062
7297
18128
13395
22430
21780
3733
8372
32718
26842
819
22167
15953
30085
19286
14730
4999
25463
26367
9443
31673
11399
15623
28491
31230
23081
26214
14617
8021
20092
8887
9447
29191
12000
13267
21962
25319
26936
6247
3116
7632
14708
15843
26506
1832
24283
10255
18921
8570
5557
8443
26794
24262
22938
1711
23994
22862
25945
6171
27234
5819
22967
8689
1966
14626
28584
23168
14919
2567
15845
20503
12390
1860
202
11382
8057
4900
7047
24054
17437
7376
7412
24962
5643
13259
4343
13069
21701
20291
29447
4421
31944
12211
19166
499
14676
4950
32761
1993
23512
16789
2414
12484
24242
7634
26070
27548
26634
17499
8828
30618
13972
20937
11942
10626
31521
24326
28551
20561
18243
11995
21822
23413
10623
5920
19910
26363
30915
1452
16048
6011
2241
18653
23072
7172
14263
32229
4493
29742
3568
16764
12568
11122
24217
7277
28351
12345
15869
6579
3512
7630
5432
8791
11408
5681
5406
1554
1054
1861
6808
29076
5830
626
6279
27426
15267
5138
32146
4960
21702
4563
2012
28062
9768
3323
7432
21308
20777
9693
380
17081
29145
16458
16730
13082
28495
24329
28577
7373
20951
14274
11865
31003
25259
4000
7090
23213
25759
4604
8866
12874
5614
32251
306
12554
530
22084
1642
29364
5402
32339
27856
28507
26192
1344
25875
219
16572
16828
17595
8775
21116
15122
1985
7763
18500
26209
27702
1494
26559
23842
12045
32230
30518
19949
5787
14775
7314
17597
6626
10887
4416
9394
29158
21244
14311
22672
24088
2656
19190
5624
9056
9798
9916
25677
27167
23234
7539
4222
2235
19629
31427
8490
15379
32099
11504
4158
17229
8918
11680
17779
15655
8706
1947
6304
8356
23611
14686
16480
5556
12311
11935
15575
19207
31347
3211
1515
7698
4613
21953
19833
21491
19376
16959
15313
30825
5372
29181
6329
27521
24367
9320
13811
6808
6092
28821
25066
22453
11980
11831
11945
20268
13066
28130
20322
3267
20193
32705
24345
12336
7307
16054
31544
14193
6543
21919
2356
24670
7015
14128
30732
23052
4367
7791
18344
7806
16704
18083
24684
31666
3572
21476
12466
8449
967
7560
20445
19011
31727
2459
14571
32179
13578
30217
27628
13030
14834
19145
15163
8103
15168
4851
24910
30094
22822
4580
9741
29649
9904
32766
9381
19697
30186
13716
22139
9222
25895
17992
14221
16224
20554
15314
12384
6582
12327
25217
20556
2323
466
14294
28470
839
30418
16753
32682
10818
22350
28088
29388
30748
6976
12688
14636
32200
12001
25258
26894
13953
11392
6659
1315
11227
32518
8402
19607
15374
28859
32020
11528
18022
23964
6235
28022
3091
13732
3214
15119
20945
8826
27832
30236
11901
154
12299
30964
3981
23428
29142
17093
24326
20943
10017
26754
16440
17010
25545
16586
26414
25718
25916
2767
4102
2160
20950
28941
8486
7729
25020
30323
13160
23728
2285
6581
28701
2242
8451
23477
17683
30684
16185
26603
18959
18489
25667
31788
11776
23640
23510
29399
25734
11021
26005
9445
15825
14864
25802
30880
7289
21683
10542
30416
3859
20655
20200
5364
28151
14448
12473
1186
28403
8555
6745
30279
18529
5143
31600
396
19259
6176
11101
9065
10772
32341
8947
24598
838
22267
21931
6184
15447
9142
2626
7206
14683
9967
4133
24787
28642
17380
20478
9506
14858
2490
29684
31576
21838
11401
29599
15662
27184
19550
9791
22043
15354
1012
24651
6160
18706
23547
5215
25777
12264
22231
30958
11467
13615
8753
23094
3733
18334
16577
10988
18658
14304
6012
166
9618
26039
30079
17460
21791
27275
10262
1825
6718
8786
7292
25939
20191
1165
953
11376
4524
26428
20607
28944
27695
6694
31077
24402
20114
24283
8212
12989
6139
16907
16909
12347
15226
2978
14667
6367
27926
14652
14594
25195
16559
23176
30559
21380
28866
18845
1783
9387
6991
30763
9678
7624
17906
4721
24300
25215
26376
18652
9348
30584
2086
11579
10622
29747
5412
13232
661
6094
14051
19516
21706
963
20557
8961
16868
21493
10721
25438
10975
14069
16308
26914
23243
16741
18049
32186
1696
19020
24483
12781
2165
14404
15332
6321
23475
15957
6611
18967
29758
12157
8738
22248
2360
13806
14726
28620
31505
18208
11480
30269
27089
28558
5197
31377
8731
29723
1199
2715
31859
15270
22135
18338
20977
19740
22181
2461
31552
1979
2333
28567
1024
30680
8987
1668
15183
24762
27709
30905
30692
13728
2089
28152
29210
12958
18504
311
8163
6628
7355
19116
19363
8663
14650
2652
22125
24325
17682
28658
17654
21302
16880
23664
15475
26578
2380
3475
13768
13950
26454
1617
7350
11497
22112
7192
23086
14460
6682
3512
30743
14467
26432
16759
3332
1380
13264
14900
15602
12268
13983
29155
1513
10348
6082
3234
15438
29692
2686
25151
11910
9496
4225
1520
17379
6433
1460
2491
18286
14208
7824
13231
3357
16966
12054
24691
16956
18110
20945
19010
9860
3418
20572
28529
22925
18174
27157
18363
13366
5368
19772
28040
15976
18750
1552
363
32148
5958
5128
12177
30993
19349
254
29147
5358
9123
29546
12619
11770
32597
1920
11516
20011
2461
20739
31205
19764
25834
26510
5956
30991
28091
4448
23686
27381
31055
15893
12175
27797
5907
19076
5172
31349
29417
23256
13542
8715
20138
5079
15540
24590
6244
29235
32212
12602
18530
10399
13365
6799
29577
3978
25213
5410
14656
22716
8275
15014
29272
2759
16528
1614
13517
7254
14759
22842
28008
20980
19671
8057
24442
22347
31067
9872
4009
18054
22972
16117
13713
10514
20256
12633
15953
25997
27426
13735
22788
332
30667
8564
21207
21272
11276
24244
27998
31946
29312
10325
21582
8908
10002
13121
27641
27425
18680
31179
25475
30739
30540
29588
14476
17347
6078
21652
15249
13365
26743
27659
25087
21174
18900
16451
5087
31748
21296
31170
14180
17484
12042
12979
13651
30545
11620
29083
14253
27095
25361
6021
15891
7603
3732
26699
26789
26820
30147
24799
1868
15450
1815
22276
6902
11058
12391
10916
18577
1012
2392
24055
18865
17168
18216
31864
2823
9067
19001
8007
11067
17055
22917
28827
26451
14250
14170
5700
3191
12314
4270
3500
20709
12726
6224
20269
15954
28249
24677
19937
32735
4246
14920
29330
27760
15627
8427
14405
18871
16675
7309
7877
22124
27974
11117
8784
25789
6938
28425
20420
12604
27671
26842
25800
7547
11430
485
2509
17756
28230
23804
27196
29172
10427
26087
9269
9663
15344
28527
29171
7034
25295
16360
16263
31732
5309
8310
23250
21035
8578
28566
24485
14679
17473
16082
4762
12510
32535
18647
8516
8584
8168
29388
7796
17673
2278
12068
16055
895
24119
3191
18258
8807
32655
13748
11293
1656
6634
2800
30584
7883
6569
19601
10064
23353
25399
5631
18929
3726
14000
3942
31217
25481
28190
16361
5696
30460
2790
13141
31497
5221
31276
25493
26670
32237
29730
7123
3502
17393
14021
7697
6327
10550
20258
32570
4976
30753
19038
17725
30646
1694
2875
9392
29797
26289
8154
17076
9875
30441
21935
30886
25089
5257
30072
5075
19085
21411
31110
11042
20783
13944
19189
14065
29208
12423
16753
12861
21411
8160
22930
24004
11184
30376
10748
32389
14903
16543
10790
22249
29351
13238
30650
19830
7303
18445
21930
23482
21052
28692
11083
15464
10824
23771
26347
24794
411
14818
1829
14863
10694
14425
424
15883
27656
14524
2635
15445
24562
21265
25472
16038
25716
28286
15393
17858
4437
3528
31306
10575
14364
8131
26722
15218
10258
28239
26405
7830
30447
12486
30189
9205
15110
7610
9
10879
28316
18767
31089
21378
8295
9142
2404
19356
463
10002
21709
25596
1544
18167
7609
30573
21229
10969
10464
25775
18258
8606
28176
26275
3586
27721
3121
271
8895
18022
14774
11263
13373
26112
15883
21509
29607
1621
13209
17698
26931
10670
2637
23073
26116
19044
2854
22775
4273
17129
20164
21795
20144
27318
23159
6813
14065
13260
19340
5466
26863
27795
13104
14031
9245
7275
20003
5029
24894
16832
8904
18352
11159
2800
28795
12281
22038
7390
17956
24014
18548
996
22839
18512
18456
16066
5669
19054
28176
26017
8582
9105
32237
7350
4889
27946
26867
20134
6904
5756
10202
16490
2264
9721
12447
22595
27767
19066
20407
26561
11708
25581
6872
6376
16553
1592
19297
25255
24299
15596
28464
10033
9363
30870
13854
19437
23598
11679
13489
9444
6673
14083
14123
20349
24451
2305
26916
14457
30615
30947
16803
8190
20049
28209
23374
21967
8438
6166
5864
20275
15615
16163
31654
9467
8340
12063
22351
3545
10732
26636
24876
15698
1205
22376
15568
13442
9399
17456
32423
8475
26733
25055
4284
16985
21745
19961
8980
14991
15713
7909
11344
1199
17433
17503
12996
6890
19050
26340
20659
24018
1078
14288
26715
8708
29142
18587
30136
32414
23696
21153
27781
9605
22529
4880
31786
13332
15937
17354
8620
30677
6206
31608
31601
13809
11774
10621
12924
28050
32576
3842
25324
3749
19965
9521
22525
9525
23214
23613
6290
26302
2537
27553
5093
26917
18978
4700
26630
22489
31416
24230
2510
15900
17832
27774
5236
27071
5177
15206
16122
4195
31915
459
18171
23416
5880
2141
12474
31269
19759
20686
705
25096
7240
16412
22250
16012
2589
3363
3619
13239
22931
15428
10594
2107
26113
2263
28687
23368
8647
5686
13582
22983
6233
9050
20070
10643
19873
18881
5928
9602
24078
30394
32443
31180
23347
26650
21983
10351
29455
28890
5014
23639
2099
21757
25197
9801
28003
29235
31952
21589
27894
29662
8429
31890
26739
533
108
15585
15445
2608
9343
10515
21543
24741
20021
12360
3891
633
24183
28228
7828
15725
16840
13074
6145
30012
31748
3467
13947
7154
30454
4460
24137
7470
12364
24987
14480
13499
6423
7894
8736
23150
18458
22234
25569
15469
32560
14203
20414
8170
11525
20930
6043
15800
22222
8801
13578
1811
15531
1697
18682
2062
7127
25626
16700
17888
12262
32353
27963
26898
3130
27045
23262
19674
27883
4732
25791
23408
14997
24796
10764
30712
28115
30878
20510
23428
25085
800
8738
22671
25244
15498
29080
590
18149
28120
16290
86
15877
9757
12742
10646
3359
11920
32708
23939
25222
13364
6144
10671
4180
24652
5996
13824
18894
18477
22256
2420
2364
18747
4773
4206
20595
26353
5404
30271
13905
25087
17766
13898
10586
15224
13343
13101
15645
12117
3001
4732
28983
7825
30116
32229
24233
8609
25788
18072
20080
14357
14679
901
13316
24741
32732
1610
27621
19674
27692
4338
31920
29672
19797
15980
12353
25421
21150
26817
31842
15316
26408
32138
9293
11150
29647
24484
22967
22414
14268
25541
9058
5227
22448
20765
21143
25117
19693
11755
17259
3043
14506
13168
5148
6718
13425
16749
14209
29874
5298
8463
857
16429
32501
9484
4908
11205
18414
14065
32665
21996
31969
15131
9971
9197
15219
12969
3420
27584
9908
5451
2523
3807
2796
3838
17906
6001
23000
14078
26695
15681
20183
14023
23560
7579
2112
16440
848
23389
26952
3545
29955
28014
7349
18992
18238
25049
16102
23181
7132
30914
17780
17498
9596
18175
10337
25058
13132
19372
20079
13797
16737
14253
18080
4031
7623
4084
17406
20427
6145
1388
1215
30112
22264
9448
2173
28386
1122
13472
26773
15951
11968
9762
30558
29567
32654
11174
20787
24955
360
8746
25300
28598
14938
28291
7050
3270
4496
6250
13390
13143
6833
25540
28163
10840
27232
18438
5827
5024
9252
1076
4982
16075
32436
1946
21722
8648
20866
32337
16327
20422
14962
25301
3485
10956
12772
8706
14728
261
16325
21589
2020
26635
19204
29587
2930
10713
25462
30017
28667
3886
9912
1591
11584
12508
8426
6421
12979
19957
22376
13447
13421
22986
9450
5387
6581
701
705
10305
2559
25542
23482
7061
1750
23234
23398
4213
26791
29083
27704
15454
112
10909
13061
5547
5275
8107
9518
8828
3053
19418
6027
3724
13182
16889
17515
25493
15379
10517
11620
6194
32539
1684
4504
8223
9581
28255
19058
30650
30590
1529
1281
13859
11371
4971
4910
13829
17041
5966
12394
11838
16674
22362
6142
32008
32618
24146
25509
777
29370
30941
13773
12474
1646
13316
581
20707
1636
26991
2253
6051
12952
19475
9750
19858
14197
3963
17027
9330
5248
16912
2914
305
14044
28087
1592
24243
16278
25786
28374
12616
13142
8443
25992
23099
32336
6174
1813
10931
22459
8203
11699
21295
4264
14857
17460
11142
17272
15186
31943
28502
18884
3336
1650
23034
30619
6670
25588
23638
18908
3646
11272
28551
26708
23537
20112
7313
26005
10007
4037
12677
5953
4086
32462
22002
13492
20695
26849
6169
15390
7419
22029
12240
22471
128
20663
27288
22880
11738
1968
24239
2705
30001
13193
21677
22441
3444
13723
12676
3618
9714
10849
18020
14640
17949
20687
16773
6302
7384
3007
14075
2770
24285
6513
25407
26307
15441
18781
6018
21679
11863
31241
17794
29264
11053
31288
11929
30034
27339
13265
16970
359
352
9982
1384
11637
28130
6563
16963
10925
2559
20234
17498
27805
325
18937
1715
14292
28130
1817
2826
15397
6486
16072
6432
1145
24881
1193
8811
13412
29980
11611
9488
7180
3061
7502
6676
18076
11441
9078
1439
14985
5325
1729
32019
30103
18999
6361
16638
9048
10073
6226
5260
10468
29899
32017
13094
26585
29035
20765
8571
11743
5831
10396
8722
23356
7197
4451
20425
23120
15726
13398
13709
12036
7598
24814
6337
27117
22743
1863
24712
26637
178
779
12494
1024
7733
24415
20872
12130
9296
4409
32210
15501
3722
28803
26178
373
14671
13220
9399
6759
32652
30331
6473
14566
24545
12586
8262
24032
7494
20187
30604
21311
21106
16095
6851
31788
30749
5970
23749
15577
9406
977
23804
15673
2370
17548
750
24979
28402
27118
27286
2787
28147
9699
3323
21351
17975
12842
5032
18179
5828
2462
10176
21242
18871
31500
7244
25139
543
2475
12428
2719
16267
28006
18025
32092
803
10590
10633
8363
7947
11286
8186
12628
25362
6418
6732
27256
15631
22470
30938
18806
9110
24006
11889
11662
12817
23236
28970
10385
32630
6591
29418
5887
1613
12934
13777
2807
28451
555
9328
15159
320
15096
20437
18678
9588
23807
5660
18141
4654
16341
22441
28399
884
9137
24799
9775
821
18353
15107
11914
21489
11010
28892
2863
11966
18132
27193
27812
2905
5664
30258
27940
23798
7656
19932
4132
28033
19475
3092
23060
26759
1453
24747
4122
7195
18753
13053
26506
6238
27545
316
8534
3404
22670
26175
28158
30341
7955
26210
15851
17657
9520
20997
10303
13272
23623
15308
28978
1794
3077
22965
27912
3391
25543
25681
16731
18000
20784
25901
29445
18942
6891
12527
31836
5559
16998
12755
28973
11811
21506
26581
9568
11159
19902
27985
3080
4798
11575
29391
26377
8702
8426
24576
18920
5544
19365
29903
199
12569
14708
14737
21322
4952
8651
4950
9682
12782
13799
10424
19679
32033
21088
15068
32353
23229
25444
29947
9193
19177
31339
20335
14324
21252
32179
27414
28578
12886
29496
30683
18336
19838
8871
1981
8429
80
31357
32104
24777
21597
20854
8705
22069
15974
20865
20630
24694
20618
31683
12067
18135
12220
12586
28299
23084
18133
13648
6154
25957
24648
4005
27879
22659
10972
5492
21402
30830
14639
28460
12825
23400
5891
29057
14326
13639
23594
25116
26302
6185
25999
7050
31998
18404
4405
31468
1624
27567
19365
19477
28877
16389
142
16495
26784
10164
628
1741
15814
7243
15685
25872
17919
28058
6511
24224
23747
12123
10423
11943
4266
31518
18873
12531
18671
19920
23605
30298
13257
15557
21418
24404
9553
23120
32168
24009
21062
26071
11430
28250
8985
14865
25611
28055
31191
2663
32213
25731
12412
25668
30743
31788
19893
14851
19316
13481
20095
27736
11997
31731
1056
10506
6425
4969
17273
21773
3681
22134
6332
6469
31872
3267
2829
2137
5522
1885
32217
4362
621
30248
7046
10067
2341
8292
24803
29251
26993
20561
18345
3070
7915
25668
10164
28657
30254
6654
18988
5812
20231
18058
6356
10924
3979
23591
23815
31738
28375
18218
12256
28465
25720
10004
21278
4478
19404
10969
5755
19683
6227
1286
32
15645
23710
28893
25328
21876
19289
18211
11192
2308
31365
11535
4926
29951
7922
30276
9203
15390
39
24962
22699
29397
17794
11554
32391
5512
31425
2607
12241
5680
4867
5143
21295
31178
23904
8674
10831
31215
19741
9503
14540
2110
3633
26438
16527
10041
63
17842
2497
4241
24401
1666
29807
1331
17428
14675
29001
27969
18346
20753
24655
31235
27811
32053
4963
23660
32481
26999
10179
17934
25080
1648
21240
19779
15262
25307
19255
30105
1044
19155
28339
30242
22202
32595
3164
21799
28220
22830
29792
28143
12359
25140
21458
23571
5133
26651
17764
20117
3377
5023
32552
8652
2250
22859
13076
1240
4567
22768
11421
9799
21461
133
15263
29706
5518
559
28337
18049
15119
12926
4355
3350
4057
8662
17791
2659
296
8436
6933
7794
29539
26915
12251
29425
19587
11156
2766
5764
9677
32141
9111
751
11423
917
8245
5331
9724
6826
4006
27063
21245
10740
29800
27219
28584
13188
10057
3282
19029
15437
18654
30056
7393
5501
9371
24517
7908
18914
19928
11246
24733
1572
12202
20680
21411
10042
3580
16627
27947
2505
29361
4802
29146
8508
8018
9765
16595
29395
9799
27352
28112
13589
28634
27949
21098
27545
21835
30475
4560
18465
29515
25910
16486
30101
31111
4038
6980
16408
5968
5577
22560
28591
29212
12570
2786
2897
14578
29147
14904
27787
13763
5788
8680
5180
850
1795
24880
25572
31986
18587
28407
769
18346
13083
19630
16038
30509
29796
21915
13637
19737
27795
1661
16184
20025
21243
10715
30444
4301
16900
32286
1494
18656
14494
15335
12456
31675
26600
12598
7427
15605
4705
17842
19904
1976
24202
9994
14838
17089
32436
15803
31986
9500
19020
15615
8789
8362
2918
5646
9992
7119
12317
18175
5680
22237
15257
32539
25161
24880
23841
31985
23910
11846
22924
25348
29990
20029
10504
23725
7087
8835
25689
4040
13852
29250
12440
11283
24304
11224
31886
2676
13109
8490
32384
8958
23330
7530
30588
15040
10743
28908
14938
32406
32271
8930
9016
14502
4144
231
28781
13520
25811
4843
8602
10475
10908
22148
23674
8452
9636
2781
12192
11213
5844
12786
161
20089
13558
4525
28503
5839
30430
7775
5684
4117
31060
4345
18391
24533
2772
8267
23951
9767
27076
19286
26660
32540
7942
18050
1557
12912
25291
23136
21202
27615
2514
3473
3858
5117
26396
22355
4681
11898
24891
28449
26658
17529
31227
9197
31202
29831
2220
18069
4612
8342
13648
26736
25740
28071
25875
29334
31213
4863
13853
2305
25206
531
16265
9267
11328
22507
9544
32488
16138
11489
17222
26164
845
9957
5136
12592
31505
29083
18070
6732
2327
7767
21366
16889
8839
22254
20159
10079
20110
11464
29086
1319
4717
9398
17880
28675
10567
29230
15412
26849
18319
1482
24678
22113
5851
5112
5282
17491
9157
24292
9830
18268
108
9922
27029
26596
25039
22537
10154
28713
20578
321
1373
2572
31298
26785
14919
32186
9418
31401
22077
23457
27258
294
14774
16883
31189
21628
14662
1339
7717
28709
16904
21914
17645
2717
29202
27475
5739
31370
14224
1678
13477
16345
1034
14760
25344
15788
21502
21086
25490
23747
2790
22829
8655
14595
15173
8315
16552
32270
8446
20298
14593
8368
29312
24352
20373
26973
11096
9879
17073
3288
22682
10013
10002
13165
31470
22293
26066
4890
28548
25318
3052
5948
7703
19191
7962
28866
9807
29396
29131
5473
18628
30320
17363
7605
20763
31186
11835
9038
9856
24206
1158
16598
10646
19889
27866
19646
10940
28914
20124
3388
17375
3382
15341
26608
29896
5160
5119
22852
28661
28241
31722
28031
10963
23918
10108
32288
7085
10084
13416
18074
8623
14651
8824
25702
5832
24520
24887
6779
20473
1804
4723
19679
13759
24377
15504
19772
210
4402
20953
7572
20357
22357
1730
20232
32727
17825
12357
21027
14376
18453
2199
10501
13855
13066
4285
9978
12456
20168
21085
23691
7869
30628
6429
30986
20507
30003
1857
14530
7132
2197
15748
4839
27356
23379
15655
5775
12826
12738
29448
19646
31014
20830
14632
25693
7566
24208
16964
24366
28501
20220
19990
4115
26880
15015
11034
8113
509
11576
12696
20069
7151
13944
19300
27097
4343
13796
28338
22305
6401
15345
17695
4652
28427
14032
10051
29097
9326
2645
1009
25431
27573
14040
24796
14182
1362
14865
14653
20795
5383
19922
7821
23930
11166
2037
23965
512
22050
13546
7143
20065
24171
32503
3072
27649
19429
3092
17743
6275
27439
14267
28026
4286
971
18731
30878
9319
10594
3182
15181
18679
19255
22839
29784
21580
22505
14876
11948
16023
21069
1855
9359
15262
5490
6986
14910
29815
2552
25479
21737
1440
26111
6199
9554
27578
13532
21163
19973
614
18325
30875
23500
1776
25982
27176
20986
9729
22702
30569
7717
9822
3044
26298
32142
22096
28181
31670
16739
31750
20629
32135
4793
27399
10720
27555
29382
31392
10897
17226
3584
28451
21780
20901
23249
21785
6124
17096
188
25459
665
3738
12257
28804
2137
1568
24659
58
30327
7171
20910
9504
31139
31407
22063
26802
10528
3726
12417
4697
1669
20054
7872
18177
366
115
1675
6624
28074
18086
25594
2102
1930
989
11747
32357
21793
30540
27493
17617
16681
4133
8220
9695
26166
3791
32486
4307
5494
12236
14132
16959
23368
24055
29979
19819
26659
17816
6486
6921
10476
9187
22681
16666
12246
5731
7940
5778
12360
31191
11945
5654
13857
28552
5444
23327
23354
20142
16659
21129
20353
4201
29138
3395
23288
26129
11062
26380
23054
28701
9182
1088
5735
3438
9673
8562
31542
2061
14222
3069
1465
17502
18047
9957
14670
6205
18851
1957
29746
6110
30726
16459
11913
8038
24315
9245
19461
190
15111
21093
24750
24787
30466
28951
2272
22325
24939
12299
6522
2558
4124
4266
110
16788
14033
3986
3007
29445
9651
16923
23573
24863
20088
31903
11528
15804
8452
24982
26057
688
13997
517
32404
24667
11598
6875
6223
1867
8708
27492
19042
28124
15937
3312
31673
21387
26954
22533
32111
21982
1140
20038
30594
1220
31176
6667
3626
14824
14960
5227
4967
6328
12755
14108
16913
13074
14795
734
15819
25356
11431
25901
8582
21578
3603
4498
10995
5476
26874
1114
13761
12247
31701
6937
13521
4743
21007
26077
29844
4813
30878
26255
25921
18856
12253
15330
32165
13202
5754
5084
5869
29783
11622
30251
4694
6736
13187
2703
29137
30547
10097
8002
21135
15701
8764
26864
31019
13671
10152
6869
17843
17622
9585
21070
29891
25855
22476
31688
5586
26547
26420
29869
31472
10052
20664
1253
26851
28413
14531
11729
22087
11937
31455
13289
18348
20402
11592
29369
24883
16858
4315
28911
27024
11670
21129
19152
26293
14166
6066
14478
31280
7180
18236
7697
5036
21667
5719
4252
26848
30893
6215
15125
20746
29910
32666
28897
20067
16503
10118
13875
52
17121
3095
18250
21784
13745
22533
19959
15957
7121
15011
23598
15009
1986
32462
13143
31799
5414
2815
1364
26691
17850
16328
16002
15673
14267
22935
30957
32333
4770
11840
18590
25664
5607
31666
1421
10766
9714
24637
29403
31689
11115
30384
17133
9217
24852
29298
18893
26867
4137
13954
6805
4716
21597
1200
7090
3344
7338
23012
16440
24526
25611
14989
25041
26553
15655
7003
10932
12128
26444
28379
32631
16165
4576
16943
6350
25633
27879
13458
7841
5098
31042
17684
8494
24748
32369
8649
24473
6816
22707
9032
25027
25260
16968
7358
31690
25605
684
22482
12534
30594
32672
8172
31950
3196
5750
1012
17610
30592
31007
29892
4236
21632
25304
25508
22797
12914
30450
29138
7246
21334
11903
25675
7456
5195
2189
31694
8387
18737
3425
17881
3667
17327
19765
1239
31112
194
16704
11134
23171
17801
13563
19934
7018
28946
21714
6082
351
15999
2466
17290
22707
20874
8908
15471
11760
10070
29079
4533
24448
12929
1521
31018
11478
23157
3312
31440
24159
1608
17151
21024
12734
18320
22922
5531
32217
9076
3420
11606
10911
27329
3827
726
27191
13127
20320
26856
29524
30607
14616
12922
26517
10289
27231
27432
25473
3640
24284
11260
25888
19810
10309
15543
31242
12777
7572
18270
27977
25343
23872
28952
28115
27782
18977
3578
27889
4441
524
25003
9361
17888
12748
15771
31804
28159
21192
16464
9045
4202
27642
27032
13684
2473
27779
13204
32529
21892
13329
8915
15525
19595
16101
8338
4518
3937
5985
19808
14583
3033
20651
11848
10886
30531
11506
31350
11823
23726
22219
1471
23250
15907
10081
155
24789
16203
333
39
8984
11968
21252
13602
14623
31835
18090
13648
14040
8981
2189
30885
11653
12091
60
26569
8297
25564
11011
24962
21019
15542
18813
22731
10764
18020
18100
27241
20276
23316
27098
27814
20960
8238
12240
6025
30900
7023
11972
9947
8835
1405
31351
28287
22492
26809
13392
32291
23466
23261
19071
32436
30208
24374
25720
1036
710
10114
9629
22053
23036
7282
11239
22969
23988
11685
14220
512
17870
22319
4719
11783
15143
8660
6967
25578
28658
13755
1227
23820
24348
24
26392
27312
30133
22565
8253
28365
28668
7374
21160
20240
16108
2370
5107
13969
22091
7909
6314
15080
17454
25964
8507
7920
5165
1704
16180
8266
28504
4599
27059
11233
16125
9967
17829
22500
11608
18358
30229
18466
15554
19396
4871
30191
32506
5864
27995
15348
12804
10657
17532
25268
1359
11660
22749
20411
18182
26206
27265
2593
7998
36
25781
1849
23326
7753
31059
3269
21297
24071
13451
20874
16788
21565
2627
29532
14058
27170
8713
4640
25551
19276
16590
8856
10704
16889
30943
29589
29542
1849
7311
354
6419
30499
14167
1995
10974
26818
14944
10140
9299
14113
19373
18005
6751
28868
27740
16690
19377
16679
12559
17955
23111
4552
31207
21079
23148
15636
27198
18159
15183
2910
31236
8791
4301
21635
1625
24019
19795
27760
30244
6255
4892
9686
19658
29027
2962
22312
21473
30410
28153
18878
10955
556
194
24447
19115
13474
16410
10350
18054
4651
8557
6252
71
12697
19375
14997
15351
17711
23919
30931
23913
25337
5305
25054
22951
30440
19443
8992
14405
21115
9888
19499
4398
27463
31453
32266
19737
14787
9309
6497
29189
14968
2790
5704
6196
27432
5236
23618
23342
22649
22981
19616
4769
31723
18386
4190
5633
24724
230
6463
28223
14772
20865
8254
27402
6777
7764
27025
23971
1996
23672
6213
18804
25162
4085
8846
26659
21699
796
17922
1871
19345
11198
3322
29062
27587
28180
6689
32070
31253
23912
18244
12348
19214
20444
822
19732
5572
17150
30672
19615
7520
14155
14890
18152
331
19100
28388
18117
874
709
9766
29244
13056
17812
22403
6904
19269
28151
10479
31376
18087
8276
22847
12775
5432
19919
3343
12658
15305
530
11408
32222
4506
6714
22901
21329
18567
17567
25641
3941
6388
15418
2957
23072
12585
10473
15627
24512
10143
8771
25848
27470
6777
11806
24820
29285
19291
5793
26778
28471
18758
7124
28201
10630
168
26202
16690
5212
5608
2812
24275
25512
14433
22039
18753
6755
10623
19952
9685
2641
29894
6821
28691
12109
25617
13165
24687
20054
25693
599
21879
21105
31377
32192
19981
26093
7227
27736
11277
25588
14118
29062
27517
2840
83
4311
12546
4594
2339
3667
20696
19389
16096
31857
9648
1314
2109
21212
12495
25790
32484
19373
3258
19076
28407
29415
10713
9311
29185
3710
14135
29758
29221
10111
25849
24067
15396
9977
22498
19670
29066
14917
7340
21680
25768
12792
641
3274
11402
10824
15024
21751
26751
4520
4392
19020
15187
21776
8684
4854
4121
13416
20661
26924
15636
22409
24447
2295
25564
31628
9945
24578
29554
22805
18429
7940
13418
19973
17254
20271
1125
28167
805
11243
25052
5441
30776
15368
14454
9854
18489
9021
17999
15780
14677
21918
7777
5705
2887
4039
21850
15655
32090
10490
28116
11340
21754
22642
28310
15099
23695
31227
32058
19244
12506
15044
16789
21971
30001
30542
985
15414
32766
9992
12892
25280
4400
21277
12614
12237
18875
5713
7271
25805
27955
31689
22744
29382
10507
25848
22536
11763
15037
21187
11207
29769
10509
12186
18713
7502
5236
5193
21226
28454
16055
11916
12733
32639
21178
10371
15347
24405
26010
9466
24330
25112
10701
31171
14241
15474
15602
24393
3177
17603
21008
2449
12917
18895
2378
31104
27212
6434
12999
8204
14870
12275
25578
17965
22969
9937
12260
5831
7614
9882
11421
15801
22134
24379
14697
2885
1525
15838
10331
12077
6310
28403
21539
19194
31138
15585
11774
12860
7364
26032
7728
9191
1755
14659
28736
27909
19545
1980
24323
29112
8018
22755
17503
10045
10441
31437
16010
13647
2314
14529
28231
28672
20945
3227
30163
13621
9510
30123
29557
23418
3995
17936
26022
7442
8504
18420
19871
23379
25601
29873
11640
2004
8121
25877
16762
446
13269
5603
13026
5476
24319
26548
3457
16026
30840
30037
20351
27579
4503
30659
27070
3556
29055
30400
4033
17850
17802
3064
14714
17900
11133
2410
14910
25950
22634
11334
24517
2266
22426
28115
27325
25578
30264
25585
25890
12046
29553
1006
10636
388
19897
25465
22078
18864
5099
17815
26279
22571
28241
28493
10233
27306
2080
61
2475
32196
9984
27755
7785
14205
2927
3888
16013
9216
14854
4686
12354
9097
21189
7754
22361
31539
29065
25458
20767
31734
482
1991
30040
5424
30127
30549
7098
26177
1422
13058
17860
3376
30941
30149
6232
4517
9580
29953
22872
3147
12002
1846
21645
6096
9625
8993
14935
1847
4923
9404
14578
29177
3323
23966
27209
11897
6315
20690
5544
31514
787
29634
23292
4268
1543
11051
31946
28117
14078
27558
4861
12405
1344
15212
13817
8534
1974
7039
27753
1914
13218
30457
30335
11009
19106
15743
8693
21936
3863
19080
17723
23973
7632
22167
4467
25205
15030
17644
27219
25329
4135
6193
10126
19954
20764
22141
29142
10869
30459
31612
4591
25247
7493
6708
11818
28055
24220
14048
19974
3062
27026
21923
15171
6917
17024
27071
1864
11150
15371
31723
10018
18704
8188
13006
21860
15047
2670
10417
25381
11838
25302
5725
13918
28210
24452
24733
25145
6677
19580
15371
14522
3742
12186
15161
13961
21909
776
1897
23249
27584
10880
28060
13368
11347
12058
19207
559
17501
8725
12862
26147
15781
32698
2988
9561
31300
15280
9500
25318
5544
9765
12535
28266
24138
9025
26367
25993
7412
1225
24077
1935
9538
20685
21657
22782
3821
9972
26042
9960
2513
2501
32169
10797
21244
14731
11728
24772
23805
29856
21419
3137
10225
30651
15232
10486
8712
64
29501
13876
12821
31896
21969
19691
28825
27128
3183
28157
8519
15464
22143
12596
20591
7701
8659
19507
20912
10513
26600
12611
12511
20659
24499
3805
30947
14365
13446
25393
30119
23414
19670
29843
27028
17998
7934
14611
644
13892
6494
2827
17354
8235
11250
12111
18697
5920
31475
24072
22143
29157
841
14177
7009
10842
1934
32698
11104
25757
2555
9091
16135
26793
983
30098
32019
4401
8457
14358
5256
31138
28286
28241
20375
2833
12562
1228
20872
5140
25977
19718
4429
20765
7268
26362
2293
20153
8421
8621
24914
7033
23090
9304
20782
1510
5131
28694
27598
32471
31868
6125
31490
3141
630
4977
30113
22277
29604
28910
17904
3141
22248
28568
1319
21083
30623
27455
25388
25454
19770
12748
980
13955
13470
7333
28086
4469
12400
8086
9130
411
2459
29403
20233
1666
2426
2127
931
14517
3291
30664
24128
1189
30281
29308
18438
11189
32244
32420
1517
11217
