11698
14263
18463
30303
20092
19467
982
6357
20238
30943
29955
23419
2900
9464
4531
26144
5211
12508
4127
15624
26043
11778
5514
19115
558
1207
29591
24856
22411
3935
16714
17798
7667
15247
24842
17115
1157
6576
23130
5137
3620
4703
28075
21161
4504
26264
19586
26839
1422
9201
21207
5429
27113
29189
12623
32295
2446
18834
12863
17708
16561
11446
4499
12208
18383
12815
28974
11004
7651
32148
12106
23288
7954
31867
12481
20662
16961
8089
27655
17020
29701
27376
32085
12186
20294
18362
25573
17400
19636
5742
15076
10933
32190
21833
2678
6147
31784
18473
25676
8994
14813
13220
13052
6947
748
32661
6337
5470
12993
11376
25752
17566
23946
4873
22829
15098
2505
27633
27171
11446
14643
9104
13026
14853
32637
6177
32191
8677
31333
7646
25694
18047
12581
4815
6293
32709
29441
24293
13830
24471
11910
20313
25234
27193
24812
30926
19804
18855
8238
3733
2705
15861
31034
25389
31404
7971
4640
6457
14412
8072
23042
1793
16809
26835
31419
19303
12695
829
11238
23903
11047
20545
21860
1415
20714
19338
298
31802
15976
12070
30967
30393
18826
27146
31380
15530
17496
29354
21584
22726
29006
115
21714
3284
1422
3650
12433
3052
111
25261
2639
27110
28028
9388
12244
19687
6204
3531
9539
2861
948
13415
21738
24391
18430
11164
10639
21752
28522
23896
3637
29736
25522
11370
32356
9761
19935
31403
8228
30101
29721
19817
5361
17800
31282
10235
19061
776
31328
29019
11112
12513
17744
32611
942
6122
12724
8151
31089
18241
12081
2718
3645
5446
1413
15241
10963
18956
17940
6117
13264
2678
19707
22794
9044
25675
27539
3218
29688
28912
27182
21539
3590
29374
32159
29471
22056
32690
17658
13748
19825
30669
27567
6361
30077
1379
5808
22735
15024
14882
24155
403
19500
24164
23561
30121
9461
3533
26894
3395
32743
8453
32764
15208
25089
23608
30301
32576
7541
23606
3773
22497
2084
4066
13286
30600
26878
17357
7582
26872
12443
1359
12555
9492
18174
10311
15897
11887
8769
1665
6311
909
32321
22975
23503
26158
18662
24171
6352
31192
8186
14720
26299
15615
20833
17713
24970
7186
19627
31760
21613
23765
23234
21621
24894
24802
6828
14562
31186
20607
29991
16469
19402
24445
2731
15863
29351
17288
21074
24843
29378
7909
23431
24030
9558
31816
22421
15410
21870
27342
2312
11896
21891
632
30713
6952
9739
21774
17981
23407
7030
10431
11612
21784
16404
27154
1440
21659
23787
30417
1785
13517
24430
20011
10580
19715
8116
5465
1878
12574
23169
28452
21901
5234
15641
12502
15047
17951
27138
621
17111
8997
27248
8486
7858
771
21656
26411
29416
5430
30992
462
3470
8251
7054
29317
12618
10261
14727
18251
7449
6028
11416
15703
28463
31173
4351
13466
2973
10574
24476
22970
15300
7135
25847
14448
23649
13393
28404
1749
815
1172
8811
30130
28589
5119
28250
22839
2665
19737
5950
5454
7792
13787
29254
2746
22219
26579
24368
11724
6343
7143
5649
8937
22189
14620
11941
7374
21187
16512
1366
2470
10691
10681
12530
9683
25925
29087
18456
26276
2903
12359
23106
14158
11350
25996
28265
6097
13665
32429
28191
30853
17448
24922
30269
15105
25632
4934
13424
30456
9255
3390
29660
2051
473
25357
27254
19537
12262
25561
11423
29390
12374
19237
14048
6220
16518
30549
27718
26321
6107
9607
5233
28542
31601
20945
9690
24289
14168
22068
14519
30553
5667
22543
14571
22536
8651
23547
4256
7645
20368
16906
24402
10651
18963
21239
28782
7132
23631
23717
5996
6785
27848
3842
20795
18127
13218
30610
24315
20380
1489
17142
13702
5294
23012
21408
26045
26281
29388
8485
12814
8512
23444
2258
2524
17261
32392
12032
14964
6170
26910
31429
9373
4663
1234
4097
17257
23714
6213
3764
19895
19032
18743
18602
9768
15782
10393
452
132
24046
12743
23148
32702
3583
22855
3459
7476
1477
7440
12510
3278
31233
22112
14385
4112
25213
32396
21155
23704
19045
2798
28256
24643
19853
29449
5091
12662
28849
16725
24154
3766
4515
28795
30922
6474
9220
9135
6649
13378
8380
5700
11944
24856
4704
10601
8253
7974
29673
1133
26112
28868
9007
5084
18775
12281
28876
18461
24313
31920
30642
11045
22508
31480
25034
2544
6422
3956
10998
12178
13741
27869
24985
16336
9033
29843
13142
7978
9224
16193
26391
21390
1128
8286
23037
13615
10849
29563
9229
24087
15621
2063
15908
24001
32591
7628
3031
6870
28389
22612
23025
30685
28050
2687
10674
21197
29174
7143
17101
13739
13268
17107
13944
5328
21025
22427
16720
12986
20297
22019
9668
12579
27772
3091
8199
26249
19186
2410
20331
19313
21857
25663
18262
21016
10901
21155
16955
6589
19837
25369
7838
19615
5020
14733
10407
13972
18073
19631
7052
3719
2272
3564
8300
13324
2459
14390
20586
12328
16222
7493
18075
19332
8343
10971
25265
8285
15426
10037
4959
4720
3253
25200
10456
5002
23821
18638
17644
1982
2236
2709
18648
9953
10961
8843
6268
22075
13477
23832
22146
9790
23953
23493
6910
14647
12367
993
21837
19635
15314
8166
27597
4911
19676
31018
25694
2103
31139
25552
10809
6897
6447
15252
1128
17138
4044
31742
28597
32371
7769
25939
27459
12219
15028
19827
1603
8729
878
11899
21528
17849
4299
1478
12513
9464
25973
9413
11385
23829
10425
15339
27831
28261
6265
19327
8349
13941
19957
22531
17388
8218
4825
12631
27133
14256
21798
11983
26282
19346
14028
4090
31658
17136
16243
16018
28726
8710
1006
3504
21202
24500
15451
21291
32735
21134
3327
10118
22193
29351
25426
28627
2854
4231
14078
24606
1543
6895
23888
22429
22242
4527
29178
13063
9010
8909
24765
20139
13421
13191
5490
6178
28113
30203
31173
9580
1209
28296
13503
10160
30703
3008
21847
20704
3804
31627
22441
28974
5679
18603
17425
10791
17991
16538
10158
16196
848
24565
5296
15280
31716
14237
5276
23416
15703
32419
10193
15652
29125
11972
31632
32652
2231
27349
23879
17490
9144
27389
25636
6090
6001
13126
23409
7420
21117
18645
27646
13828
24325
12303
28986
2778
19017
10515
14748
5639
4790
13882
14314
11502
8138
2795
31658
15493
27145
3688
7002
6132
26051
11601
8334
24683
16094
966
14885
19398
30156
25537
12664
10793
31862
17482
24776
5920
16460
18941
18073
27969
9071
24075
13626
31622
22493
30783
17349
19754
6932
19550
7500
1823
3328
31441
7117
19076
8773
23311
991
6020
21605
25781
16139
26812
22372
15864
19013
29692
20438
3421
30140
11825
15768
20037
3816
27566
14484
8639
27262
16239
26125
17357
4895
21118
18478
32152
10203
6855
1365
14059
29525
25210
26817
16472
9457
953
24246
9813
30144
2236
27452
11971
28092
32741
3662
27664
17112
12954
1191
28583
20514
9621
18359
28139
20074
27496
3152
9382
15137
24742
27074
18709
2893
23996
18476
10160
24326
14788
8110
14196
29238
20611
8832
16077
17700
16303
13516
10397
9821
22395
22701
19073
29284
26570
26545
14201
5993
29743
4446
8228
29713
16951
7497
4917
15410
27352
8712
18735
32138
31940
10238
5131
20380
15068
21777
21295
8546
21034
9642
19047
27792
30011
12094
3758
14014
24031
6965
14012
27539
12024
10332
29725
25891
32625
1960
26701
29843
7484
19614
24433
15883
20438
27555
5068
23349
23814
11148
25928
4250
21755
15062
25149
4620
12896
15420
12417
3630
19684
2927
24826
182
18905
30040
8720
31496
11897
28762
4015
21948
15723
29912
15516
10078
17254
16625
23452
2664
28739
7178
11155
16806
18990
28122
1506
27958
320
29726
15175
12945
2948
22178
15619
19459
15637
24294
9841
1327
10266
12991
15830
17599
17498
2539
6900
10730
1737
13287
16542
8304
12869
3146
5366
22865
20902
2001
25118
18021
13432
31673
5149
21479
11556
3128
23270
29449
16459
21475
6585
15593
31189
13915
11469
2793
12920
14771
2377
28538
1649
32294
9982
23543
2293
4499
20429
22698
262
18093
3306
25588
16792
6973
25895
27175
28182
25031
6268
8933
3676
20876
23641
771
10280
10687
25723
31463
16734
19100
5537
15854
15065
12252
5567
3160
21516
21826
5601
18218
584
24350
23381
26092
6415
8302
15610
9962
8826
17402
12571
10696
23407
30348
11781
32189
8031
28069
20849
11349
1971
26286
5745
26179
27010
28905
32165
23916
497
22230
28503
11147
25522
15896
4654
6100
6245
3784
850
30662
3916
26965
5324
14267
28683
15401
4741
24830
6072
30611
28572
19345
20618
4308
24327
31599
18833
7576
17529
3864
20978
32652
14596
12610
22673
8672
2593
10472
23488
13151
11446
650
20901
22297
27634
19264
16462
17735
18748
3076
23157
3094
14333
25195
933
13695
1211
29528
21344
7929
29081
17108
12255
24531
12525
23124
27356
31453
23823
13507
10878
30820
1087
26097
24981
17088
4454
30436
645
18048
25552
31484
6598
19379
3780
17623
10506
18107
7607
28415
32736
26093
26634
24577
8698
3181
26927
17683
29319
5632
27479
16802
15158
13838
12860
16627
5043
25108
18825
32020
27934
10985
15002
9566
26262
26021
30016
15012
25026
17207
3504
21708
25527
14879
3084
11289
26083
5194
31842
6908
6843
18024
31982
10220
22032
24217
16367
263
1432
19140
25486
19696
16602
1873
9258
4062
30989
17497
12098
16990
25886
22325
13513
31750
13188
25377
15539
9844
6234
22092
28604
13054
17544
2451
3040
29695
29450
23059
14394
5343
10889
21399
21857
7307
21602
262
291
20652
18123
15909
3086
25009
7818
11341
12081
15546
19514
16995
8344
26427
27921
7550
2431
23635
32666
24852
14895
31605
15829
21828
9780
10039
28600
15058
30309
6474
14213
5916
22473
13252
27067
16402
26141
29313
6239
8388
24750
27602
23977
8888
20934
17983
17205
30151
26209
26772
27908
28859
12708
17875
18846
12181
1778
3133
18374
12175
17032
9899
27614
7362
22560
13823
6876
22623
30180
7473
16330
28210
8594
4227
867
26345
8358
17334
5537
3330
6708
27925
17807
26647
18447
17284
6061
19652
31970
11018
14880
6192
26953
1712
31937
16825
7428
13605
19461
12483
7994
9549
28236
29438
8132
31746
28629
11216
17987
16029
4836
20700
7981
2314
11357
13301
14787
3252
8955
3230
14011
1001
517
2875
9901
18936
11523
583
211
3287
22767
22149
9912
21493
29821
19231
28882
8629
26623
11356
8863
1107
15283
31085
29137
19661
7146
8568
24525
27877
22603
19298
10509
6561
28828
8447
23360
3752
26366
666
19657
5328
5377
21558
29768
9371
15081
15862
27429
13202
26292
23868
5890
2564
32732
30708
330
27438
18831
25769
6176
5142
6302
28859
29794
32507
1754
7875
20188
11270
14021
10656
4234
30069
19999
20374
31037
3366
4715
1462
20122
17069
4652
22138
2157
15535
6571
14856
18386
24363
11941
1463
13570
5706
1897
20394
8121
6563
12020
24935
17518
22793
30531
11829
26728
12568
3907
9083
6995
19795
28263
24247
5240
11416
28315
15455
1120
17566
12352
26240
14779
12522
30194
18467
31932
23414
5033
7132
20608
13254
16004
7219
18075
19927
22146
307
23893
12343
14248
11283
7868
10641
6546
7813
4947
24270
21106
21182
12184
16878
32109
22438
28247
30957
92
11823
8432
20065
15035
27162
12101
21050
19844
14707
17042
20985
32636
30962
22262
17266
26064
17542
23142
21275
14738
29334
25041
746
1189
17088
15226
21795
16792
10528
9365
27216
24222
14958
3084
29171
20257
14651
10406
5762
9673
28139
2752
28645
17647
8529
18481
26355
2629
17023
13450
22943
25287
17343
24107
8626
6722
12447
5073
17971
6375
26445
23282
11495
16231
18805
2747
12909
15564
21259
3999
26911
31100
24711
23210
26602
17694
9758
16411
9364
29268
6647
26049
14986
12223
24349
12390
14479
26820
5954
25822
12152
2029
17391
30221
18508
15930
11313
27401
19805
666
30065
21264
10383
5385
8285
22386
27073
17202
6832
15575
18233
14550
19826
13626
7113
29714
23055
27850
23724
4283
23355
4392
30726
31119
12907
1149
32468
5367
11213
24978
14489
18253
28537
16622
19836
17885
19872
1153
14371
10554
30313
14476
30527
19948
10165
8100
17489
20068
2678
8732
6229
1982
4000
30406
739
3570
19808
27303
27345
2102
31554
2469
24542
12438
31641
7374
24568
28130
4749
30085
27879
9165
24823
29263
15591
6056
11989
7451
18686
32526
8142
21561
13365
22028
21499
8728
15421
29039
17167
23567
2300
31652
1430
7565
7586
25602
24415
6156
9469
7944
32234
17947
15904
6469
15227
25258
5329
1985
3104
18127
24406
12070
11770
14507
29940
6105
28162
11028
29292
22276
28042
11520
17109
16286
8609
15588
11186
23290
1809
8647
9135
17635
4605
9221
1974
29168
22515
8738
6968
14542
28239
1129
6548
24051
9569
12627
20040
9414
20244
18650
14338
18225
3940
25651
13257
837
20353
21692
17083
25586
16109
10945
28482
14936
4677
31767
2865
21898
25874
23632
19913
1330
3001
32183
30496
28413
9856
13820
6450
30546
32388
20478
12660
10904
8607
20614
22654
21975
2074
6398
15478
27261
30884
13133
13353
14436
4711
29414
3801
6933
30037
21126
10797
31871
21804
14139
6073
32185
6247
16876
22191
19387
5021
13548
16355
31696
5456
31635
29630
20320
27054
10608
17694
730
28743
12668
2836
3817
20946
30414
24802
16875
12952
15700
16845
26439
14683
13894
15110
8772
6299
7399
14190
481
30065
15014
25021
28899
19447
6911
2581
23542
30849
13401
15295
17910
15087
16782
31942
15819
32485
14174
11363
21599
11063
2724
11902
3451
24279
21050
27155
22450
5593
7618
29661
15086
5549
26597
28758
5153
25808
15591
31852
6898
3564
27476
18788
31326
21601
22022
1287
18725
12101
858
24684
17580
3603
28728
27171
280
12585
23633
11499
13255
30742
11721
15428
7020
21745
17283
23491
26812
6465
30222
29735
2856
23869
4459
4780
29073
10069
23538
31917
9122
25592
25889
12127
21716
7068
11124
7461
31113
21612
21122
30036
17015
6731
12622
23427
3100
15314
16268
5484
9038
9174
31759
22192
15179
30124
21721
30199
3336
26172
14023
16103
1576
30480
24479
2347
15503
595
3222
17405
12049
5444
23324
15945
29468
30167
1286
16676
17990
32090
28101
22536
14434
26847
29700
16955
10445
9448
19720
4065
12202
21369
6500
21639
29337
30096
1160
7522
28481
4876
24717
13969
24011
24158
21476
4868
29900
5254
3918
3835
1398
17641
9276
9295
10664
21332
22681
14024
15190
4650
25323
15347
30974
30275
5642
32247
19528
5824
23085
16557
27642
6752
16513
10490
32183
30939
10417
25156
2244
17144
15416
16104
9460
28567
8960
13309
25312
26779
31391
26826
14961
15097
7862
7024
27686
22245
29731
21914
31097
31539
18094
19420
25608
21123
12558
1123
6706
20144
7587
22631
25391
7202
18525
11615
2016
24882
23653
20157
11135
19974
6478
3613
7147
23285
4128
6500
8276
6795
15737
11418
27177
4833
7775
23852
24359
15722
2094
11953
28812
27772
7238
16221
22624
6109
1913
17489
27861
4477
336
11839
426
3715
13270
31355
18591
31144
19214
4611
924
2526
30436
2942
14469
4178
32522
24106
26212
27123
1866
18661
1408
28046
12842
8301
29527
13364
29515
19750
8730
22352
16679
6508
22060
25547
29924
23443
23523
24850
26902
7086
4814
14039
23025
17608
31139
8952
28616
2131
27311
13259
10697
15459
25723
12780
2902
26693
5595
21998
24180
28958
24479
3332
17804
4927
15655
17301
7039
13596
22697
8269
20301
4631
23580
28544
30518
1400
31668
19900
607
392
7343
28317
11072
983
3365
3890
28150
516
27784
8743
15860
11043
6245
30630
20311
26307
1330
30347
1080
21922
10554
22789
10784
14956
16288
2009
5916
6119
15475
23840
20720
21093
16056
12746
23403
24766
9875
23502
4357
5775
30128
9183
9973
20504
26255
15598
13842
9386
21234
17433
10914
23279
4960
8805
745
27455
2297
20643
5796
4138
20651
17825
20938
14214
25049
9566
21336
9871
1591
10620
5884
20960
585
21775
31946
9483
11031
12339
1854
23491
29048
20517
30891
302
2613
32435
6093
16326
27629
2879
27538
12625
27346
12091
18729
8788
8308
30845
17578
11176
5461
12810
18845
8894
32516
2566
26573
17715
14280
19227
9079
22352
11138
14299
27657
7489
8781
10059
4668
29684
11143
20887
15118
15970
4811
16693
6143
936
5157
22663
32253
12859
23220
25496
22413
10521
20139
26895
3453
4176
2489
715
23175
7898
24634
12336
28714
14823
9128
31393
16349
4434
4699
28947
23801
32503
3400
30985
3301
19968
30601
26969
8728
14156
16230
23145
30075
15391
1889
9172
15782
32030
3463
31008
18851
28118
22081
29878
4383
27230
22478
24382
12431
32729
12994
15700
2163
23704
20964
29399
17535
24336
1457
8220
27174
16754
17459
11519
23115
3718
24680
7633
7262
5453
22204
13377
22689
7577
7226
30432
13269
5385
24803
24356
5333
1223
7003
32147
26247
27009
14897
24927
3891
27411
24568
24139
4625
2901
30040
23801
14507
22899
32080
30439
26148
14993
18491
4674
19916
8551
30223
31188
25704
25351
9596
15224
13127
16
29879
6339
14430
17569
32565
8888
14286
21730
7699
13385
15199
29287
17483
14078
433
20824
12940
30576
12807
31193
28982
31837
146
16796
23627
31118
19689
4722
30748
23501
12279
14073
4551
15389
14749
28262
8661
32059
32005
20500
25457
22388
19627
21283
5943
8537
29263
22032
18725
29452
8608
11850
184
30531
3159
3216
27265
1007
8260
6699
6451
279
18013
4982
19278
30725
31659
23251
4563
30701
16592
28412
3590
11283
19872
7850
14034
4177
4868
6179
14745
2929
22090
9699
6768
29042
20983
18848
15087
7221
639
5611
11773
28019
28616
8545
20901
30571
29271
2561
20699
13158
1852
149
8042
9661
6044
16372
18116
30109
26928
32109
32561
23654
18185
28094
2282
23137
27389
20420
22995
11310
21945
29214
849
19321
18753
25791
770
28826
14937
16471
10070
3362
7275
16269
26365
30604
19821
19233
2567
16179
16054
12917
10035
18001
25399
26864
5535
5722
20695
30162
7855
10835
21430
10721
29348
3724
19368
10557
52
21783
3060
3592
8243
11791
31602
32243
11806
28969
30521
25720
2911
2467
15804
24630
24243
10757
2284
32070
29777
19169
4045
12347
9482
4839
24741
5007
27054
9004
7128
19272
5412
25965
31192
31642
30272
3397
27063
29934
8660
15990
3093
3594
25549
25737
6658
2034
31525
3916
4444
10948
442
20412
24272
17526
11157
4211
20624
19177
28926
23485
13654
13809
12458
27374
16459
26969
27206
32473
82
31972
1093
29864
18158
12868
19706
13107
29774
3779
5031
12615
24354
8173
24969
13877
7571
19119
525
5887
15107
18300
12035
30692
17959
1885
11083
26377
30839
13463
15300
24945
29489
2936
10110
15395
12752
7259
6694
20787
14044
14493
7097
5219
15475
17019
12662
13544
15058
26852
6633
5205
21534
12841
32072
30623
6602
10669
16062
17459
30204
5198
31735
9707
28962
9992
16811
2892
28259
14768
11342
16276
11250
1749
3805
24206
16999
32641
11371
5309
24150
24452
15531
28641
19442
11541
26428
1317
6078
24964
6614
17417
7
20189
19802
17474
28714
10505
21501
12816
20349
24989
19395
26120
27175
27658
9553
766
27860
23715
22578
9114
16291
8904
6142
10772
10600
12326
4475
15668
22089
6788
23943
1568
29713
19513
31482
10072
6378
8699
5430
16226
22955
31694
28238
5759
7760
16076
9686
12584
25844
22255
31087
4355
28299
21772
12633
28927
5584
9554
7258
14670
30445
21021
3969
27915
4155
17526
24495
11830
30421
1330
8360
22330
13936
7328
3453
17918
14802
21658
26647
25604
1760
2874
4427
19450
5238
28502
25259
8390
25135
450
25087
20971
56
25907
18575
21490
28947
11601
3854
28452
13788
8901
26740
26823
5199
10581
14802
24287
26148
4610
19198
17743
26373
27872
1380
22695
31961
23751
15440
23951
12265
1033
25751
31520
31175
26719
20387
11606
6188
3651
19169
20743
25909
20193
17812
14987
29110
7395
6832
27432
14066
7235
4658
26961
30754
20472
219
23971
25785
22940
9979
31360
19609
19974
31219
10475
24497
28127
31685
26071
16357
28455
24401
24564
3923
9569
25743
7578
17827
32527
23669
7933
9758
32345
3148
588
20386
11402
3387
8799
7456
24241
2647
28999
32666
26608
26141
16494
28889
11039
30938
23411
19316
26143
1456
5485
4807
30879
9152
27023
25133
12275
32099
28511
25848
3649
14847
8819
2965
31587
8129
26116
16950
21877
31667
21317
26984
22966
20576
25099
16668
13189
7794
31248
32361
11221
14288
10115
28376
504
24424
22279
22308
31518
15418
30891
24698
16166
30451
8650
23740
9017
19781
9423
98
9553
16335
2428
21570
419
4655
31833
28732
22375
18946
26187
2300
14495
20290
7313
1717
32207
22312
18469
27136
22913
9201
26931
13642
7316
5188
3480
29727
2649
22868
14719
22648
4043
29811
1513
28426
11255
30002
64
28405
15073
9433
10475
25476
21874
20484
12642
13721
22586
6292
9670
20020
185
17403
32033
14090
27256
12863
23822
25515
13856
31403
30666
8973
13360
1491
7242
29952
20256
20352
24513
31950
27303
26094
26505
718
26862
31941
13267
730
13115
19506
13416
28433
8780
522
18730
15017
12849
1556
14304
28368
4395
27847
16188
23772
30044
26113
772
6478
11580
11763
29567
2519
9946
31588
727
650
5402
1303
26590
15959
30352
31681
4985
3767
20014
4350
24703
31169
17951
28443
32716
3907
17592
8893
32159
31284
23150
27245
16329
18573
4497
7505
26499
20974
20475
31827
20079
10238
11841
7969
16052
15529
7441
28056
18441
10282
1924
19882
5338
18854
18796
10034
18161
27122
25029
24930
15841
23072
12766
3018
9054
31983
11476
9747
14755
10253
19365
4836
11630
28676
3889
32554
5902
31851
17981
2712
28325
26679
24468
24895
9618
29533
13959
18639
27627
23812
12993
19175
978
7984
8631
4007
20037
17706
14591
18668
8657
18159
6106
19504
6411
25301
23399
29437
7478
21972
2568
5044
23473
2579
6298
18808
19456
18132
23199
7816
15214
5378
20318
17116
13880
7042
22092
20197
21625
27684
14764
29962
22669
16040
26132
4312
16812
7339
25701
19895
14003
25145
18013
31613
4618
29144
11782
20426
29015
1970
17793
4828
28891
24398
17308
7135
9308
11069
8101
1379
3440
10893
31751
17016
11813
882
9167
9422
24237
20061
15312
1858
28323
1955
29266
17498
20391
28363
3124
25870
2998
14135
25551
14602
18201
7154
30212
3554
23635
9253
29593
21043
29134
1628
2633
19901
14447
16092
20779
5372
17509
19862
8709
12615
4752
23291
26796
32285
18356
18700
20088
1764
13270
11831
16925
10614
3100
10745
26828
6640
14253
20850
1102
7284
26917
21137
30510
17691
12826
2060
13178
7483
905
5054
21424
706
13690
22097
18853
11189
31040
23692
20130
3946
25574
19921
291
23162
550
24613
26270
13508
3108
12129
15825
24349
30342
21494
23552
7008
10386
28186
26436
10169
1878
17774
3293
31432
18261
6840
19494
10072
21814
16072
12981
11220
15821
31926
19460
26099
31604
24536
17748
7982
17
4087
13734
23144
6289
5912
14575
15956
20942
31388
23049
1593
24232
2452
13109
13906
8161
10342
22838
5142
28190
11865
173
27823
13900
19215
29897
28160
1875
3276
4545
27940
12715
7396
30232
8854
12597
25544
29000
25813
16528
27638
15573
21738
12919
18928
10451
25728
30553
22810
6080
4564
24569
3386
10718
26757
12916
7566
18377
7187
31772
21583
23724
12645
31967
17514
30898
5387
18101
25350
4338
29739
13973
27363
20491
24264
25387
20906
20258
9774
11036
17586
272
14558
12915
9219
7057
29024
2980
251
12803
14625
13366
24572
24841
2007
11040
26346
5023
15811
30185
6856
21612
10254
31840
22246
11805
3631
16315
16462
28628
30195
30608
24219
27996
8020
16253
32224
14760
27458
5119
30314
27029
6663
21202
26418
3497
32497
18680
6096
4432
16949
18803
17884
15614
13961
19067
31027
21691
12528
681
7123
23330
15730
24090
30758
18248
6725
29336
30575
30752
738
19074
6243
17667
16439
28577
22414
23567
2713
112
24339
1807
21601
21181
21632
32169
13112
7580
9465
28894
5555
12954
23572
4775
20716
32747
8335
24621
20019
23527
9881
12927
12631
10294
15586
18434
8291
7707
24538
22482
22717
17014
18849
15504
28904
28578
24876
5658
2437
26589
571
18431
18196
24281
25326
28556
25914
1702
16938
2539
6442
32522
27919
10701
27979
31613
32260
9910
32208
6023
5590
22750
4096
11437
22251
32518
28645
31693
22931
452
20990
10224
831
29012
6597
21790
16278
14957
1861
24564
22556
93
10380
17453
31962
23472
32302
31953
16276
24501
31032
28340
15800
15282
5928
14205
29212
27488
30995
29515
17101
16866
25374
28442
4527
18698
11790
6856
28597
7635
4394
19974
2300
27128
3488
24427
15158
10570
32732
32754
15414
24608
31343
26130
24211
23948
32463
21724
21624
27520
8885
17800
13231
1510
25014
5895
20501
1772
25663
14036
3479
19447
19596
25060
9394
7958
4011
14916
9186
27728
25416
27105
13591
5500
9827
12180
18300
19891
4798
13490
27394
8971
8080
7120
14567
27354
26454
2328
2236
21832
3030
15576
20021
16808
24079
5303
8114
31156
12030
29640
12327
31882
27669
14974
20044
24732
6000
22773
19261
4442
30213
16041
3540
6973
1056
23861
27509
11632
26666
2016
1844
20828
3736
20306
2167
16740
25919
18367
24932
26311
28682
25784
11648
11036
4182
23880
23528
25630
8258
32116
13411
9348
1539
23995
18705
20341
16205
5512
25692
10505
10172
13162
19976
7591
27825
9563
19953
2777
13039
10931
19114
22900
5109
18929
4852
9572
24922
30902
4320
8386
15273
17292
28594
13090
26512
19427
13081
17055
4236
25833
4070
13017
30320
22348
22933
7767
8740
23502
11028
4257
22472
27277
10846
3071
10384
28608
1356
14050
16078
30220
12809
30214
11383
18522
17228
7566
12155
4866
6228
23637
1430
16798
12663
21641
18502
18121
560
8812
19320
5038
18681
10031
19285
14372
19534
15990
9124
19171
31215
9554
23897
14761
4864
8732
9725
25467
25968
20692
27767
31455
12560
24238
17032
21900
19074
31375
12482
29031
7922
5937
667
25389
9882
18224
29931
700
7373
19144
28082
26452
12818
20358
7888
25454
27876
18926
1009
30756
12085
29508
17146
29072
27393
22408
30181
249
20334
25166
17824
5240
27074
11278
32055
27657
25791
10465
29405
4783
26054
15100
19264
31717
1834
13541
21861
1506
14465
17426
21972
21208
0
1256
9076
2617
15373
17225
17642
22953
3049
6962
4198
15860
7962
2253
30031
5005
32171
23284
23981
1124
29659
27756
10264
6499
9620
17730
4926
20330
7570
22733
32581
8689
24964
16599
23963
30319
22714
21789
4876
14323
18791
148
19457
15334
14388
11993
634
8601
23100
8800
23183
27999
32560
12739
16625
23326
14704
7547
9419
14739
22271
316
12218
26343
28746
14762
16472
15949
29809
32036
25594
19889
18334
5574
4221
27196
13198
2764
14565
13644
19750
13561
2934
28137
2796
23220
17288
32143
31059
13351
25349
14847
12643
25895
550
10085
13104
20887
11284
3945
14137
28033
30237
25325
31364
6097
1150
10677
4838
9767
22830
30326
8185
13060
15775
16831
26706
24010
8187
29473
27497
30440
2236
27067
16125
15922
27438
31094
5980
7339
22915
16266
27608
13494
10228
27739
7741
9124
12654
15143
20910
21362
31797
132
15709
32077
4820
32630
4153
3875
25540
31464
22829
24130
22396
12207
32126
29077
7328
8647
22996
6937
14449
4721
23924
7774
21878
1538
12492
28649
32716
30755
15415
17615
19112
32736
30564
23893
8706
4862
5620
3569
13155
7437
13493
9899
26034
22251
29921
12742
16760
24810
6656
25920
32508
13235
6601
31271
13259
5506
16148
20885
21574
2837
9074
20217
6417
26664
27101
20920
8108
24841
21998
14489
26398
23728
11439
6450
13907
16059
16934
9260
29276
28063
22888
21544
27677
26082
22378
23974
30307
31766
26851
26401
31899
14753
3938
11917
20558
19382
7087
21208
7671
1091
991
23291
7567
27217
21928
5975
4414
13681
10526
4200
17009
22153
865
13270
20032
20604
9407
26270
8062
13650
21784
5318
29641
31211
1634
2971
18090
27354
31440
16802
20926
26608
9744
7330
20894
28331
17
6598
19172
18902
13001
20991
3803
24294
12852
8274
30698
27653
23462
5495
29096
6077
10482
22064
29902
7781
25718
26944
3227
26639
19245
18927
31149
4385
12321
7425
7074
6948
2667
2213
3105
26210
8961
22182
6500
4533
21238
12311
14205
12931
6441
13256
7646
482
24006
18879
10928
26646
21307
11
24636
2552
21620
7914
14190
139
25973
13173
11186
8559
15844
12080
21285
16530
32675
59
12177
731
28516
31051
31221
4626
12428
4700
605
14863
31959
12997
25451
15354
22977
819
28903
12705
16957
16418
26100
15897
25946
15689
10950
31920
21000
31124
11757
26543
4134
19955
18471
1622
19897
30826
11023
4756
15286
25968
16198
5156
26114
30335
30754
10028
17169
20240
28926
31814
14016
16437
12574
3464
8663
13975
7541
18502
12948
17589
27282
25761
30485
13630
32388
13637
8535
1148
7622
8044
10301
4866
32660
27112
5097
5142
12062
20063
20483
7794
14642
21510
3291
17115
8446
12833
29029
20860
27714
8458
30807
3574
13890
28867
20812
30849
2826
16799
27234
25054
721
5759
14829
7070
5527
9223
1495
29183
29615
1736
22004
10431
1554
547
17331
19696
31382
11238
21162
3460
14293
28107
14312
25773
6663
31993
16881
29450
2668
15972
9169
20086
23440
29623
18914
10484
28198
14163
32424
21974
4498
11265
7026
602
27077
13445
30605
13417
11522
20510
17853
7259
18680
2765
20639
14932
26054
20599
16738
23367
18212
7611
935
24078
4442
4743
4667
26660
25368
16109
928
12649
15091
7873
12760
7362
25277
124
25664
5918
19306
25216
19267
13576
12108
11220
31984
16604
24129
170
13682
12015
28416
1335
25813
9369
25054
3706
1774
18282
5090
29702
23162
12607
30756
26466
20024
18424
6456
16831
27467
7705
29271
27854
9151
11982
5633
11064
29658
4328
30652
30300
24880
32292
6317
25071
8066
24466
21391
23718
14412
17971
29525
23815
7143
4940
20287
4978
25355
23361
31521
18389
755
17166
30933
31552
29826
4313
19242
12809
20529
15929
4212
6149
3443
21026
19977
1821
30511
2947
29611
3377
8440
10722
6281
10071
8893
8418
26738
44
30021
5332
16981
10222
31875
14221
3264
2043
30067
17065
25986
25608
5470
10927
25538
14294
2676
5108
3945
12033
6394
7828
29532
29660
17833
31809
29631
18461
22013
27563
5405
12923
25843
10356
1624
4101
15403
2554
8908
29999
695
30897
5948
14496
2436
30218
11537
17994
5706
14413
31400
20843
27344
6801
22844
16606
7814
5786
15669
22272
8716
29075
29036
21936
22966
9061
20243
19092
14116
30483
27421
1355
22385
627
9676
21223
31064
17702
15805
9024
9492
15825
27444
28780
20406
20605
15276
14213
30241
9304
6430
10617
30866
16836
12281
27524
1137
9424
32314
2510
11306
7794
31822
21922
9780
27088
6079
12504
21934
32124
25705
16573
16104
3006
2410
13251
31939
18628
178
31306
18477
14242
19790
3012
4172
25210
4685
8750
28321
32681
30497
14114
27820
10514
8747
14760
317
21575
9884
4045
15311
30869
24116
9425
4667
27069
26158
3482
14875
1393
1819
12809
24215
8052
24876
26939
21132
5703
3437
16388
20253
19798
21502
11541
15431
8931
27753
21172
23577
10337
1990
26646
13839
413
23804
23049
30033
26639
22710
6921
12201
13329
26793
25770
9695
25659
18335
27403
22320
26577
17119
29625
12114
22559
13772
30837
19705
5547
26188
29127
13616
29335
29425
24892
29988
25794
17662
31186
21358
22042
24362
12565
14797
26608
31411
17482
12013
6642
14954
6928
8662
24045
25584
30370
16902
31494
11093
2652
4962
16005
16772
26234
32152
22916
20698
12426
6465
28081
468
23194
14645
25034
14821
137
2950
12666
16020
6245
24747
25099
30854
13940
15129
28627
17098
199
14754
18833
21300
8958
20093
32090
18320
22752
8161
12351
17649
4534
29149
8751
4071
8190
5818
1964
2678
3480
19638
28513
10866
22119
4180
25359
20397
14789
23451
4724
10132
24440
20141
705
28506
13187
11663
10414
1111
4692
25891
22428
7092
8718
28968
18077
16743
13025
18332
14187
6186
18165
22089
14334
14035
24323
28335
32183
23056
10912
31461
30112
25791
3836
25605
21608
28030
11121
15198
4623
30443
16484
14187
10178
870
16340
2082
13194
3763
18362
25403
12319
4870
25570
27483
24608
26041
30998
29180
30709
10936
878
21689
20539
19776
29758
8156
23391
30977
2188
1934
22771
12446
24099
23225
815
11261
872
12252
25648
25341
14906
12594
10241
11700
13736
22678
16435
26795
25238
4460
15231
14084
13111
11001
5953
8192
10301
27309
6466
4344
28050
28125
19147
29385
27791
9779
8060
20053
27202
9053
26328
28434
22280
24544
11590
3049
28856
10481
15986
21845
22182
10641
19483
2714
3165
7558
12831
26165
29584
14475
28068
14766
20873
20605
8502
14621
25095
2334
19616
20151
231
21945
3588
29184
17873
5986
23895
4214
32374
14531
27078
21436
19045
15920
16925
3022
1396
31326
17633
31931
14698
2967
7925
10151
12789
3181
17538
31519
11323
20858
10111
9497
18614
30103
20197
3522
31942
3746
28204
11089
5389
13641
1931
8464
11518
10957
27994
23605
20232
28921
11444
20614
30657
14216
22881
4462
25596
26751
22568
17422
25017
32283
11220
14172
20906
9544
6841
5503
2332
14144
751
6302
29461
11624
31732
3891
21885
8566
20213
14423
20091
5851
28948
2440
17595
11923
24262
27037
15745
824
21741
29316
18137
7297
19484
12694
6657
2553
14427
11086
4555
20128
25172
4301
19789
2094
19359
30410
13396
24941
3643
29662
6581
28767
32115
7940
5290
11310
29098
19477
20880
27263
233
13359
5519
31239
12599
5800
32491
29200
31987
14781
31911
9692
9985
29564
22468
10663
29995
7029
18119
24921
3143
18814
15344
1056
13609
31411
8442
20538
31916
13547
1359
11566
1380
16789
6053
28668
13109
4903
26574
13494
7929
10848
26059
2347
25732
31168
7458
2736
26516
12140
19348
29210
23
30155
26005
24149
15474
4586
3704
4605
14032
4412
22180
28572
6847
20551
23289
9649
11882
21692
23605
31188
3597
17526
31828
4860
25822
17418
8225
23580
22837
18531
28116
7556
25297
19938
17385
3776
12265
17687
18741
3777
10495
8064
581
30677
19606
25862
23940
10329
16345
20039
12442
6297
31166
12864
22827
116
13857
29566
20759
22193
14414
30005
11616
31485
1021
10572
19475
17962
23894
27338
18499
30490
15714
22497
6363
26896
27750
5512
15337
8595
14249
6534
20
14277
13437
32478
28306
18869
21109
17122
9
22847
30832
25058
28671
27627
22001
8343
26545
18309
29710
21095
9970
6894
8809
10669
32379
22344
32409
16562
20655
12008
25775
22909
8455
4023
2356
17208
13868
19748
2470
5463
18333
15810
6098
7691
14747
947
28246
9592
8475
23962
20810
16930
14046
843
26521
30424
15470
2631
1917
11065
7527
7867
24204
7920
6162
20453
22052
2737
11073
2550
8957
22341
26864
17763
24734
26483
17285
16195
29013
25044
25813
659
10760
16979
25423
12197
5903
1159
19032
31458
19488
17078
9027
9167
19181
9508
30514
570
28268
14320
25266
12127
31729
26998
21879
8138
23456
19044
31567
2707
10892
28795
3135
25425
1093
8507
7966
9744
18980
19781
30783
11808
19651
12527
1367
28058
32251
28590
13245
27240
6577
25733
27233
8284
25772
26068
29662
11836
10590
23831
28820
18714
4479
18632
13234
11919
17423
30063
3073
6908
25746
18895
15737
18170
5168
17899
22467
7173
14128
15922
16513
15911
22303
18865
23693
7139
20458
14810
20655
24905
9984
29493
11544
12514
3496
14806
30956
14319
26577
28695
2088
15958
1171
2667
3840
15566
10520
15144
1110
18549
20164
18775
23533
18889
8393
20883
28211
28188
947
27116
6150
17242
25374
3794
6520
18417
13275
31548
24444
7273
31857
17923
815
10324
31479
4715
10343
5260
8748
6228
15475
29400
28120
15538
30341
15033
30110
8836
15185
17843
2809
5468
2892
9839
4689
12681
24095
29107
2574
27269
28989
714
13236
1992
29295
20729
8065
3881
2974
18611
875
21680
24184
12345
15192
13256
30038
25585
23357
31436
19146
28972
17598
16663
8265
12549
32710
26193
7921
222
13446
24032
27485
29190
18791
15525
19175
7342
2574
21708
9298
28030
6748
24097
29051
27292
12341
14315
2879
12999
16988
13634
4877
10270
5068
28383
16558
11550
26124
21084
12174
14414
36
15156
3727
3659
5719
15885
26067
5816
28420
6689
21322
11502
19106
18184
22021
32226
5198
25626
21646
31703
16913
32448
2889
9068
27681
11777
23756
18157
25910
26459
8495
19451
9524
12646
19632
16908
14637
10752
25743
2032
2340
200
9449
20916
27851
22055
16955
8450
30484
26290
3467
6972
23255
16932
21447
15522
1226
22112
3126
13712
13135
24596
153
17465
12751
20851
32396
5881
18606
10503
3485
11454
26166
15405
7154
12459
14865
8035
32231
15923
24699
30359
21635
26507
4019
31686
29536
23960
20744
13216
26674
12837
2494
26537
11464
14458
10838
154
15189
5579
7614
28707
13722
3347
14873
5963
28987
30130
18725
15993
11513
14016
10571
18948
31653
872
4003
1994
10196
8122
20532
25599
21227
17812
17070
15976
18398
25937
28763
9170
30658
13453
26119
26725
17404
2950
14982
32500
3703
21009
23360
18781
10428
8282
29714
6584
16364
6974
23139
11148
28959
9872
16785
19621
25672
2517
17650
19916
486
23540
20459
21290
17888
2036
19031
2911
30812
12009
13973
6227
19483
10597
31636
29858
28273
2058
21622
4207
21885
5826
31072
7391
31897
19025
5412
13988
6540
31352
32080
13948
1634
32400
27505
27902
11330
2386
3955
29072
28003
6647
22672
14220
31388
14731
9185
23936
4625
26729
31650
7295
3074
31639
26071
15616
26460
12130
19523
26326
9328
11321
24958
8252
16448
15587
29065
81
18617
16989
14967
1156
23681
26606
32016
13894
4873
3757
17658
28209
8436
26672
7287
30097
26927
9348
2957
10681
16217
14907
32227
19190
7679
1951
25863
26734
19683
25658
1417
12670
32672
19168
30508
7929
11980
23194
23315
13026
23917
22269
16617
6745
3133
4652
14388
22149
981
26913
31618
4255
12156
11771
5964
24824
16674
18930
13495
31618
16727
13868
6910
32060
11442
768
8228
27737
8340
3061
15995
27052
32506
3488
16542
28953
21962
25195
1448
29953
22157
7564
9174
25038
26220
28281
17447
27519
12743
8081
7241
1084
26676
31412
15042
865
31168
6553
27306
6609
15727
7772
18140
21751
11002
13437
30060
7762
17939
21811
11913
21437
7128
24386
5680
26983
12342
25321
31078
5548
27074
29883
31696
32475
4100
7523
3102
29795
29954
16460
7053
17206
26953
12521
4099
17839
15356
28868
30335
3456
13452
13961
29549
14585
14805
7305
1201
29005
24501
554
14612
17081
29637
31379
21856
7414
29451
30805
13311
11327
32269
7121
25733
20225
24195
8700
2563
14702
8400
11606
18055
17121
23800
28503
13075
18250
1559
24511
2080
6492
29985
19617
19452
20706
1785
21759
2587
21393
31035
20006
25273
3316
24830
27067
14426
7285
24435
18370
7035
15580
19551
770
15423
18410
31976
25645
14576
15483
26872
8712
3949
23001
2579
19252
1321
32419
32400
3878
9646
26643
4122
29572
1821
31017
26862
10342
7405
9177
13985
38
25880
31382
16133
15255
23508
15524
9303
4228
29625
844
8656
32739
8396
446
22877
25505
31587
29196
3406
14115
10329
11273
6554
96
11435
26146
11463
15258
6670
1587
17974
670
12175
30985
5764
8224
19337
24059
3910
5151
8201
6193
4068
20879
2661
13461
11189
8537
31437
14503
20667
2281
21602
5661
4154
27382
27463
661
32713
600
13674
10735
22811
24846
10852
5233
18592
20025
7632
20954
28600
10394
22713
3955
29759
22133
12960
29537
4371
5332
7938
15575
7437
24167
9784
4249
2936
15364
28999
7021
9012
20253
12134
21968
9917
975
3133
11276
28617
3073
20490
7276
30009
30600
10113
4058
14047
30982
2123
3348
22859
18509
15317
22457
12264
1100
32096
5956
20799
13795
31039
25831
22762
12153
19816
21669
16637
9793
22548
691
817
11721
13965
10425
24780
27273
9061
3608
5824
26098
13184
32465
19485
29595
7444
26267
4848
32241
980
10527
11270
23151
21776
15854
16273
22349
20307
13952
7959
29017
30001
1204
28900
30695
21465
22067
6525
12283
28661
31084
18080
16029
221
3597
178
935
21904
10610
30832
20578
26450
32150
3995
8553
1802
23728
18040
4493
10381
13153
22212
8492
28068
9308
26171
24545
7381
21413
24412
16386
12992
696
5566
13047
22624
32347
2797
30466
9917
19517
13981
4718
21969
25728
22305
21630
9570
20285
23903
21654
22879
11861
3108
6222
29854
22461
28792
428
166
9973
14377
25902
19611
28207
2224
10848
29883
15464
21522
8610
27880
7407
25772
27165
9368
20070
25277
30176
7164
20997
21664
10642
118
32373
18126
5687
7442
31114
9550
22505
24192
11952
3339
9832
29917
9735
1057
13166
21406
18755
32219
32333
22457
1969
18162
5372
25199
29601
26470
7347
5029
20695
26404
10661
8256
983
27872
15230
7173
14950
25801
25587
15323
6757
16259
1367
10351
10064
23472
2646
10327
4066
8422
17182
22704
14362
8000
29327
19290
9748
22082
15434
31120
31821
26253
24046
21156
18424
31308
24698
29179
18583
7558
2923
24176
14071
3265
17808
12754
4551
31806
15830
11874
15102
30069
1085
4647
24953
14926
858
7646
12922
20789
24013
19322
14816
30885
12903
7430
645
17956
31066
14104
28587
4634
27962
28469
11218
28600
21010
13280
2980
9548
31729
3668
13051
27133
18664
10188
32388
29025
11298
20858
14980
3535
11352
24284
3876
15189
17783
19194
6780
21701
6275
8553
11916
26021
12679
24592
1162
3993
26390
4139
2160
26909
14678
23554
3894
9105
4609
25107
25883
22098
394
5587
7179
8293
29554
16818
9789
30737
8132
8736
26428
9524
2173
31209
15178
13858
21848
9677
15993
23165
25359
32544
3400
28888
30338
31701
31623
2517
13369
1209
967
32545
14834
26427
22454
4970
10805
15962
12181
8587
5792
15179
28063
19502
9854
1322
7101
30136
13858
22491
32715
14453
4030
3897
10221
5061
28398
15094
16082
18454
6148
15670
15659
2092
11611
31770
21658
9303
1302
15709
3580
20422
28519
27907
817
13460
6203
24273
25050
12034
25618
32748
8393
21606
30748
18196
22529
16485
23906
18731
19486
21068
30003
13547
32747
4584
11965
23604
17995
24630
17795
6496
27485
12784
15290
25368
31272
18271
12326
17944
6330
19588
20908
19203
19521
19343
27877
5166
7983
10171
10293
32021
14445
14105
26485
576
17554
26836
17371
8120
10673
22733
27816
21850
10447
16946
13121
11408
17619
18631
22324
18729
4634
11598
25172
18301
1909
17101
25718
14603
7514
19373
2276
1171
7345
23565
24740
18049
7670
14526
26952
28103
16305
26941
2845
17092
31011
11514
5815
18683
10384
23069
7464
2315
14243
7961
4421
15705
3157
11526
15930
708
29242
6322
32527
2966
6003
12531
30967
11067
29901
19495
13182
32056
26897
26924
3921
31847
2237
30646
26983
26490
23988
32037
4011
24271
18205
12922
18066
28674
18941
21196
25839
26626
10298
15259
2290
7752
27019
27621
12489
20235
24930
29893
18446
8003
28443
2935
10225
5324
3738
19147
3271
299
12635
7728
15148
3236
2595
9264
439
31418
16579
13720
25585
21579
15103
5957
16665
21902
19686
25553
20612
13552
17742
18605
20624
13007
21022
22474
22488
15169
255
15810
13596
12021
5629
17163
15545
10576
5274
22174
13219
31291
21730
3812
5628
21474
11223
17343
30992
7430
9671
7148
26235
1899
16862
3031
26845
18964
1455
30668
24029
2632
135
7431
30359
10502
21386
13150
8791
3757
22790
4506
3780
32450
658
5746
15102
16610
17802
5412
25700
6513
20573
15531
13347
14108
5545
26391
23609
1049
3956
2985
28633
4413
17513
21674
19396
22558
22110
15484
28901
14586
27644
29631
2313
3914
13985
20568
795
32736
22053
23028
10878
26832
9097
21665
10464
24263
11678
5647
12302
18266
18754
6413
15609
27231
12704
25044
26481
10584
25492
18029
14421
13457
21767
20987
9382
1437
22355
13454
16863
29608
29849
23499
23252
30685
20580
9484
28890
23547
16170
3265
19451
3526
6659
3993
17558
12496
24537
20173
12140
10234
14062
17713
14023
10661
918
4944
28537
9552
8881
32248
4757
5764
21379
3837
22976
24916
27004
10139
4270
2273
9778
23154
27651
3178
28543
13374
19705
29087
17791
12075
8515
14602
5922
31942
30365
5432
26475
19834
20639
27134
11024
27410
18857
22224
21137
12840
2691
25179
17928
11302
14254
6537
20114
24422
11678
20180
14322
732
4895
650
8953
19823
31958
5801
3791
9476
28081
22341
15458
10859
31967
10398
28634
3159
29915
24171
24133
20940
8204
23989
8968
8811
28528
6243
28108
6950
23738
30257
5026
20883
20484
15008
15864
11807
26757
14340
28287
68
26489
30029
29291
9874
19308
14640
15565
30470
9578
11218
531
19027
21707
9475
23034
25558
9863
8066
19234
24275
20053
1326
19811
11195
12791
23096
5189
4800
31226
10791
26411
20131
17318
24866
11508
10693
16648
19125
6707
9432
28222
6275
29908
14594
20588
8751
2187
19357
20661
30099
14300
14447
29796
15525
14285
24544
13648
20514
31202
15727
28859
21778
23119
32309
32225
31180
21817
9268
24618
18286
23766
31547
5242
15903
26133
11779
21986
13928
11758
16435
19173
28587
7765
3944
18980
19959
11735
6107
22551
7062
30227
21646
29955
12400
12113
22793
19788
29911
32001
10130
25388
3192
28939
11900
6186
11769
24832
17739
31593
8332
12078
1379
21705
10792
27262
5878
28186
16876
21492
928
12484
30891
25250
5234
16024
5905
18991
470
14841
30993
27979
14082
16704
22571
32360
25718
13548
6236
17110
519
15341
32147
31399
27677
5220
21183
8578
8279
10652
11384
9114
32760
5842
6781
32228
3395
18360
16130
7851
2116
25200
21402
19853
25534
3872
25171
21458
30175
11639
7553
30547
1976
12793
23556
13272
29112
31959
20601
22852
2428
4468
30817
25527
32625
6124
11453
18404
31254
29136
5237
30340
26543
9420
29324
26751
28413
14417
4782
22012
31339
26144
6133
31578
14277
30949
5890
13772
5992
17850
1539
5984
19111
24296
15086
3145
19879
8452
22582
22701
25165
12186
29455
8600
5748
26092
20040
6529
20776
5432
12104
32713
31870
22759
16580
12742
8909
21270
1385
26536
9486
21303
10057
26024
26309
27359
17711
30382
28012
14399
28002
13592
7187
29631
7789
21576
19626
9061
20056
2661
12765
20187
15074
28164
5769
19462
7504
28803
11495
15007
26776
24318
26841
23993
20922
7186
10519
4945
16546
2202
14804
24069
2109
23819
13845
28582
22890
21863
24182
14030
3185
30059
30781
9549
21344
8378
7914
19402
28104
24482
24144
12487
15824
30369
25724
23751
7805
6886
10492
4618
21296
18390
3096
27872
26618
707
9576
810
21982
29722
10113
18290
27472
12207
9685
26626
17000
18460
8483
31010
23057
7087
5681
4711
27020
24402
32506
19828
6627
19279
6599
12378
8163
20798
19860
19462
2245
17966
14986
15165
9300
8728
30291
23194
25890
21502
21330
969
6598
6164
4284
21027
30027
7863
25339
30398
5072
7449
18258
28774
28834
4854
17295
17487
32731
23797
2274
12702
7932
16384
25253
2420
16052
10218
10843
26197
11905
7717
15558
22067
1647
31556
16553
6061
3003
17217
9260
2916
30530
18043
660
14042
13619
5613
7387
4700
26803
17696
3140
22215
17146
4405
8015
25496
30921
32568
29417
16616
22237
25411
32479
934
10772
32503
1041
9280
7551
6693
2610
27056
19219
32277
11768
30490
11860
25994
2969
6613
3108
9078
5855
1206
10773
12675
7863
31959
28926
22422
10119
4990
30783
29915
3755
1842
6516
30309
6242
777
19840
11211
4995
9082
27712
2343
19877
9255
10335
259
2160
32588
3370
17103
31955
13708
14796
30163
13157
14870
7867
26864
4509
20910
9550
22722
29223
4663
10116
127
9462
21796
32479
710
25255
28924
26342
31160
13921
15175
21784
14899
12031
481
15848
13020
4553
20745
19922
15837
8719
27764
17342
4053
5220
19767
31374
8674
4453
23466
7094
6038
6799
3518
12256
23101
31966
6412
32425
17512
16844
16829
29973
1004
19728
10379
30469
31427
4297
16123
7923
826
26354
7454
10661
25767
30123
27482
10354
11351
19723
18186
26087
31501
5680
11205
15826
10057
1749
1568
22537
20901
15447
31064
24262
7550
25789
23108
15030
28942
30970
25455
20117
26368
26943
28208
24028
7578
31852
6772
7156
28836
2277
30847
28845
19687
12651
15218
2299
9642
24444
31386
31338
13217
20290
18183
27716
6692
13283
18816
14381
24954
3489
2909
16466
18800
31640
9562
14649
18165
6271
30497
3698
19144
26922
14043
3388
18092
146
260
4103
8850
14487
6088
9829
32194
27642
28621
14354
7024
28330
14684
5853
15768
18791
22445
6022
15292
9160
7844
24624
25371
2461
9630
31735
4425
24151
27349
20014
27891
6592
29829
8536
3253
10625
23283
10709
32437
21794
5442
25264
11798
12621
5574
18572
21939
3639
20283
9596
22593
30272
3732
354
10298
875
17977
3653
17131
8254
12858
21721
26816
18760
30320
19366
25106
28242
9209
4004
29321
20736
32153
26402
9803
27465
22560
3175
9597
19405
21825
25606
14252
13933
8979
14500
24019
28851
22202
28146
26486
20531
8004
31593
3714
29405
22212
127
25627
10898
15256
1128
28322
4348
16243
11803
16719
8989
13778
16751
18341
22116
24990
4728
23506
20697
21022
23976
26527
31527
1621
11342
27425
19571
11379
20356
23162
25260
11139
25016
15486
9023
18769
17267
10535
17198
31218
12492
24697
1425
9978
4674
12923
11496
14264
4025
13521
19170
11980
21614
27114
32231
6232
22425
11224
15007
27477
24292
7587
28218
27784
22438
9509
2472
29763
29131
26331
28911
386
7295
9704
3913
16186
16592
20237
25135
7049
25745
22196
28842
31347
30784
3713
10480
21919
14470
28076
1763
3022
4791
19243
11875
29777
1427
9078
32055
20726
1409
25157
30867
26404
22376
5385
11138
15218
19477
31434
2208
17843
15240
10032
1344
3715
13481
11529
4775
3559
5307
27467
19881
20197
15422
7187
3729
1665
27989
26766
24855
7280
17064
2290
27150
7057
26731
5485
13765
8331
13758
12468
494
24768
1772
24401
27757
25413
31640
11543
3663
20955
13227
26614
20119
27766
26295
14430
7327
7699
1967
14492
10485
16380
31694
28279
25099
15748
4527
7552
25786
3809
21987
11465
18428
19807
9998
10299
20215
1158
6556
16643
32353
16781
5017
5284
14557
26389
21951
1157
8958
19886
24741
5976
4665
9715
21185
6084
7302
28810
30786
6775
6053
10939
22785
6274
11083
26582
22331
29460
18493
10541
31374
25175
20079
28095
10229
22572
8856
19800
19844
24774
10159
2260
6291
30849
6951
5111
30647
26955
6747
3895
30700
28287
21337
6977
5696
15436
2125
15848
17434
4605
6530
28503
10210
19597
26431
22051
7190
21748
21583
9417
318
19408
11475
26873
11610
17995
14151
3995
3237
5979
11645
8785
19411
26883
19339
7073
21856
23025
23220
18320
6691
2322
19329
29097
4903
3075
13833
13303
24800
13027
20670
17442
31222
10570
13837
17151
4342
4828
2295
22527
21097
4316
4022
19097
4793
19371
21935
16296
29561
25617
245
3446
20458
15521
3276
10217
30696
3198
5529
821
12728
32553
26142
16625
1270
19585
27178
25030
27742
30084
28222
12929
15167
1047
10790
9913
626
23472
27594
12000
2231
89
23734
16061
23635
29885
20623
31158
20829
8482
19289
12245
3434
15065
23837
16048
7088
14108
10408
22615
23358
26395
395
12588
9884
23740
6201
15767
18067
1613
13070
5444
20996
21155
19587
20128
31514
11255
32555
18072
10041
1840
15824
22630
24336
16512
25027
29881
8338
8868
26125
14777
29947
18989
25909
1293
21988
13322
11188
24500
16670
547
17674
3697
21407
20586
26402
6074
18497
6819
5554
10698
387
30626
11482
3819
30183
6792
15650
28729
27242
5322
16937
3514
32552
5021
16860
6918
13352
32249
3527
28345
11644
16703
13578
29790
32465
19544
18640
21908
32279
15424
6949
15784
23505
17510
14189
20989
26779
27688
6515
28073
8416
27057
21190
32419
23749
25303
8328
6808
15876
23384
18104
22897
20995
31838
17400
3187
22020
14010
7394
10887
27746
16944
61
1764
29515
16709
18117
20839
6867
266
27622
8281
14724
12773
28970
10299
16567
13292
10972
28474
29171
27541
15346
11699
4671
31137
28133
15393
2443
27044
24582
12686
27634
23899
3305
24008
23155
3662
24287
7906
15799
14457
31620
18949
17427
5649
13447
4109
26203
8521
11633
21091
23679
27364
7406
5899
20110
25699
29342
6913
16772
27351
23232
1378
3117
24515
10440
26506
11674
30884
7287
11919
20098
24555
5200
6038
18202
28587
27879
22545
3985
14913
17025
20670
23732
9774
17660
32039
27791
12940
8982
15029
23007
27130
16087
29492
15538
28850
3401
19346
1050
25180
3151
21891
16523
7888
2167
7249
12106
23476
18267
13454
9640
26767
7677
31929
22671
4804
2592
21587
8459
12295
26845
5922
26606
6025
20096
23723
24650
16514
32683
25091
28147
7466
17586
16788
14490
9749
12409
1700
13701
3403
1851
24680
4447
30014
19639
19617
24877
13143
8321
32060
15713
26273
21310
21060
5099
25796
7155
19747
3280
2807
9643
2367
18928
14171
1920
31383
12010
29490
28869
31305
13835
20890
23930
14962
28607
31615
11197
3059
31520
7564
29000
17385
4312
20104
8702
25482
11111
26763
15912
22114
28343
9902
644
14934
24828
3354
3524
12369
2586
17522
5419
41
364
25829
23483
1066
17297
27010
15573
24658
24162
5284
3990
21492
7082
19575
11671
6992
12982
18603
9724
32374
4061
27392
3229
31435
25064
5967
17544
32175
7029
21045
9276
25550
30466
2378
10794
1683
13415
1275
20424
22360
2190
29930
31726
19794
15985
10435
516
24237
12509
12437
28452
15261
20320
3978
22507
29865
1079
11638
6441
7510
9517
4043
29128
23891
10765
1530
5035
19693
5574
11180
5740
29502
3378
31849
17995
9393
18183
31898
10451
6266
24310
30846
16168
4163
24627
17027
13650
3396
25715
17089
23539
7691
19481
16974
23274
13755
23386
28736
18832
23135
11987
14805
25804
29061
30957
10312
4389
31035
6624
6647
17875
19234
20350
19414
26573
32347
23295
12322
1256
16758
28688
29621
912
28483
30087
9239
3293
7185
18324
27671
8084
22609
6738
21118
13719
25833
23467
4900
9457
14048
12700
7268
21527
4174
30984
28230
29275
18655
11677
3399
12981
31527
17871
16612
27845
25590
26202
17217
6763
19615
30707
14973
10205
12083
9733
17355
27299
32144
25624
8668
20245
25494
11339
7650
9314
4717
15816
26252
19702
18623
6354
2635
11401
13257
20645
31515
29283
32438
10277
14204
16147
16824
6888
7718
4946
8315
14496
9405
20020
25585
16937
18594
29158
23555
6579
30364
18757
31531
22155
16420
21948
4130
30763
7725
22244
17384
28701
9536
17442
30865
30837
22484
8606
18639
17261
19709
31915
8527
7676
15517
30899
21570
16635
15452
1865
14649
12135
4652
15248
19178
21312
7528
10024
22854
20367
13053
10212
508
3904
32375
2828
18458
21886
21698
24773
27862
29865
31496
9402
20648
474
9079
9455
11685
8582
29253
494
16390
24541
29258
13978
28960
20613
8556
13587
18726
19126
373
28155
18657
13108
23995
4594
13003
3966
9502
11074
15249
11161
5709
8051
30599
2848
5617
3868
30888
30742
16520
23668
29858
26519
10434
23533
28636
28262
7535
8432
1342
251
8323
245
27238
25804
23648
6702
21129
7454
24514
28978
8855
26585
19856
13451
20133
22710
24694
24526
24529
28655
26983
18305
8064
20424
32622
3777
31760
22155
19204
14396
14411
9140
10461
8106
3661
468
7173
29357
8484
18368
29223
22502
15696
1676
30862
13588
10524
4072
14207
10086
19469
870
5430
19192
6795
25339
31871
15395
3361
503
367
4729
4976
5767
6206
1699
21330
4702
25919
17708
20491
3916
7114
32478
27939
15702
20702
24800
17980
1747
22915
29863
14114
24292
13927
17171
31861
3956
21977
2879
13768
23742
31881
20800
17146
30548
25143
4495
5225
12787
10335
7267
9916
6258
14120
31989
11330
3577
24668
10408
22823
16404
29541
25614
13625
10381
32335
31631
4293
13060
3062
24346
28955
18935
4397
19298
10094
25664
11216
30426
21064
18909
32155
19794
19825
31873
3696
11550
12125
9342
20982
17076
12702
16363
17083
28557
19589
2291
24468
21007
3281
8450
815
10742
2999
9243
5140
27057
19698
26154
17072
27424
32434
3555
24450
15017
22552
19530
22669
14637
29497
32469
12117
17798
26344
3984
6703
19184
26103
3442
11426
17396
7727
10649
30706
26919
15301
21165
122
6157
31715
9725
24777
1860
18354
21149
993
23221
8634
13969
18297
24114
7869
12206
11357
30698
16960
24520
17790
4766
2132
9017
2645
28117
21775
2186
28728
32303
4326
21258
15568
13166
26900
7760
23806
28022
8809
9584
11572
15907
19442
29867
23295
7265
2972
11991
16961
3629
19761
9353
11306
12992
16760
7774
28018
18657
14976
3919
14454
28187
7281
13563
15524
10304
23845
11361
29053
646
2828
10411
9513
25144
10848
13594
8246
27272
1474
17702
7429
24532
19517
401
32389
10328
17699
9690
7435
24597
15665
12829
6316
17023
9260
19534
11682
24317
30842
3231
15640
6620
9356
9015
8798
15806
27961
11459
822
29250
6945
18756
23143
14173
3727
24620
21871
12987
19947
7547
23650
5413
13459
8751
15817
21192
7799
32477
26112
9793
28977
18969
8162
15204
10992
9876
4936
20254
9476
7667
27335
22829
19441
24879
22175
26561
18717
11569
6174
18010
11792
12012
31770
13417
1264
13559
29305
26853
759
3837
6219
23373
21688
13665
16369
26038
32240
2234
20311
23750
31694
23133
3293
31257
15614
6169
32409
26790
13182
11956
1857
24333
1044
20431
8962
14823
24841
22034
3611
2367
23569
29637
8741
31348
23974
16859
32487
13718
24871
6646
885
315
11170
32203
20403
15844
2013
15811
11995
2813
13895
21268
23835
21113
25127
23440
27152
21484
21803
15924
23149
2653
30444
4664
4157
23834
9387
1014
4315
29814
19678
13016
16956
18546
7937
11161
7682
23154
15666
30300
29490
29749
1065
10384
15043
28595
8592
1817
5937
26615
23125
10279
19733
3761
5573
21568
30846
25953
18868
32256
16676
19850
21583
26685
13091
21426
6387
7930
8250
16359
30540
31734
18281
1790
25502
11280
7394
6083
16598
4675
2307
30013
20342
13821
23958
19987
16997
12025
28566
11065
21823
10503
27100
3914
23323
9168
10201
18313
30316
23798
13793
19962
10827
18118
12196
4503
15340
11008
24145
16660
4764
28218
16041
24052
3050
14892
6564
18990
31022
14635
7257
3609
22842
25102
12126
13143
20514
5628
1520
28665
25541
23195
23440
12180
8713
6286
6765
13142
31928
3077
26500
469
1660
29980
2213
1622
16902
23866
26583
8052
13638
9984
24916
2910
14992
26379
27094
21859
18232
16065
27150
26825
23922
4283
19262
27824
29787
28645
2556
2775
5166
6439
22503
5099
15976
13613
28775
21059
1888
28043
1830
28295
19820
19794
16967
4905
22009
26494
21251
18411
17816
10458
13961
6225
22220
22036
15746
23813
6311
29399
28349
2193
3459
30614
23129
8272
23187
9233
754
7630
31885
21128
1374
19910
23456
24774
31468
11205
23503
4752
637
32111
12395
32698
3277
2857
26238
24773
5747
9143
14551
13487
11090
17306
3878
18475
8049
8185
13669
6927
8103
30686
6660
31495
24013
25
747
30743
8356
18814
13583
26916
605
4580
22743
31112
21771
15699
3059
6842
16851
32247
3315
24179
11337
27242
31994
21549
24704
7782
2629
26518
27485
12744
11812
19493
4975
17577
1368
30794
16910
22037
19082
19966
1985
11781
31937
6570
15298
17857
20682
12759
24924
20271
9151
29994
20640
16351
11177
9759
32485
18395
5813
10764
28022
9496
32759
23000
25402
8026
31201
3138
28301
8330
14493
25105
21480
13810
30694
25973
23470
3909
25368
17972
23424
17304
20352
17083
6031
319
13593
30582
18340
9908
12992
30540
3994
1846
1568
6943
24808
20336
32144
4209
14990
32384
19810
28525
5624
32637
13219
9518
27625
14740
10539
23277
5557
13633
18322
21495
12970
1696
20403
25604
30266
30431
531
2576
16556
26029
4988
12512
8405
27644
16821
24550
12353
11547
25323
15632
5136
12533
21060
32431
4947
6275
26192
2808
31739
11985
4488
14804
3738
30465
32700
18526
18323
18884
12007
22068
946
24866
22913
10188
19747
26543
26136
2706
3750
12382
19136
9015
27120
4453
10813
28368
15214
32001
10304
12609
790
22766
10463
4726
18120
7032
19173
517
29021
25945
5616
23512
3178
27842
27341
3260
535
16914
8726
308
406
93
2827
27713
17551
31908
115
22178
30904
6017
14211
117
22603
30362
18869
26305
23133
17676
3287
29798
6892
28186
14835
7584
26912
6508
22316
3019
8364
5239
15459
29111
24849
29053
25300
707
209
25277
126
4942
5143
18165
25954
29006
26587
26558
24859
22919
26218
11253
17911
9395
25120
7766
1428
13338
29656
30148
1041
27875
10886
10780
17515
27080
29710
21785
29670
7785
21802
30321
22006
3117
32485
15506
17083
30722
9642
5372
31823
11664
4513
18940
7292
22687
1843
9092
12038
28948
3769
9424
2261
16702
7254
14757
5335
11240
13891
32250
26764
19241
21894
27060
3441
12741
4303
22705
25614
12251
24802
23220
30174
2937
26343
29034
6690
21270
8706
32762
1148
25824
19174
28496
26633
9228
30787
32595
13403
3881
11852
31058
9677
26488
24709
12553
1217
29173
31280
7078
11743
19045
8669
26611
25356
11968
24509
30630
23101
25090
19972
4468
24423
31754
26515
29147
22040
9129
18349
23416
282
7977
23077
18614
27495
14314
20503
32667
4812
14508
2327
26539
31979
26614
20576
16236
5475
31950
16514
32536
16858
14613
20601
31873
23445
23178
3704
28800
2046
32091
32646
24744
13762
13238
9912
11740
3454
21538
336
9076
16074
7494
3488
9197
25309
24908
26342
1042
32513
30547
15455
16275
17668
25126
21338
25840
32438
11783
13880
31021
17310
30960
10811
16653
27483
5463
24444
31093
28486
12712
22252
9904
21624
4535
7089
10934
6239
5909
28045
8586
15879
16689
8599
8201
14776
23173
11037
18017
27321
17689
12677
1654
21065
13783
42
21380
2024
4181
13093
23719
15082
12860
20761
9533
12039
30323
18795
15079
13112
16366
16110
16753
30160
25374
32080
28860
14940
5285
22647
5544
3104
6806
16422
3875
9619
6842
22642
30362
29091
16682
26957
4521
12854
13050
8724
21699
18560
26651
13822
31485
11436
18120
24952
14748
29172
11690
18637
20089
20886
29371
19714
13066
9623
16680
28174
16544
1798
27118
2583
11184
28711
6789
28807
16969
