25948
2621
25382
31054
15155
30531
13467
23205
28061
18335
26488
14708
12516
27631
45
26743
11111
31080
22137
31125
28468
11597
454
19479
5286
14875
10822
3479
6369
7072
738
7506
245
27854
6988
3420
10917
27338
30184
26821
11959
22255
31581
4026
18145
25347
7516
6485
17743
18614
10268
15646
19103
29091
26008
14692
31320
14850
24366
2520
18708
5287
11866
12500
29094
22513
5153
10376
18499
9128
15087
6872
22059
7808
12580
23436
3785
32492
14224
21562
13244
23029
29918
19253
28999
17759
21954
3874
14718
17530
20911
12068
18586
30130
11314
15063
20135
4317
17194
29551
13557
20534
13708
7759
27221
17141
6157
3527
1982
23503
22422
12604
25562
30422
29241
4022
28461
23008
8720
32262
10894
16763
17135
7975
14056
26999
10846
9992
21150
1730
26925
4393
24756
72
3546
26628
18547
10776
9979
21310
9377
27428
19352
7547
24180
7709
11963
22670
22167
17752
10171
18592
15850
24930
9958
5507
23155
25461
27731
32099
6632
17110
15910
18614
14323
19349
7965
5263
27807
12220
13687
16927
19863
2463
26659
31323
18829
20705
11486
15409
2315
18452
27695
21053
23899
11290
22739
26114
706
4960
30046
1325
30162
2431
32371
5148
6013
67
9636
17090
4849
32308
13728
16300
13815
20055
9793
25934
11798
24736
7795
1989
21362
30061
27141
5681
13126
17378
12139
20251
4358
32472
16502
3083
31601
23340
1377
26875
1634
32089
390
19020
5849
9413
20594
14079
23052
6918
1861
6987
27513
22774
5658
21037
2438
8313
2930
12446
28507
28959
7110
24834
22122
3239
31204
8419
14166
4592
20919
4582
9848
27337
30554
32727
22407
31814
11434
23191
6141
18746
16660
26382
17090
622
13720
4060
10302
28124
9000
2572
29735
8424
24574
396
27901
10522
25509
30207
5701
20078
20092
32258
23583
1547
3175
26101
8005
7895
11004
22995
6992
30751
28195
24652
17991
26300
13397
14095
8435
23923
30352
14129
12810
29234
28148
26890
14722
1521
470
31097
352
10401
5449
29472
32267
15592
31467
6759
29351
1108
613
494
7714
8946
13747
1903
12474
8439
27217
25956
28651
29618
14666
4007
6389
20053
15570
1485
22090
12113
9400
15924
29823
4398
14119
19985
14980
30433
31232
20549
19164
6525
5637
1848
23865
11097
24359
32097
26063
18823
11637
10675
2271
30167
16147
649
16402
4927
24575
30813
19417
16981
26279
18469
20530
28250
22199
31317
13034
14370
21278
28595
3268
32400
7815
26852
13423
23002
10536
27205
17552
9130
20455
28885
28258
24404
27893
23322
23596
20941
4480
774
1081
16646
28644
11014
30669
9807
22794
16789
18432
3561
3822
10771
11158
11528
20605
21758
11853
23112
23455
15675
3475
11566
11244
5957
17226
32498
29696
27579
4713
3299
3129
6974
10099
31427
12866
7808
24364
32663
10455
15104
18092
32121
12260
10668
7748
12514
11879
1363
2186
27818
1723
22230
27974
1434
16356
586
233
18081
24107
29504
23937
27917
14846
15067
16063
10737
25519
2759
11884
16485
17169
10945
14682
21246
22876
5177
12532
19841
8143
15046
7168
1
13164
6034
28052
1243
7290
28023
32571
10535
26312
487
28295
30450
9277
9285
18358
7747
15524
1277
24320
15529
867
23298
1932
26627
28651
28287
10988
32578
8572
16107
13449
5333
24267
3793
26465
19704
12399
32038
19890
23653
29651
26873
6480
19065
26878
18153
12965
12622
5775
16922
30040
6123
16669
28729
24633
4012
2177
17312
27770
18969
17375
25076
18666
20470
304
21308
30510
13818
5780
11801
16286
2425
27154
32267
30936
18517
23149
20662
2302
29892
23145
190
2524
23817
29732
149
11815
7941
21661
6861
337
1595
22246
14147
13355
29176
12204
22190
6781
32400
18137
8764
16395
26110
13892
21976
22767
6768
27734
31993
13558
17927
956
21383
7874
12054
17792
32611
4878
6271
5822
12775
9867
4898
6182
27354
16209
22874
301
813
11782
5683
6512
3766
32589
1307
23178
7446
14929
4693
597
16610
7899
15424
5060
29883
17877
28406
30820
3116
22166
8802
23191
32739
6233
30231
22518
10298
9989
13027
12832
3026
25648
4493
12685
9684
28531
25329
21541
23581
3975
29118
29590
14911
23394
24235
31435
15054
9175
14524
1716
24159
28989
28085
4120
2476
11873
3978
19730
11853
24627
12515
11914
2713
19257
20793
4729
8474
10075
24997
10963
19324
17986
6698
27937
11720
12572
14770
14445
1683
13034
16088
9231
18299
2596
10600
15074
9804
362
16368
31468
7456
86
16697
12067
26549
5007
7443
22931
32393
25543
31178
9568
2768
14961
30580
13607
16574
6815
8567
9173
16693
16493
7882
19238
4634
6025
3459
5224
4063
15229
31362
2720
9761
18446
19815
22312
7148
29382
23061
12557
32190
24668
11993
14548
20703
27801
20801
23104
20981
12456
18866
18862
6310
25773
12395
10182
12303
14084
11853
29507
10420
31239
16859
20659
10030
27238
9716
31477
7063
19367
19832
13348
28210
24512
5247
12177
20789
9473
14389
23778
21111
21957
31231
8983
2580
21866
4688
15364
26435
25260
25901
31721
1090
27160
23498
226
24952
346
31116
22042
19039
4669
15450
8674
1560
18590
11915
21113
15906
4910
10364
28079
22883
32191
6796
26068
16315
11143
2391
10500
22255
6123
5570
10071
8547
15249
28184
22843
13394
1826
20320
14866
20062
11295
3541
19888
23782
23585
4522
21035
30459
8581
25450
19555
22994
15968
21305
11416
22418
32587
30676
10328
1493
5956
28839
23218
15874
17003
23931
21479
25295
13892
5820
15840
22865
16068
5185
31741
25947
23472
31862
14026
29446
19577
6901
1341
4762
17092
30493
3955
26659
9745
4063
21990
4370
4606
24433
30646
12580
7248
5359
21306
14331
31413
10062
4828
2390
28562
3887
24080
21280
27326
5367
4800
3425
11780
9446
9906
5818
2429
19935
17204
16084
23797
23964
960
26122
27909
9276
30791
15999
7343
30892
6204
4954
17785
18640
30325
29831
22421
19149
29210
24440
18255
1845
1333
15286
11324
10195
8247
30765
17517
21769
26211
21482
8630
5328
24028
26295
6890
31077
13227
13014
17630
22803
31531
25677
26873
5960
1582
53
12782
1163
30585
30521
26891
8109
32536
31627
5844
28245
29470
19217
20427
1411
19370
2866
22204
9487
21367
31990
6323
28532
27818
24750
2021
1656
19418
12563
22171
24613
22228
14287
7092
29565
726
4746
14768
26214
11221
12706
31035
21866
21988
26105
27591
32438
6633
28603
31943
29432
9066
16437
8925
21400
14534
26764
21829
31625
11218
17273
6381
3434
29661
10957
20692
9183
12544
28804
2401
6793
4445
29441
26405
16152
20591
28505
29025
3395
15305
26881
2475
21630
3185
31566
13221
29746
10530
1783
29677
2311
14309
8766
26137
1513
30374
65
30356
4144
22391
22839
14141
6652
19053
18830
18764
17146
24669
11029
15554
15735
15581
8681
3096
5518
3479
5771
14602
27942
13895
18955
7206
28814
9270
4573
23046
3055
5783
31258
6179
4177
29287
32076
19602
26525
18161
18330
7681
6436
21938
32059
21638
25068
1381
15898
14795
3139
15978
5730
24969
7929
1199
19969
5275
28391
4480
31466
29528
27357
22114
4226
12427
800
4499
27989
179
12376
31453
30525
22834
2105
15438
27050
13261
15821
4455
22894
25539
27538
16621
20308
20881
21423
25232
9372
26546
17638
25806
22974
21786
30204
8375
15140
30833
10058
6525
26446
20240
28814
17786
17259
10787
12130
1843
13493
1017
5846
10424
17104
15661
15781
31385
14161
30424
3770
5490
8483
29390
5352
27280
25240
6031
6991
25841
21164
791
17046
7036
8149
14147
7996
9984
21676
17121
17280
3150
10338
3518
23428
4526
29359
6803
5643
13804
25186
12172
14618
26026
2401
19439
13904
14659
4955
8154
20970
858
9572
3112
1935
4062
29009
14797
9725
29659
13294
2942
29451
21609
17958
1105
12570
26617
215
1282
6244
13784
12677
4096
25379
11889
23739
12618
14621
22545
23573
30082
25712
27235
25596
22357
21861
4685
7430
4700
22355
3045
19082
8356
17800
15064
11312
17830
17311
6814
7729
10863
2678
24531
9810
31970
7819
8947
18623
22773
31201
23863
31582
23326
7082
22791
22846
25035
1709
8633
31965
26901
8289
27524
19656
1056
12017
2840
12102
6396
21584
17135
20447
3487
20172
23063
107
27071
13285
9146
17510
3602
20528
2560
14667
5825
4258
15691
16974
19180
23249
28435
24039
2027
31987
5616
19298
17760
22491
14918
13371
16768
7824
12070
23799
21044
22891
27913
7551
25241
32728
31670
22808
21337
30480
17226
12041
9399
2097
29645
17324
8845
26604
20473
5381
11185
8053
322
6792
14847
6536
6091
23834
7379
16739
24612
7743
24214
618
15281
17500
8414
17068
1097
18989
11883
25603
10379
18179
25324
13115
330
3239
12915
13729
11907
24559
32393
950
3816
4396
7088
7648
24558
30673
17175
20043
11614
27627
31945
27125
20011
28802
24374
20830
603
12578
307
25458
100
15611
10031
3668
15683
16362
15445
9710
5840
4182
20090
29453
7556
2933
20418
13371
10213
23484
23092
14023
26852
27017
19001
10103
23181
17204
10905
5677
25071
13164
19916
10674
18096
25657
23447
32332
8190
15459
21693
16530
16232
19375
901
15226
26847
23985
9741
116
31535
31579
648
19909
26929
27177
18880
3300
25601
16848
26312
4429
20736
3991
21011
11836
12670
4402
4454
5826
24714
21542
30663
3531
18456
13887
22378
16385
32694
12912
17424
19631
19268
16308
23984
24809
23271
30516
15852
15328
12852
6434
9818
4857
1579
14788
19713
22407
5884
15233
26572
1378
16837
579
20258
16012
28334
18086
27130
18010
15967
17857
10621
30866
17040
13692
23537
15023
30710
24761
3328
12120
12842
7255
11865
31727
8048
30655
15070
12057
9037
7832
18046
26696
23643
11439
28609
8120
12083
28478
26785
2956
1272
26136
10286
18017
7449
12895
7663
18561
32238
11123
18371
28019
16635
29543
22560
25830
2445
28117
7718
15716
17920
24401
1152
3419
2320
16637
17118
13709
19496
26045
6101
277
3432
684
10214
32547
15428
9012
30959
5660
30652
15485
6632
26209
23319
10079
9218
28280
24776
10456
21557
31713
5231
723
25898
10158
6099
8175
3917
26735
14827
30236
3957
23340
14978
22330
12431
4906
14524
26929
749
21788
7034
25519
32537
19714
31313
14947
18451
13691
20616
4880
4672
17207
15471
10899
7473
8801
20768
11073
30242
21077
14571
9473
9424
13393
5923
28527
24814
11453
16320
28345
20108
11875
29634
23078
9178
10894
26592
15420
16456
18455
25505
17894
4404
3044
9606
26477
5689
23769
2681
11
7067
25670
15545
7511
21984
11781
13840
7053
13533
32701
3249
31676
21719
3152
4371
23730
17719
24883
24982
18727
28355
20922
24293
11441
7864
30153
21593
14906
29535
14282
21272
1320
26659
15338
24525
30795
18022
16724
13190
177
22946
12853
27005
27406
7000
12678
435
6084
7110
23390
21526
24594
19828
11136
3632
8146
30779
4258
11091
6896
10336
15437
8240
21834
12868
2019
3433
15493
25696
12296
27931
2944
1274
32324
10544
24364
15678
7204
16969
24413
4484
14545
27878
26547
4799
12960
8818
14824
20677
1835
24992
12109
15984
26942
22829
22715
12021
31659
20642
25999
13151
24535
18920
11954
934
1564
20023
20666
7655
27546
29157
32371
13767
3242
5084
7522
8704
18746
1963
28301
6777
28889
28148
12315
32749
4613
5998
23314
12202
21389
23573
10759
8278
25422
8884
16554
26046
10193
20200
18181
22059
6425
31369
19573
24827
6056
18211
9442
8349
9547
31196
6831
23069
21023
28284
13683
5649
25859
4632
7949
11357
9596
31784
2754
1941
25274
7821
10940
19517
2949
13288
12970
4708
10768
28156
6708
9865
85
29674
15239
23314
14938
25933
31530
3237
4401
2801
12580
51
8648
8487
2326
13952
30851
589
28085
3943
12400
5616
31896
17176
18473
4542
13188
29944
22629
24798
1579
19213
158
13330
32581
20879
16203
23511
24964
17282
18116
25149
16270
26038
10988
28228
22684
7106
30769
6280
3122
29803
32512
9817
14968
7636
19767
677
28608
31252
24877
14236
21007
3610
3818
16192
8140
5626
27983
31515
10607
12888
4323
27592
10844
15145
20
25991
14029
4763
26099
5624
19598
23422
15792
19554
27813
28763
32763
25705
23532
21769
2876
23763
28159
13373
12327
11593
7714
13661
29587
31750
16398
29570
22572
24454
18897
12614
26325
26030
14830
785
7343
27299
30839
12429
8352
20094
22313
2969
29473
12999
19071
504
10028
5154
17654
31365
26772
7944
26006
18386
17543
28433
25345
2894
5070
20492
28210
7888
10913
6086
807
29190
12669
4279
29253
10499
30235
14179
13365
16858
30320
11101
19149
19403
29608
23592
12830
29536
22374
23378
18634
799
18157
3344
68
32343
4694
30378
10315
4939
5667
32603
10247
17451
25104
20854
2955
15757
21979
28671
23581
11000
13846
15901
26262
23817
15293
11296
13592
30445
2290
9160
17120
7304
24895
12583
30383
3388
21634
20065
25372
7493
29312
1814
15393
21453
18379
12691
25950
9826
1630
25291
28503
20907
27471
18484
32052
8951
23019
5748
8372
21664
4150
15608
20140
28229
7498
32216
15010
12814
4217
19595
8515
25756
24204
24208
22806
7763
27847
12252
18696
6644
5947
32592
15498
19341
9312
3175
25225
26611
25817
15744
2345
16980
29209
8435
25922
27786
14778
13520
32045
17943
24039
32273
3514
20733
7435
5785
30111
12058
4296
13657
15666
24930
32045
27551
22881
23663
27680
11558
10489
18591
32172
22648
15997
4953
29299
6302
6306
8222
4990
8882
5688
15367
1724
3753
21705
28090
29154
31500
28853
14100
16865
18138
17071
9517
14802
2561
17801
15119
25832
9389
11371
7086
5899
2772
15533
2441
20369
11815
1887
7042
1767
6143
18653
7044
28672
476
32577
11444
28115
1975
1818
15763
3801
32073
14032
8366
22200
20880
20673
6508
28462
2776
4491
20080
25116
21047
8431
12584
29671
21434
5976
14172
13350
22973
19551
139
18809
7601
6510
2062
18475
7359
567
17007
1797
23894
17755
28815
19918
6460
23274
20442
26697
30424
19115
13670
8225
8065
10066
28142
6913
9450
764
24723
2045
11703
31752
13949
18861
29846
15138
5064
263
26809
30491
12077
28666
14953
20458
15688
7568
9957
32657
26968
14773
3275
6609
14348
3753
26673
20053
16889
30654
12360
13425
31068
10664
28381
10691
26007
4248
18522
16411
32255
11541
5619
7758
1916
4979
29974
23031
4859
3833
12591
8267
4145
5290
7472
18263
922
29201
26926
11783
17731
18876
3115
5749
31622
12074
14014
19253
22797
32111
23904
31784
3138
23624
10063
4012
30453
13749
27817
24948
12184
24870
7080
31998
21406
10921
31003
5422
27135
3569
7458
26839
13932
23616
27629
17292
32762
18945
31993
30762
4667
32543
11430
29694
20679
23158
27657
10922
7293
13364
31658
10242
29200
3442
25996
19178
12352
32055
31314
17676
9092
14163
5142
16271
5531
31003
29510
28281
31684
18867
11795
2512
5952
6384
16129
5616
4065
11230
11649
31571
23268
10264
23394
31568
9507
11833
20910
22098
16886
26547
8898
22543
23081
12760
19402
26376
17320
1320
24882
12097
21814
10691
20466
9312
1854
22473
18294
5484
24783
31659
17393
28688
9620
1335
17990
24299
28259
8291
3102
2513
8507
23796
9000
18865
23742
2967
19634
28395
4009
13282
21401
24436
19165
7801
26865
19754
13403
3013
12896
13832
25706
23590
3359
30302
1772
15793
1068
9034
26716
9815
13072
305
6051
19855
8491
13847
19797
9447
8518
25304
15992
11185
31294
574
27523
27026
5160
9340
10289
20127
2918
2396
17971
9035
31827
1322
27726
28908
7391
25588
45
25412
32436
24082
27761
30490
25486
8797
31172
3287
27018
14043
16121
2929
25023
24158
16922
1942
10161
17458
19461
5886
11257
17430
28217
4397
26464
8750
11155
2833
18938
23118
7256
25650
18062
24234
13834
29210
19628
28771
17818
3076
11674
20010
10846
16020
14719
1997
6628
21703
16412
24601
11331
20645
5839
20095
16589
14964
2467
31440
26924
12725
24908
22814
26192
8161
9310
18937
18699
1658
11607
11298
16848
6798
7613
26375
31216
29808
13518
16494
7142
32604
27843
10116
10917
10575
14806
19293
18917
8183
4274
4814
27400
18204
17618
3817
26936
29442
28950
22805
10663
5678
14172
1997
8307
12551
8314
9442
15854
20388
26019
31872
17142
22819
26161
20345
9126
14185
17210
1974
2846
13778
28179
11435
26776
25581
775
19912
4375
13316
12426
17027
11998
17396
2674
9094
10829
20680
8559
1193
9386
4803
20652
8731
13419
20322
9342
382
23092
18471
18177
28383
6211
13994
19708
30801
11019
5236
27265
4317
19929
24809
19349
1870
3219
31282
25254
23047
6484
7505
26383
9042
18060
22547
8247
21172
4065
14012
26783
18330
25408
23950
32535
6925
30171
22023
14074
25503
26696
16167
9111
11756
9945
12343
661
22435
13015
21729
16088
4076
19348
8094
9460
26309
11073
14121
2561
15761
27925
5673
16094
31859
14089
6687
25697
5723
18139
5550
31793
9086
17642
25247
30386
13054
22038
885
25638
14037
28634
30409
4681
30985
32208
7877
1692
4497
7036
5727
31688
7893
11911
29942
18258
3885
2254
14720
1470
28512
5024
11093
28704
20213
8196
22143
13100
26137
19139
18424
13172
19501
23045
23859
25202
4838
13866
12277
13837
3061
7647
22785
21278
26500
28485
24161
28467
15760
24411
14186
21364
10170
2810
32408
25191
24058
17052
16336
17736
28507
26608
3078
18884
17725
30890
3119
1068
26235
8942
25957
16313
18877
3373
21294
28895
11714
29753
30152
18225
12056
24755
19638
15446
11674
6770
19279
321
17346
7394
9418
27903
25342
4060
7334
20729
23371
26506
4227
26003
15233
28543
2306
18464
19741
7312
24286
8929
18653
334
9652
22820
11306
3333
2597
31117
30346
12183
9096
13746
2922
15402
9839
4766
17957
7785
24324
11329
21185
25147
26608
32122
9217
1895
21470
13159
17436
29267
11626
22443
31184
228
13466
15673
11760
326
17152
19340
21605
1926
12558
2359
10952
25364
6679
5660
19504
23990
16465
24408
13269
25609
6392
19580
24371
10166
8169
10346
27425
4996
6533
9272
11947
18687
20603
21232
18579
7561
31733
2336
3807
32354
3256
7342
19219
32728
19204
774
26061
952
5199
22063
17309
5253
7336
3042
12958
7308
8299
11335
15730
27207
14344
13315
13035
26354
26544
19174
3030
17410
31316
19663
21992
2383
955
30552
27685
26699
2259
16266
44
16498
847
9346
211
21314
22439
21186
19350
11839
19513
22015
26913
16164
5210
29893
14155
19370
4091
19201
19835
2115
15736
2186
5755
17608
28048
4309
32172
4339
18593
17650
8610
23915
14631
32354
19003
32714
30005
12336
13529
24115
25658
22963
16078
16178
11115
19948
15957
27406
22332
29472
13818
24798
12048
28239
9118
20505
17092
3233
24910
10809
30235
20659
15577
19039
4464
22623
23951
7624
19861
65
24282
9810
20227
20583
22331
9024
23179
15314
17834
3180
32240
21028
17642
17213
4560
15197
14495
30708
4458
19185
29526
10077
19186
6488
4230
6976
6481
26016
16511
20997
3585
4883
31914
2408
22860
10498
13879
22441
30758
6281
20957
754
12877
17670
6388
2249
6421
9256
14193
20954
15032
9094
7973
17508
6125
30874
9434
19912
4678
10709
4359
5445
25915
5194
29400
9631
19965
21887
12476
2605
1550
12516
22264
4232
8199
15554
28575
945
22667
565
10014
24335
1226
14521
1931
7151
5077
28198
22391
3568
23729
18987
18038
13272
610
6071
7161
14888
31605
2706
106
29713
7721
14690
6207
26320
14160
11564
29391
23356
11297
19099
26391
30267
11375
16979
26154
6057
16016
1318
30348
4811
18791
18057
719
9695
4381
13904
3926
8563
3487
31621
19943
13326
27381
2442
18798
25721
17605
13921
1645
21373
3393
16307
29481
25796
9006
16303
20701
3083
545
25799
10688
26536
16637
23884
2007
15681
18944
32452
11940
1887
5643
1894
12869
10487
29971
30632
7570
30561
10997
20482
6924
17743
22702
15464
2581
12763
7230
31828
18173
12257
6769
29013
17143
24241
12587
8490
24253
13186
5424
9218
20187
22313
31760
13439
27506
21084
3003
13957
29968
12040
7651
20632
29483
31096
487
4993
10223
29671
2500
10743
11795
7885
30407
28087
16479
9318
4202
22384
27270
18525
17667
20204
30600
333
10972
9304
17792
1064
2271
5208
18023
645
31013
8772
13261
2557
769
11936
21075
2308
3731
24810
4781
12349
14175
29116
30287
1388
3368
793
8489
32235
2056
22314
9035
20897
13145
5901
31125
24419
1342
6804
2435
20795
21165
308
29168
21568
1475
27871
27524
32503
5024
15897
1165
13785
27509
13751
5148
28063
26997
29038
15788
24246
3298
16821
10733
13392
25204
16145
19513
13437
8259
25215
2696
14103
21543
25796
879
31363
31317
4992
29899
10022
1007
6185
9494
11867
25169
19029
11954
27176
6717
7950
22279
26002
18060
25545
29208
10032
6842
21454
4308
18139
32174
18292
9832
25664
28458
9593
25582
1793
19850
724
1037
2054
11592
10219
18043
26445
10844
26531
24448
1813
16152
9144
31138
30038
5590
11183
24636
27122
32320
22830
19920
13795
1974
6104
29597
27333
23488
32051
29022
26845
31245
25292
14393
5692
15410
17920
26580
26277
12699
27879
5314
16372
4890
26812
30834
8514
23518
17040
24223
24237
10514
13865
31717
21788
21666
28170
30215
19677
1668
4707
11855
26682
23392
26758
12491
4073
22323
19990
21199
2366
10789
10353
19356
26456
10191
6562
19163
27746
24967
31415
7469
17988
8735
10050
425
11278
13628
26085
29360
2735
11337
14446
12797
27832
16421
15301
17050
19144
22993
13915
8876
11455
7847
26947
25763
12540
22717
1538
761
8867
12374
28864
12446
31903
30413
14940
18052
10063
10476
5034
32184
24697
18394
13103
20904
12232
1208
17545
1841
10612
3715
5219
10043
27758
13894
11666
4217
22436
18614
7912
14073
10519
1746
22232
27524
586
3182
696
14191
20416
26634
28811
368
3602
24520
30108
49
16470
21829
2203
4836
15241
9798
75
9232
6994
27913
9868
13632
1918
27463
8824
6119
9357
18962
1831
30232
4395
29830
27274
25201
19290
25891
1240
6112
778
21926
24263
17062
16149
8397
9489
28618
28077
10002
14192
2326
32756
14608
31112
7684
14398
22203
14528
12042
2203
679
12794
22198
3830
13939
18808
11939
11411
17110
15567
20940
6316
26122
30056
24720
13029
29303
21672
25418
13641
4535
30577
7418
12727
27179
13722
15675
3491
21832
20443
16041
21526
20010
31274
26207
20700
23442
29725
30377
15237
10542
30813
3974
20966
15770
7154
1246
28533
2242
32437
22520
30217
17846
6591
21617
2964
5211
109
32056
11005
16753
8510
27172
28532
18338
17355
6779
28702
3574
32215
16740
12327
24471
18276
13086
17152
29727
3519
31667
21876
4163
25066
8151
20061
20302
6917
19593
20072
7240
6544
27397
9587
26910
23121
32133
3323
28974
13327
1946
8863
29314
7934
21812
13266
1988
12412
31214
18649
761
21451
11378
28165
15118
20235
9879
20972
5072
25597
4854
9184
15038
25332
12467
7094
28438
8726
28535
13421
27986
24873
15382
11936
10852
609
19807
10427
695
27698
19694
2243
4237
28705
267
464
15827
12711
15195
6391
8894
31122
22502
7302
638
4539
5908
7251
27684
32220
12524
28707
1122
6682
17750
24734
25755
16447
4256
18230
16344
20856
6017
7306
16066
3322
31071
26849
18102
5233
6930
2518
22114
22699
7315
23822
27863
26960
28298
27396
2033
1043
27688
28364
16173
27950
9510
29865
23328
9535
21725
18842
7219
1452
2669
14107
343
15153
5807
25998
28272
9684
10768
9364
18661
9141
29323
20285
17623
17324
6395
8116
15685
25551
12910
22750
26618
28114
2006
23880
7897
28715
3331
21955
23929
29252
20198
6177
25273
25618
2643
14719
15548
11968
28986
13340
2417
21217
31934
15403
6522
24816
6535
29995
3018
106
32014
14591
23805
64
20240
16445
25527
23540
28938
19083
28879
9769
5192
2461
29823
18932
20922
19261
3826
13397
12091
8366
22650
21768
24093
5219
24788
32660
3724
22195
7451
1200
32697
19462
8448
13689
30531
28226
1644
3509
5973
29798
8692
1977
17108
23227
4975
5697
29761
2922
18877
31160
25610
17586
16387
9815
18699
13
29885
11747
7748
29701
13383
31477
5638
12115
27542
294
6024
5147
29552
16685
4823
29717
17107
4462
14953
2775
3745
5585
20768
6721
3358
9490
19947
29454
5876
20547
137
21977
13669
16422
28010
21862
12643
32201
27668
13340
32
10233
30602
19241
24456
13925
23566
912
20753
19404
1696
31805
29987
31386
15841
23649
17931
28680
10629
32098
32332
26939
24196
18431
4718
25388
13901
4619
1470
12981
21947
10636
20161
14662
8429
8169
17579
14147
27793
12688
4027
4669
15512
32766
2347
31152
24746
28235
17230
14609
1406
17153
30
30228
29292
22718
684
4378
2393
13736
32491
31663
9536
26483
25537
15175
26727
24689
14411
29995
15847
10277
15881
7077
13380
25968
30584
13467
1843
15600
22285
17015
9294
2134
19937
20833
16745
7643
6559
11585
31352
10957
21707
30191
30060
30579
30195
14609
31874
3296
18576
25891
27530
1672
31140
27077
1384
1519
31535
16054
14182
3092
24845
4391
30770
11767
32626
26755
25418
10555
10691
7128
8080
8551
17356
15031
20185
26677
2426
28727
30928
27774
7501
27237
27246
16257
14985
31466
10119
22078
10637
23828
4707
30250
4820
30754
2948
15037
22066
9890
1566
23005
5094
13629
25665
16951
20174
24798
7630
15677
8297
18409
18087
15126
14228
26766
29054
30031
10972
26081
30031
14892
6009
11064
9647
2649
28710
16566
6602
10701
14707
21557
27107
1503
32025
25887
23520
20851
27441
17357
29946
17370
10076
7137
13184
28773
4665
4569
11492
24526
8265
10872
13790
20640
15907
29115
25701
11738
28390
2686
25269
13171
4457
14948
27035
1419
16955
30739
10458
27055
7401
2694
20903
2908
11173
30373
30155
13514
13979
8984
8840
16845
8274
19213
22067
5669
17416
25432
17399
17695
13350
25251
6053
14304
17019
15442
24170
4847
10053
15186
9145
12987
29613
18275
3299
23866
12120
29079
20771
15597
15928
25873
29753
5051
11036
19342
30305
21208
14453
23998
11244
11267
22631
19917
22842
19291
26182
28028
15632
17059
16043
2179
13331
6838
17843
7901
22468
23135
25663
19464
30260
30105
4869
18027
26727
4186
17893
8092
2982
2902
30389
25547
853
2686
9853
14798
13972
17384
26955
30591
17117
17866
15647
32672
3136
28318
11875
30059
22943
11560
19861
26308
18260
28550
4700
7777
27416
9451
5058
19260
22735
32721
1809
32085
22302
22042
7398
32338
6051
11818
9639
9472
16411
29639
30541
7633
15078
6890
27637
11946
209
1221
7807
24674
19733
25571
14398
6883
19627
23286
16013
3690
30927
8626
17843
17348
678
12260
9874
23135
7580
7972
9940
19944
26021
3241
28196
21679
8873
8676
19059
32524
27019
27755
28078
29346
25261
11213
4268
31246
24795
13211
3286
9675
23183
577
18050
14799
23571
13295
30751
31766
19840
15614
2863
9143
24085
28429
3828
2284
13889
11836
18492
20798
19577
25979
8854
17305
5451
19861
11477
14476
1845
32021
24338
601
26604
5254
7492
8629
18369
8711
26232
5808
6390
18731
25636
15259
26750
412
23734
6280
31012
2202
24503
23036
26017
14804
25304
1837
2337
30708
4873
24602
25802
28907
25376
26500
8824
17252
19770
17846
266
29456
17680
9189
13235
22497
5449
24477
8210
17915
9889
29318
12424
18421
19900
13302
23755
18666
4106
671
11300
22226
15817
6079
3470
5692
15394
9890
14743
49
5185
5143
16928
24054
8660
10966
23140
1099
16400
27426
13528
16919
27541
26976
4488
4690
20900
11747
29073
26481
1288
11490
32257
1391
5757
26886
2424
30339
404
31520
31898
24586
11218
4787
30115
32756
28222
10712
31539
17614
7889
5573
29794
19273
29884
20426
4301
525
628
28121
30265
17051
9387
28303
12366
1030
8074
4624
30496
26198
4987
9652
20238
1548
27557
24521
29400
8514
5328
20138
4314
21367
25188
11602
5145
7115
11454
1299
14409
799
24948
19844
15325
22648
30633
24162
10091
3292
23785
18264
14140
32465
13588
25853
26428
22096
17166
31428
26476
30417
253
12983
22474
19364
22664
28
13350
29082
24296
16184
11662
8569
15612
10138
25312
27468
20761
5193
16085
22681
13864
23511
5276
19711
16629
9013
20512
5478
29489
32122
11945
23827
15961
22217
9127
29012
11146
4533
4394
13657
26160
5675
16664
30996
7458
15675
18544
23973
13773
31541
14014
26655
5829
5654
20292
4415
15088
15621
24706
17663
16210
13663
9977
7355
440
19477
27139
13898
21080
30382
10559
6013
13949
9971
15136
28949
24372
6739
24292
31838
2894
27930
2407
9650
6081
28451
10200
28226
3888
30889
16183
7846
31986
4142
3444
30847
279
4577
28522
27838
5292
3414
13829
20588
22243
7875
21279
5686
4472
17262
2691
13705
32136
32145
23948
26909
3441
1018
22885
25252
21958
3794
8790
9449
20384
21231
30218
30185
30276
2578
15717
17563
29847
20358
4148
13219
20660
22219
2677
21389
20712
639
26680
29704
2036
21257
29209
15414
13611
28104
17241
29224
5483
17350
32097
27868
31024
14300
31902
7618
3495
11067
9602
1112
5870
26476
15054
10836
32001
5881
28638
27512
19647
11268
19788
8632
13084
30557
10659
13780
29887
14480
32494
16290
11904
25860
26117
7635
12522
7980
769
17731
1244
19956
20859
10903
6220
4152
588
8642
6462
13773
31656
27039
22201
31293
4111
14769
20476
12302
22425
27900
27859
17244
23344
27306
28387
14725
671
21461
29928
31618
20297
19791
32043
6507
18010
3158
5652
17408
7776
18690
12153
23820
1984
18454
22664
5252
2027
20429
14658
14492
32496
29779
13990
32660
30713
10315
14382
22761
26522
22350
22968
5266
1075
28882
8935
25277
26965
18820
32501
32740
12031
16473
18866
6609
4754
28654
23306
30756
16988
15113
10434
3973
21612
4176
24668
29570
12193
30902
6939
30667
15987
9182
29754
23716
14505
4753
10632
15672
19155
14300
624
31338
7411
29764
30330
26324
28281
25140
25824
4945
31439
16221
15364
5222
22669
652
31821
26708
10583
25297
728
10250
3705
26335
20632
2464
22789
24933
30773
30145
5641
26812
10508
14669
31060
14377
28766
10075
17760
16065
5018
21501
14111
146
10391
10159
17799
30564
17071
21351
18150
20751
27995
8028
2458
4343
5339
19803
7860
7836
21617
9963
17063
1032
2574
8825
446
5600
32306
7134
15950
27312
757
32696
27794
12806
4532
29726
10122
19332
13371
18413
30687
2399
21357
24410
7821
11564
29842
16207
1723
5457
17237
28620
25096
26270
162
4499
2210
30536
10168
28278
12543
1445
20452
11504
2644
32301
26950
29293
25573
6346
2676
3159
24502
27270
31247
24519
2457
406
11812
4622
31755
24184
5581
7333
3277
1276
10778
27371
13486
28025
31297
8196
31939
10400
12351
1831
29166
10165
31494
1986
17654
11262
24911
32672
19732
29923
9233
12550
3137
5717
29000
27891
13259
8869
27877
697
25209
28102
32106
14151
32749
12520
29559
14039
13151
31694
5073
16216
16940
10803
13311
2690
26931
8059
3099
10221
32713
30895
23887
3956
14462
21099
1237
29626
6411
30838
3776
7185
12778
12898
3924
24084
31622
1659
2296
514
19817
19461
29231
18862
19031
267
1786
10400
137
2270
13842
670
1709
23858
30826
27192
19850
1274
29123
2371
24468
16425
32026
5797
28416
17551
10181
21378
11091
24056
25928
1725
2431
32548
5563
12321
12577
9157
16914
163
17089
8033
11504
32659
30985
28192
32084
27503
11603
29247
9719
3853
20994
4357
17054
9220
18906
21873
4561
7971
5667
22191
585
20127
2002
1118
23301
26440
10513
1386
11273
12950
23398
30358
28403
11017
22247
2324
27244
9171
29583
2931
3909
25015
11508
32573
8715
16593
7099
20403
20864
26619
26614
5402
30439
6678
21051
16105
31105
25182
664
20855
15200
16891
9422
5910
22517
26001
27067
2708
5284
14548
4832
15317
26858
9626
23937
18809
9529
31083
7402
20880
16944
26427
16682
32372
17194
19620
14771
21617
23299
1602
11241
6860
27898
5345
3585
28363
8939
20610
15635
10243
17245
7988
9138
25073
29684
1748
19808
13602
12802
7874
20887
21084
461
19903
8240
24652
288
20325
18518
18368
190
8174
29444
13352
15907
19083
5238
27592
12828
1585
27842
5608
17348
1122
14653
19522
11728
30627
18502
21483
11766
21992
850
213
20733
27007
2790
11794
25774
3423
30277
3803
16133
23001
279
18240
6187
17999
8112
29508
14510
2474
30243
18567
30581
28735
26660
861
23212
23261
11438
8364
21625
22643
19733
3991
11861
16939
31669
29658
5586
5217
5393
2990
17187
16276
14024
4719
6302
18147
15088
31631
26120
29795
24427
17718
26079
12619
30646
7174
3646
6598
10189
9465
17801
15606
7054
14553
2852
25820
24551
2467
25869
5256
25885
2928
14417
1309
8346
14022
7144
32076
30716
25388
6894
5024
5463
7482
5070
13981
32615
26514
14150
16132
17268
32748
9317
12684
27582
1948
338
13320
4142
18314
13779
11373
9417
17118
14823
6469
7744
4156
18657
12350
11237
16700
4587
1005
29766
5171
4950
14129
13038
5216
24069
16657
24143
24998
15696
13045
23305
22218
17977
21926
17996
29010
8862
8295
31006
12266
14496
22089
6681
8459
32097
11034
5460
12935
14095
26868
13183
6136
2538
31606
16198
28081
6609
9337
19396
6664
27482
19931
21310
13231
16003
15510
23782
1440
16794
26974
1308
52
14676
23925
28547
15104
23647
13942
26935
10609
18609
13681
7798
1566
16957
14162
32073
8231
18354
21788
17710
17454
4343
32254
18408
30685
22416
4675
5493
27253
7971
30380
31828
12927
10697
23747
16372
4464
9372
800
21171
26932
27332
11355
13632
4759
15173
13490
11177
1779
10768
24671
15009
28955
16399
5038
19986
20673
22654
26883
25995
18158
8318
389
8077
11172
5661
32303
15941
5277
1554
2642
19449
27421
9356
24277
18382
8666
15492
30149
15583
2353
5800
23356
5942
9370
15711
15202
14979
9105
25145
12963
29213
29879
30956
23535
14637
7004
13819
6460
6821
4674
13844
20199
9274
7959
13085
25994
16317
6012
4699
13990
30747
15371
12918
19274
20310
11938
32274
27977
10583
17308
8047
10964
4845
27273
25985
18948
31046
17074
4346
15982
25062
3164
29883
17001
21429
20149
11648
7583
26845
4313
30171
7753
18903
10957
832
22526
20899
5889
15727
8730
17570
21604
4184
5340
21267
8879
26774
6949
21872
21784
32357
31088
30320
17635
29678
3828
19378
32490
27218
20715
21778
28715
28967
27133
5936
13396
23476
15046
25117
3593
31130
25510
5732
5319
22010
2484
30761
19598
7094
30069
15055
31543
29354
13233
3818
3035
15799
8784
30183
547
14864
9934
2600
11320
12505
15679
27461
3300
10959
13795
23360
2011
8954
13258
4616
1619
27687
637
6576
14483
21099
99
4124
4836
24115
12156
24046
14811
16266
8969
17785
31248
17723
20398
14218
31848
26126
19890
14051
25171
29495
29476
12888
22077
31354
3274
24949
31854
23634
2623
22667
27986
28558
6479
25770
10209
6867
6170
7920
12733
1528
23832
30722
15755
2879
26154
30992
6299
2304
2096
19618
25047
4137
30810
18477
15703
10801
17948
27532
17418
5883
12264
25519
13896
1177
11477
22726
26240
14865
187
11840
14407
22902
1245
5267
8609
11405
16444
16174
1518
20757
17466
24041
26894
22285
4262
27022
27514
9594
14211
9063
17328
23310
12561
22609
15054
8928
22756
27719
5475
5303
28867
21083
19154
16452
25328
22782
12128
7889
32218
7427
14208
17838
23070
19315
14125
11737
3885
11397
21710
31106
26882
6113
11644
3849
1697
9653
17709
25528
628
6688
15463
13032
8749
23881
20158
10543
158
32643
27460
15180
21762
28894
16500
28737
13640
5707
4000
16112
15238
4136
21100
3928
25040
13169
2369
20898
17834
5132
26271
16361
4797
4823
2668
6205
4886
26269
16823
139
2273
28965
11281
13075
8119
8690
11756
3643
6807
32235
32403
29894
23563
31437
11895
16634
21423
12315
29941
3567
25306
11309
24134
22477
6443
6703
21545
17591
16910
11526
23446
25957
31665
24563
26874
12767
17041
3941
1157
7240
23763
23101
8492
1501
20153
22217
11708
8170
10075
5711
13495
7567
7304
13238
32357
29715
3587
1067
25085
3295
24261
16611
31819
13538
11079
1080
10637
1071
14539
7398
24463
29373
29056
11504
6367
28946
24010
10013
6940
21704
13835
563
14962
1578
329
28908
19090
22137
11246
15599
25256
3266
1492
15936
14152
20221
7357
12223
812
14887
16685
997
6307
25993
22173
5825
22355
21029
5283
9694
24878
23587
1111
3584
17562
6114
25388
26020
1596
25033
32619
12594
13029
12420
1257
15940
16468
10060
24935
15739
20825
12817
25423
31772
18267
9959
22855
1038
14511
23448
21756
18541
14912
14553
2478
25334
18119
14131
655
17600
11054
20824
23941
12550
6459
27927
32043
11055
2132
18427
6383
22223
30456
26248
3875
9661
5451
25795
10805
17355
20212
14084
27302
19908
1183
20789
29656
14663
24887
27495
22258
8021
17686
8079
23318
20554
27734
23145
21126
19221
2944
12850
974
14218
19587
2095
19419
11133
27585
9425
21421
17806
26823
4969
23440
31349
15616
660
23588
7893
20028
24486
18050
1646
26349
22796
21205
30650
32070
16781
23393
13642
21174
24585
9558
1345
10874
14770
31097
20051
14236
23606
4350
12316
20314
12040
22996
28221
18196
5857
25465
14340
5325
19541
10832
12856
12208
3176
11916
21109
12333
29297
16680
17082
13119
21863
23317
15356
20210
11942
27558
28582
8724
8957
9852
2992
6604
25761
23680
18264
2851
2979
16281
27647
1482
21845
22344
21554
19986
16731
14134
4897
3110
21422
17625
31727
8487
19775
12625
8244
3915
13275
32254
29759
15529
22527
18300
31625
1595
15290
23137
26566
21843
31559
6161
32341
8843
12346
24476
7637
25755
18139
14632
10349
8934
19464
24723
10407
18478
12598
31234
5881
9074
25519
16635
16931
21345
15260
20398
29569
9515
12513
27173
11048
6189
25893
20939
21613
20196
31989
19393
26863
18892
9448
26787
1601
10954
5435
3553
6191
2131
17573
31236
9251
26099
7047
19207
7369
30195
5136
15929
30778
7527
32185
25832
11878
3807
14512
10416
18810
530
19476
23877
21764
11325
26546
28420
13263
14054
2975
9326
87
21439
18795
15636
10071
12146
18327
4803
18708
17806
26271
30514
24921
1010
85
29301
26582
10837
8338
31790
18303
21471
1334
2444
27248
31987
5650
21443
20915
7788
3890
2882
20975
11669
2574
11612
22901
11869
29872
20562
30713
21686
12722
30622
30475
11238
20031
17560
13547
14471
6240
31246
19652
17573
1624
28838
28142
11962
7473
17413
31223
22090
6841
1768
11012
5691
27328
22088
7195
732
10223
20902
8996
15516
13701
21703
27698
28776
2824
30890
18368
24762
4408
27820
6099
18879
7728
27058
26036
12786
32223
9088
4459
15862
5215
11714
29700
12827
12198
7118
13381
9750
941
21991
355
2094
27123
19996
21940
26388
14290
21909
984
8232
2368
8827
2263
30667
31474
24824
3285
10895
4075
27464
11207
22590
31129
32338
30272
11402
7793
32257
20364
26557
7086
32403
26034
18478
20852
29341
8457
9573
3471
22384
17086
22110
5077
30360
15838
23256
720
30329
5230
10786
32344
28710
22717
16207
13364
14355
24470
4078
802
10318
15308
17827
10038
30690
22117
26400
29972
431
19503
5176
25194
12527
14046
22377
7000
3081
1185
27541
20340
30828
29606
21467
28415
21034
12909
26543
3582
9976
2744
4290
7357
17667
19907
4583
30611
15959
32528
13061
970
11901
27764
15531
14776
27758
14048
16411
12808
3084
5546
27479
9893
16769
18523
17764
14334
14827
11447
22177
20203
15882
3203
28709
10779
4429
13276
10733
18032
14649
2393
15917
3728
17092
19701
25121
28438
11012
22438
11827
21072
30503
3660
27425
28425
10247
30677
20784
9229
8909
21721
7854
27368
9491
2858
7285
26724
6286
22560
10289
376
12157
19198
6171
771
1516
7086
7768
22598
17631
5109
11495
25191
12545
9386
29293
24058
21379
25013
12192
16788
7507
28106
13691
19489
12146
7802
4539
24990
5756
20178
645
14966
16662
19792
19150
16602
24456
22007
6406
10150
3385
11995
9005
8888
10285
3431
4302
14342
27245
8658
449
19971
4416
21532
30102
3649
29029
21437
7597
30943
10430
22543
7867
2907
27945
26471
30095
8233
8738
15128
2798
32193
11118
23184
10540
23659
28659
607
11459
13514
27629
25585
610
32335
14162
22336
14664
30383
9831
27899
22275
2865
10680
29952
25754
30041
21109
27960
18676
6844
16320
22044
3178
18371
24215
5129
9180
3079
31218
20972
8938
3521
17460
20538
2635
28590
22941
6964
3426
27762
4556
23376
21935
6453
6156
20471
29090
24848
30733
10704
17037
16624
28805
31817
32313
11126
3384
30226
14895
5018
25928
2289
32469
31102
18702
7356
17233
774
1275
19418
30469
18943
9070
1570
10951
1790
7301
360
16323
23772
20009
23358
21886
4655
32736
5605
4001
19104
13447
8923
11499
18214
29497
19205
19605
27578
2749
26427
19200
12935
11134
8923
32695
20578
13655
9778
22801
863
7740
13292
17016
14203
7172
2922
31159
9289
14598
10371
610
12864
2234
29742
8614
15362
2729
2475
7664
3142
13983
3240
8897
25166
22250
27886
3292
4541
9472
21554
31535
17744
26107
420
668
17569
13509
1629
2798
31133
2699
25533
20118
6870
5882
18351
15939
13978
23035
4164
31692
18225
10701
23347
20795
4401
29743
14024
3227
9739
29947
6839
24178
9733
10879
25156
9725
7931
27191
7407
3855
24883
15960
16388
20527
28955
24381
19578
1831
13393
24883
8641
29590
9151
31061
20587
29430
32011
28505
14291
11
24433
30698
27714
1177
7460
13987
10913
2883
3010
19949
22291
1097
18786
10087
28708
14340
7909
21644
8950
4043
26391
26237
19602
27294
3744
13874
22659
22841
13963
30722
32145
31228
29316
31977
10230
31758
3817
25840
16333
32565
7768
26355
27116
10698
7344
17239
11479
404
30302
21925
30811
485
10415
11856
10207
23846
29994
31904
9259
21606
14730
26734
28333
6857
15434
13196
23723
16403
29820
27179
32157
32618
26367
22488
10173
18465
13524
24780
13951
20491
13202
13825
15884
13256
27579
3249
26363
30006
4632
24752
17068
19491
10098
128
31646
1140
5691
23306
14883
8165
15940
11502
10239
18009
158
7647
1919
2195
13042
5282
15126
26110
18874
17513
24769
8640
27312
11330
21536
15493
27688
18464
583
1438
7740
30973
6695
3531
8712
19624
31961
14081
12634
16996
10870
7803
9692
15210
25523
2777
22954
24787
28479
10493
7802
11822
11694
22243
29666
3987
3497
31639
13541
13786
32640
28459
28616
31636
6371
19273
4266
2712
24890
26417
10464
24863
30361
11548
29402
11321
32585
19819
26365
31336
15787
11766
21505
3409
6995
26983
9246
1570
14334
17707
28440
3906
10724
28594
10874
26943
17788
2207
10351
8741
31511
26391
22127
29549
27151
4026
6836
1380
9994
12904
9251
14378
1791
31588
10592
28614
2593
8841
17001
30163
8785
8564
30460
24995
24868
29513
27212
18379
19557
20611
26458
7910
2026
31171
2058
15382
17272
22892
4543
17267
17665
32480
30148
17697
20044
9403
12128
31345
4606
30806
19597
9544
21867
22915
4327
24876
28860
14111
22368
10067
7721
28654
9346
27163
13272
13801
30843
8516
14694
1715
16210
25912
32426
29715
6675
20362
2505
19191
16439
32441
12398
24033
8997
29853
13977
27209
9194
27608
2327
8480
15969
16482
21190
29304
21734
27584
346
5672
17274
16742
19539
17462
7054
20828
3404
17328
21935
29148
14033
13018
29856
2434
5991
11393
2814
16162
20639
32748
23685
30648
11172
5029
17438
20179
4617
27476
24048
18973
9446
8887
13070
9048
32064
7969
9147
4039
9168
7215
6951
15167
15076
5788
9341
29740
27844
11059
16250
22296
23249
24402
25658
27005
25805
19482
29551
15010
8405
6869
32499
18042
26969
23656
17878
22937
13638
32208
1377
27089
9758
25953
10162
28246
4325
28231
13710
20242
3595
27143
31678
29824
18799
32326
1519
2721
13756
29127
30788
22725
11783
4569
6515
14760
17559
20239
1562
16498
14765
14024
8216
26661
24558
10935
3267
20143
6316
22893
7457
8399
19773
30987
21417
19938
28345
24192
29492
8453
13319
1860
8201
28090
26294
28877
4793
11236
7215
31712
13876
30987
1339
25978
26218
28996
5424
12479
28919
12320
6370
26534
4516
13182
2664
25052
17697
31009
24815
9345
3574
3916
21029
10309
18943
9633
14081
16661
5443
19004
5484
32243
19029
12148
2833
9700
13167
4030
23104
24990
1628
7854
17811
11455
10241
15022
13910
30714
6781
1625
3830
31476
9701
28898
17439
29240
22068
4977
9232
15299
14951
16320
29912
19292
15889
7418
11641
21977
6794
5173
6756
31124
31519
16001
16637
11383
20224
16812
14854
8213
10219
10359
15439
9701
7504
26516
30606
14741
11983
31279
26146
14490
27745
5625
13472
24472
19008
24540
31944
24758
23925
22767
13816
18176
21834
29553
28281
733
31615
14737
11474
24234
22905
21735
22425
13694
27692
14717
12295
32564
16581
19406
27854
14811
28935
5151
17037
6630
4957
7014
20031
15758
7793
4589
11347
7381
20557
30488
12044
13991
11128
17193
25959
7207
25035
2377
27835
11707
18651
11571
26913
29920
29817
24957
7980
7471
24915
9790
568
12795
5510
20098
24450
5641
775
17539
29568
5846
10818
3984
439
29612
6456
770
11274
27417
9197
351
27553
376
817
23845
21445
30253
3845
29061
8578
26961
3945
15526
1509
1424
8006
26744
12365
9651
635
8674
3059
13511
29265
16962
17093
14723
23128
16831
23170
28186
22202
32367
5123
30204
8712
23757
7560
27073
8259
14874
12399
5792
6949
16020
10479
10522
20045
11693
20181
8589
26639
1767
3894
7019
4207
27897
7945
32560
31192
22460
2867
32754
2573
3999
3988
22900
24335
10709
16505
24925
482
11541
31852
897
26517
10002
25895
13100
30851
27706
7542
23313
5924
30981
20299
8190
18009
12676
1557
9587
21533
6396
6446
27758
30824
871
25131
19413
11100
29120
14041
26456
16987
31886
2165
11301
19891
15313
21592
8502
2870
25315
1063
26632
25066
6591
9651
8141
6972
11929
20550
11361
15400
11792
15535
13565
32523
256
15529
1262
18628
21037
32540
31171
23204
28661
20292
20168
1136
30641
19043
691
1687
25351
17909
1939
30416
7996
19054
30488
4355
30789
10485
10002
25921
27697
23165
24858
29554
7298
4835
24419
15533
14966
16870
32334
31282
21970
28208
24889
25160
15255
2698
17269
5887
1983
31640
12104
3961
30016
1495
16128
15827
27832
26011
28140
28289
17711
9489
20168
19209
26002
32316
18411
31752
23255
19746
7875
23624
3148
15482
23369
12317
32436
28921
18691
22743
32153
30980
20968
14709
7397
21190
209
17159
9772
17106
27174
29247
24710
9193
32174
31092
8189
10851
29390
3001
12124
509
30009
30447
9075
5058
13140
11824
30169
20116
20641
18586
11863
19398
5926
32322
20331
26373
11661
22096
26834
19813
22702
14487
9488
22043
25095
16106
2978
23260
29518
1472
4302
25968
17489
25121
9371
7083
19412
28208
29057
25512
18149
22381
28855
7812
6378
13145
532
20749
5593
29943
5951
31437
16846
18208
7689
15999
4848
23488
3506
14157
13429
3193
9920
2487
9847
26015
16394
2452
23923
7880
11772
13477
11474
27102
19887
15618
10944
19096
7198
19307
9645
22639
28795
14139
22867
24810
7782
2988
7839
4682
5393
28014
1639
19298
1478
11891
16262
30157
7210
15886
3764
14364
19537
9974
14040
22610
1765
23380
26312
7501
3884
32436
5752
19730
23875
7633
18413
25786
6408
27225
17860
13363
2801
29719
32235
2728
28606
32741
11205
28019
1930
459
22284
26883
8273
30760
12743
27237
27617
27211
22232
19521
5306
27192
1975
3162
28114
14368
17614
5453
10649
31642
11120
15885
23010
9014
8963
20194
22733
13021
24442
21028
31076
4355
164
9722
5603
14189
1220
29974
7899
31213
19276
2566
27236
3190
7570
28906
23776
2806
5655
13195
170
20694
15462
30600
27933
19152
17166
8546
27523
10173
22026
5155
24566
5953
18626
19244
23852
10257
20073
27025
24513
19256
779
16513
6999
15567
3770
11998
25815
14570
16551
12924
11140
9963
10844
21584
116
6196
5728
12660
26713
22416
30499
9713
19871
16276
25330
31693
19983
24844
18140
8353
10082
12729
24932
14410
4676
25633
27411
23066
13084
5481
29157
14823
10058
14619
5959
13539
22871
26737
8897
6069
5889
19945
14266
12578
30932
16988
8153
26210
3462
8959
12887
114
27868
28302
12456
28228
18792
17031
30385
32322
90
7467
32638
12120
30537
99
16263
16713
30925
7281
4773
30484
26817
13033
13091
29380
25310
4758
26010
15135
18974
15197
25686
27630
9176
529
6530
22033
18895
5770
6839
2365
21501
22284
1212
26057
15839
15065
29218
3514
15381
26087
11654
19363
26690
10037
21573
26770
3760
21917
10060
32368
18639
23480
888
8767
635
1340
11452
9567
20346
10270
13571
2198
21327
9608
21822
2547
4207
2035
16073
9628
32168
26151
16902
29411
16252
217
13309
24985
5057
28337
9288
20840
10381
30997
2990
13194
17677
21084
13294
25337
30647
11637
10141
31896
13137
6920
25665
26922
5102
22858
28807
29040
17909
8322
29334
24389
15027
17515
8920
13992
3056
26219
24434
26357
12529
29910
9992
23658
29919
2411
6126
20998
3899
16688
22019
32467
32685
2947
17752
31036
26577
29168
20686
16099
23501
23361
13261
29696
27652
16609
15975
26906
21443
17664
4532
23568
6335
32659
12731
1333
32205
11981
2977
4078
22119
31519
17222
21826
19853
7240
22838
4631
26892
5616
26844
12381
8961
25910
30021
19715
9434
20168
15486
9612
29123
20198
10911
17811
26815
17307
28103
15711
32240
26115
29717
6029
8862
18598
31338
15238
544
20883
19311
18875
24349
32071
21524
9541
8118
16315
8887
13861
10316
26524
9003
29201
1719
31551
16438
9448
7203
6596
31055
30441
21265
24311
527
3689
5357
29036
2002
12606
30198
8768
4047
29069
32283
16701
8749
5882
28696
2523
23964
49
10795
10122
17462
24932
28938
26540
29706
10622
6939
30665
10742
25023
31071
6571
13955
28250
24962
20167
25383
6337
15596
19566
27600
20043
18788
11102
24562
1145
3189
20317
6985
31537
10152
1093
24136
21328
24280
15425
21155
25732
19273
2406
19911
31167
2660
16057
19403
28361
13310
7683
27726
23005
21942
20445
1478
11180
30188
13523
2199
32546
27075
2219
25371
28873
22018
25955
5986
31463
15393
19160
27388
16886
30468
272
21359
4335
24329
23109
19763
30311
6225
8661
15006
30975
7197
10168
24833
349
12233
25877
27842
23587
8856
26985
25112
21084
3589
7073
19344
12359
23387
12021
27892
11330
11337
15559
3216
14443
15636
15351
13553
20709
5238
24975
14712
28654
1571
241
13885
3690
10904
5564
28027
3712
26879
2027
43
999
11877
29157
9577
32676
4909
3602
31511
19621
31665
15109
21950
1595
14288
28112
4064
27907
15327
5967
4800
27392
31655
17310
5099
22946
22145
14028
30438
23493
7276
12613
2480
506
11414
6128
7968
27336
3457
21799
31961
2878
29212
18426
18738
25522
20850
7622
23028
22388
15239
6430
17748
4560
11058
22883
24456
12817
14661
8704
4965
15930
29618
25713
2690
8972
32643
19476
30267
6774
24991
3058
21996
32377
5570
13619
9543
11376
12325
2486
2723
22448
17493
29553
369
20333
2860
7817
31088
32384
30687
20128
1308
15144
31407
13421
7880
1819
28346
2493
10938
16817
26242
14346
3343
19913
23508
14766
12817
11005
30723
15336
10703
21354
10832
6124
14278
5785
19540
18353
15185
20893
11105
4658
12655
27720
16106
4524
18955
22683
30177
653
13507
28900
16905
4862
26596
24908
25313
7425
10305
9614
27380
21803
4897
15172
1399
18504
21439
1722
16209
11949
22547
21173
22065
31473
4750
5104
402
30266
30746
13126
18149
14899
13052
15573
21561
11108
26306
3402
6225
27343
21179
30572
8470
24349
27410
14853
17633
16726
24762
1833
9414
8234
10464
2415
7639
19842
9311
10519
26184
3842
11807
6154
4398
7158
16568
17304
26410
13985
30371
25367
16145
9826
12657
22253
623
5583
21961
28651
17326
12859
31992
28772
4004
1758
28595
1452
26300
14886
107
27221
17035
21035
32416
19548
23043
29817
23707
18587
26737
25357
29640
23563
24631
32371
31511
30684
20072
14799
14085
5439
30337
9536
26723
13414
3384
18015
12872
21743
25490
26916
9309
18840
11666
32358
11969
2445
12991
12232
774
26872
11479
29055
24505
29604
25372
11752
15612
5035
6209
13138
5023
21990
4838
28835
5933
21107
4446
25266
5704
18713
14081
28896
24078
19961
27477
3667
23434
19765
9456
319
10257
4387
11144
1263
206
28774
14112
443
9801
30287
3096
29529
28854
5086
32599
21733
15922
30049
12336
3675
24952
8092
17305
24225
29405
18651
20418
18166
15320
11343
22611
32659
19458
10414
18695
1672
27140
7134
15831
10198
18078
8854
2944
18298
18369
27293
25300
7319
29543
21935
17027
1499
13384
22821
22795
1834
1258
13416
10955
32308
8362
26446
19075
14621
249
23023
22948
4079
17662
29343
32154
20139
14032
28951
31835
27939
21662
31607
30790
13322
31659
12420
28297
26888
5606
5569
7962
5667
19755
1969
19765
362
24605
28338
17362
10895
16143
25949
2634
18229
23439
14436
25871
7495
21776
19902
17118
15605
14014
12246
15457
19178
26091
2390
28603
21014
13742
4608
29798
19494
20600
5168
28819
15550
2048
27808
7144
14120
1789
29471
4107
14082
24971
31777
29821
14807
10042
727
20459
23549
29360
2684
16036
22875
11851
26890
20138
26340
28265
15185
21797
22664
30259
12377
19861
3819
24381
12544
2314
5142
16992
2006
22309
4171
27599
18896
3665
1298
14900
10911
8753
5569
26592
15001
16793
27167
16273
14965
20227
28150
24965
17178
21250
27825
20860
10579
12645
14367
7287
22735
26526
20398
28085
729
6542
13482
28509
32719
18682
30990
18637
29317
17410
15599
27931
22501
23178
27348
4376
20033
12718
17551
5850
14714
27687
32207
19345
12386
27794
26664
6494
3576
5314
28028
15921
7036
1838
26270
28623
19560
13621
11330
7870
27234
20530
25753
15402
12263
27165
32537
25200
15411
15644
8982
3160
4909
19018
21861
27458
8420
4947
25082
9950
28666
15572
20165
22880
12216
18784
1131
13527
23045
22555
1224
3631
1281
16910
9092
2309
8799
6540
5157
22198
24042
25806
509
32530
17172
13705
18569
22637
13360
18642
7095
2377
31062
10425
29638
21001
8707
26454
14209
15931
477
7010
7567
27430
24273
30776
26810
12856
1925
27135
29148
21693
989
20871
19957
22827
6227
28883
2398
4058
28484
6886
11948
8609
28887
29255
16930
21190
9117
26105
4073
2407
6198
16017
24594
5103
12978
10056
29870
30492
31558
21569
13323
27418
32181
403
4566
22228
10275
23459
1923
16465
1102
8618
5883
3168
11905
15492
2962
28820
3346
11476
19791
15181
6940
19494
14176
31115
26751
5620
27954
6813
32236
16988
11718
6528
11516
29502
6884
19659
14603
21925
29730
24277
30852
11597
20017
3592
21219
30419
6067
19503
15008
17938
30726
316
18046
21858
7076
22253
7147
29234
9639
1279
31416
14783
3099
1248
2423
31176
20923
11408
9613
24339
31289
28997
5864
11762
11650
12997
14430
14645
23712
26981
1714
22518
607
22141
5113
9564
5958
8597
12814
12353
13828
17703
24840
23855
31707
18350
14871
23625
3215
15939
29725
13371
17862
10550
799
7639
26047
18648
22335
26524
9513
8994
3847
22895
22398
22761
5496
31387
5580
5607
16795
3061
27990
27428
21901
16059
29390
5413
29506
31457
1757
31597
7097
5452
5406
2729
7489
5709
5372
9128
15309
27725
1853
2825
20262
22481
10850
27795
29899
20054
4795
30065
24055
26718
19654
22952
20578
20088
5712
21584
8776
751
1422
1227
26708
5975
29666
23198
21816
14524
2228
14622
7006
25495
27722
25553
21395
23642
6551
6030
11310
5647
24679
5604
2015
27049
30646
8117
29793
32657
14640
27055
14196
4555
6226
26677
31319
16613
5970
10087
15542
25418
2967
14071
16594
19220
13064
14828
18018
24480
13121
12905
15713
7856
30709
4702
32577
24542
9557
19206
6903
4749
19416
12029
3878
26174
9434
8520
19794
28026
17803
27250
25479
26125
7857
1425
16518
9186
22464
1758
25572
20449
2786
8150
28822
27073
2450
25323
31905
7065
29410
19067
25575
28182
16614
21524
29891
16173
19348
32580
12355
23787
4638
19363
32481
6101
31155
28151
16503
2018
10656
30448
21839
18621
15795
9730
21267
31300
7787
15184
6239
13188
27819
2659
2904
8717
11178
13445
17728
2400
4755
17554
17482
31057
1473
10727
18085
7136
20383
1751
7513
16746
13562
17801
16498
3882
27887
23145
14134
7160
4061
31609
15135
1301
14440
22355
9352
23735
27214
10753
25255
12879
17855
30128
11706
12823
6274
15060
3328
11862
25112
19337
17779
30011
11580
1817
27311
27702
67
26465
13702
21714
8051
30610
17144
8680
20793
4404
14662
29837
4964
8170
10514
28452
1632
11849
30321
11097
22398
12984
1992
2263
23301
20859
628
8540
10957
30087
19582
26469
28464
1623
32149
3920
22342
13393
26384
18532
22454
31866
18315
16347
31804
8750
28298
11953
28283
11535
4457
26033
26894
755
26751
15832
6397
5904
8589
29328
16587
12677
485
3478
32386
26503
10220
14062
2787
21173
30441
537
26820
6164
32631
28786
24740
29953
30828
14424
19913
1377
25648
17865
2996
15748
14899
15634
9319
14852
7319
30443
18840
10536
27721
29314
13285
3176
22219
20784
4168
2651
16720
13491
22357
27539
7814
5343
6736
27281
6904
25850
10992
16494
3488
14023
11147
16677
14282
28980
9275
29149
29259
18437
13902
25099
13310
17516
9741
22860
9410
3611
10961
9402
24876
15132
1504
9989
6762
6750
10759
1584
10607
12388
22764
9735
4526
15424
3653
23681
3125
21224
24676
9288
20272
20222
2470
28755
21423
2407
2679
3679
23691
16232
10869
14937
22961
23510
3806
20565
27101
31151
20223
26398
27241
342
222
18801
13972
19881
31507
2189
24295
21371
31336
23696
32728
28430
471
20525
25893
30342
5640
2108
28192
12544
2062
11224
25574
2142
5130
2430
16938
10178
18215
10252
12812
19725
10400
6983
32638
8177
11504
17699
17482
13401
15604
3056
22668
13738
28383
7622
18754
14954
3947
8552
29123
27426
31726
21789
32353
17910
5256
22992
13135
7638
29135
18318
28896
16494
7233
28722
20456
17652
32199
21358
21791
2065
11548
21787
1761
12786
8570
18927
22380
8074
1431
10678
16216
11090
15947
9509
11155
27920
25655
22707
20312
14454
18583
17801
8657
78
6550
9083
14474
4977
4721
27791
28378
12677
24592
25275
14511
30578
3970
15983
530
21587
6466
6262
6907
13067
31917
8951
20641
32260
9527
1315
3820
29331
227
21460
7833
32726
30005
28171
1358
24214
4678
15851
20109
25908
7502
28714
27171
1218
21775
31465
23073
3424
16591
19954
27155
14861
20833
3737
30202
3149
10434
14298
23854
18849
10611
9523
30964
22397
588
30549
14053
16488
28427
14061
5025
21654
29606
11245
30668
2870
12951
7867
15554
22492
24214
23072
8292
31694
11079
19746
10889
21053
9547
8077
23915
4077
29550
27697
30670
15951
1720
7513
14271
25391
7749
16118
9142
24318
18576
25119
4242
25932
8781
25157
19389
2056
32110
14558
12937
7564
9466
14285
22287
2608
15278
146
11935
20105
18559
24089
27838
11285
754
21204
21056
6109
2760
28858
2265
9460
1367
30326
10880
10592
28288
30149
22602
24717
32280
15049
3814
5824
9384
17213
20674
28467
20541
9603
18485
2201
16631
32134
23855
31659
10125
21218
3771
9069
19023
18136
18864
11147
27533
28567
10874
27594
14458
22417
25797
8891
31021
18689
12891
27189
21250
23314
32624
13679
29179
16485
11388
5612
18463
32009
6988
29628
31385
28765
2568
24652
9439
29465
1283
516
23655
14598
29148
15616
18578
23997
8025
6683
498
4250
21431
11400
17069
15666
30453
6135
27154
18924
30109
18138
11455
20307
18657
17089
15253
27324
26196
24169
24377
20339
21635
31839
7814
17856
28799
30569
15172
5409
5940
11794
6679
655
19291
27413
26434
25021
13337
14173
30100
3989
18389
24846
20289
12903
5608
2760
23948
14697
4738
14605
25504
9506
21259
27422
18080
8913
17303
19700
21268
28954
29546
31947
18043
2867
9108
7547
236
868
23073
12601
32029
13511
25751
31748
27263
12135
26577
16858
103
4647
62
22636
5140
13766
26563
8612
4328
3153
6250
10376
7049
28691
15770
4415
5521
12067
3766
19539
2787
19630
23187
32124
32173
27330
30108
8468
13914
16787
2798
18284
17026
12857
22622
17579
11799
10098
12304
11555
20613
21579
1699
6131
23920
22822
30174
23037
8191
9879
23221
3078
27283
7048
18410
12711
6848
31263
26199
14073
2298
1737
12181
32587
24914
4446
5959
14502
25258
20669
10286
4575
1713
30664
9685
32362
10240
23585
2978
10830
8622
12897
20047
25411
20804
13276
32094
25707
731
14563
11197
150
11484
14094
18649
2543
16920
28468
20687
24832
3106
2833
621
9979
16548
7192
2706
12437
22210
18750
13714
23188
3823
7626
26779
12640
23891
10889
13950
7114
27312
29766
13356
8894
25653
23008
9502
29915
27368
1248
22759
13067
878
18462
28781
12636
23350
15240
20449
7836
6276
20069
10033
13969
19066
25185
1553
8631
22766
19658
12670
29739
32757
17779
560
27565
958
1042
7892
4200
4218
26435
12299
14614
29296
15422
29858
9161
266
7163
6983
2781
7033
15886
8260
31867
16679
19821
8981
30236
25909
8453
4829
23634
26028
4554
2015
30179
31342
20659
6721
9879
24127
26873
25627
20338
24298
27423
3485
25998
24656
9257
12850
28173
19669
10684
18205
2781
16748
16751
27656
3237
13707
3116
17774
19638
23530
18747
23486
19950
24842
26876
9495
19594
21296
28072
7286
10713
14121
29394
18053
13652
2461
19544
27343
10676
24117
19303
17428
27053
31075
16831
32036
27663
275
28516
24661
7846
21944
20079
10841
28228
18178
28181
9055
4743
23466
10423
19152
12901
24696
3289
18187
22447
3154
12319
18886
4556
30326
16792
30159
24585
30611
1518
26033
6600
3440
5179
12592
8853
14102
7491
14985
27245
20212
7139
31686
4520
31418
7958
8766
3595
32333
6842
8790
5491
15234
5603
31241
8043
22351
25642
28844
29909
8661
26492
8779
5596
4422
7319
12197
918
8969
15353
19738
8670
29209
1115
9809
5698
29123
11422
21890
22496
24813
30549
21357
18122
8890
15675
13484
14618
32712
23646
62
19477
7810
5779
21904
28880
2390
9382
11822
5278
13994
3604
21656
1140
27543
6460
31491
5295
17764
11534
12125
22757
23365
15933
31935
28183
29983
17045
7101
963
29985
