4630
18337
30694
25006
26800
17052
17948
640
6532
27475
29067
27660
22479
25028
5753
3449
29806
382
22336
21305
25842
22456
352
27669
2688
22515
11922
22511
2218
10050
18125
24545
23634
20500
10720
24592
22084
17955
18836
12305
24792
18638
28416
21624
20485
27203
16697
7562
13201
26239
4116
8082
19182
22103
6275
18879
2025
765
571
31047
13854
1580
16182
32178
20313
27023
2385
6996
3913
9761
10791
582
16305
23482
16750
9078
7765
30612
5240
2137
20313
4519
19313
4318
24354
1131
8482
12432
15977
5668
9710
9162
14223
24872
24378
30754
12361
14914
26057
24257
16374
12251
6826
6132
12725
2863
17697
31761
19577
21009
21910
5785
11914
29723
24009
17958
8158
15969
3538
29130
9282
28484
2326
20470
28056
5083
7359
16213
26083
13155
20094
31431
6440
24096
15249
10750
23757
9971
10020
8696
17047
20520
17104
9297
4428
9701
659
16591
25196
16423
3363
12285
5137
4004
5790
5294
21366
7045
1550
19461
17711
12567
3369
1937
15465
7212
22141
2927
28561
9127
13858
17774
5777
2861
11299
20385
10590
19791
25520
24844
2398
15347
24785
1286
1967
5421
24875
26240
12915
8970
19037
4254
31834
5035
5800
21470
18415
6420
30022
17086
19196
3565
12720
172
1048
20226
31282
26948
5452
26245
13978
21672
11082
14066
8405
21658
11981
2185
31604
19712
5840
12160
15013
16355
16760
12632
4188
8352
20265
12861
16632
18733
19027
22662
5255
12388
10190
16347
20051
8416
28946
662
32521
10559
31735
10524
14658
16568
22322
5985
21249
32263
14383
26115
7916
5940
25740
14885
28959
28452
3140
25995
6
15398
2575
22479
28674
3143
14035
6215
4821
22137
16780
3910
31812
30806
23892
22922
1545
11334
14471
21401
7885
11062
30493
18153
15969
6164
901
25688
6482
407
24958
31987
12719
5080
20876
26021
23812
16995
30316
4281
25832
17164
21056
3062
1165
5692
24057
3039
3341
17946
21763
30961
20909
19268
5076
23842
5592
21693
4321
19423
26717
29410
4084
10671
31077
3112
11768
31857
8721
24939
26224
28252
28267
6103
31575
30809
22006
12700
12927
14710
29
9866
7958
2505
30697
17622
28871
773
6206
18197
22615
31018
13429
11953
28129
21861
27305
25261
17998
31580
8495
2547
28516
9036
18264
14627
6047
8319
12323
25746
12552
27314
3553
9329
27660
16882
14990
25971
24016
32618
4248
13051
25919
17345
16289
30117
22271
7795
19226
9540
18847
30872
25375
12422
3809
23511
22789
30718
5038
18616
2018
3112
27065
24526
10490
254
8467
23860
13531
21732
2616
2234
23526
15394
21973
820
12524
5460
6995
20037
8539
20495
8361
2688
7073
14749
26104
10557
5571
16439
8242
17291
12953
6247
20255
30893
15869
16671
30328
5029
16288
14514
14605
4892
1590
6474
8267
16110
15159
18835
7722
6241
9061
1102
30314
24630
27750
31335
4217
8735
31975
26772
12474
19402
15647
17006
30020
7391
9194
9810
16227
24621
1899
27353
19257
1044
13684
2223
7581
28871
13695
26122
18446
20651
5806
5401
26579
25846
19131
11015
5069
1744
8247
20037
20536
21842
6799
2579
32638
26564
28203
28268
4357
12560
10080
3990
16437
27119
6415
20647
5256
24888
939
14690
19769
9985
8373
10543
32691
26158
6397
17439
5796
216
27136
25401
32360
8079
31143
7164
18656
28181
15276
866
26165
26657
22728
6538
30703
13604
26649
202
23094
6096
10607
11083
26002
30992
2734
1031
29457
6470
13597
3233
9657
13572
7800
19945
17083
5426
22524
29141
11272
31148
29955
22331
14217
16901
18176
19777
24672
9615
17919
21553
32080
16952
16243
23867
22
7287
21765
28140
31054
16190
29219
24447
31396
24162
4731
18496
8148
10206
452
6039
26242
9327
10699
16553
27357
17133
26738
19874
20466
14181
553
868
21968
18272
6185
7150
31528
10835
32148
3939
23180
29218
25889
30108
1101
9273
23563
27262
12700
25307
28942
23391
6788
9404
27251
6058
12290
24657
14213
5803
4185
23547
30694
3356
27827
30637
17830
20585
9618
19335
7201
10166
19
19436
17620
30692
5605
79
31404
18517
12805
23581
3509
30774
10214
8023
8560
17034
4763
20167
8581
21517
15729
30283
12951
2506
26740
28942
19204
8274
29537
5603
17409
30523
32667
2637
14712
25646
22089
19030
31478
2775
31352
11539
12976
28580
4747
19260
22207
12629
12663
7431
30532
8482
25892
16537
7186
4077
31907
27
21920
18888
30889
22931
14160
5077
30033
5835
20862
4888
6575
5997
27245
15301
2757
32538
9892
19861
22821
8853
9876
20135
26094
28401
10865
11776
23945
7553
15285
16723
12974
24908
16473
12780
24090
24248
6244
20597
29767
13638
18244
1847
19441
24726
27628
11727
16246
1827
32374
6157
10742
28196
4602
386
27464
5171
1763
31659
7983
29132
25520
25801
26988
12839
27411
26269
15794
19195
14321
22804
22644
9122
25595
11418
15817
24505
22520
29787
17103
13240
15102
19476
15630
27177
12063
13364
11768
11160
16453
18844
13365
5551
15476
7430
31384
3486
5654
25457
22570
32641
20618
28769
20607
20145
711
21193
5517
15783
29235
12697
529
26040
3092
8019
10209
14227
31969
21525
18445
24611
13518
14130
5589
30701
14856
31733
29748
1922
31699
19072
1191
26978
9638
23469
19719
9695
28536
9791
25079
30534
26387
18323
27454
13201
9619
19255
2073
7113
22011
32460
24254
23232
21560
17087
11205
11500
7333
20556
20707
3706
30973
27356
19761
14839
23137
15911
1904
1306
9087
31601
8290
23705
12860
28113
24053
11418
27695
7537
19896
531
782
7669
5189
30050
24331
16806
31848
32440
28496
17877
17494
16908
10787
11230
27158
17710
17555
11551
14983
9074
16470
1914
32065
16070
11178
32633
7832
15527
10307
9189
11892
10287
6947
14687
3945
21978
31904
12005
25859
4430
25151
31012
10496
1474
7135
11927
20451
10247
18277
4615
2757
24027
27045
27206
12790
27038
20163
27293
7703
1306
29814
20266
28076
17521
5387
24803
9631
7364
6589
15385
16770
30631
12569
15789
28983
18784
27740
12669
18960
9186
18982
25208
22559
2151
24027
18673
28551
9210
25749
1535
26137
14241
25371
2550
30442
24131
8257
20358
20203
9677
6594
22628
3122
9756
16253
3509
29805
2104
29873
7938
30630
13096
32304
18079
6036
22772
8369
21430
14048
17126
13583
20380
3640
31556
8797
13669
23180
32593
26063
30327
15168
30836
3031
2278
19102
10065
20655
26395
25038
6266
29895
5514
22631
26115
9882
24662
27352
19304
436
16099
3562
19084
1406
14855
27235
30827
14896
18468
23579
23687
11586
13611
5356
23082
26447
10653
6693
14400
18548
26447
11450
24013
32070
29226
20800
20253
19531
5644
25852
6731
2039
28516
1324
26372
9773
12896
29289
23091
7823
8216
20023
19639
23700
22291
5274
21207
30226
17653
24789
18532
4993
24108
7551
3078
15040
20029
10074
17723
12771
23441
15898
2855
20908
9604
9109
22638
5749
29789
12575
17976
6456
26654
25390
16755
32759
2876
15020
12370
9935
17105
3401
17693
28721
14429
16957
23676
19430
31408
24613
9043
19525
3311
31280
8485
3154
10249
9770
6952
7930
20351
26984
10193
6997
19985
3876
17906
29767
20740
25444
31786
30550
30208
27700
11267
14661
13055
9723
13297
713
18232
20495
651
11278
7583
12942
20000
24255
513
23374
1415
28577
1894
18636
3915
23881
17481
27100
1638
26787
1056
19548
17649
25703
30929
31139
1312
25066
7976
9977
4249
9484
21059
3819
30703
2112
4588
17369
19308
10882
1647
24059
13281
25637
4836
15646
16871
1632
30987
1823
779
21692
26770
31289
19049
32480
22052
18225
5585
32171
4154
17068
9885
4399
14764
11799
26475
31032
32407
14643
9210
2134
9880
10025
28316
10667
14951
8051
23836
688
940
15765
16763
9054
14760
18445
8912
14498
7862
27420
21648
11888
7629
2425
24479
9893
15719
25815
25579
4573
2586
28695
32320
503
2126
3653
7798
28795
29367
5870
29950
32365
16514
16793
32451
27678
18083
7428
15558
23619
26486
10271
7785
3744
25497
7885
1628
5185
9100
20966
21096
8870
26616
32725
15012
3143
5733
10026
31134
4177
31818
3357
17450
12177
27362
11598
29629
2932
1104
4438
31606
18825
32608
7892
22788
30712
28715
25658
21223
23976
12538
28914
25272
29186
4015
10551
363
5685
5779
12668
1159
3816
7977
19935
7948
14258
25077
26090
31206
11742
22020
23818
15326
17592
1898
22057
27353
32479
22947
31599
21154
6589
22763
26585
29857
16327
11573
18471
13347
8828
18023
11655
2115
15001
6986
1459
18144
4043
952
8139
10107
12570
4481
14555
10769
29117
31010
28356
5580
11143
17627
25087
11079
27261
25951
27258
17980
12964
6375
19304
25151
2265
10140
3520
9841
30035
30641
8122
3226
10285
19637
1590
25940
785
10911
30957
20005
30684
18220
11992
4358
24100
10793
25644
32246
25010
31314
10483
11809
7331
3772
16021
5731
11261
31981
24403
24491
11152
24241
5741
30832
25816
166
13260
15216
11622
31748
8179
13132
9001
19235
29520
9896
4348
32004
17425
25603
10169
18749
24431
16210
30844
24278
27062
191
17698
11032
13718
22406
3191
25667
29015
6560
8589
28632
6960
28931
8381
12197
24296
30971
14716
556
168
7591
12930
26916
30229
12893
26282
1371
17414
25637
15507
19905
14174
27267
17904
14840
4300
24836
16624
20032
16514
28142
29238
222
12412
25418
11530
31636
2275
2860
731
22400
23233
21765
1983
24883
1455
31931
20721
1775
10982
17585
24066
32140
3770
1005
15884
24314
29449
90
4334
29852
31886
14017
26691
9157
8233
20037
16053
495
25943
3582
25667
32763
28141
29359
28984
10620
15263
28048
31887
249
27213
6749
17740
7496
11036
16136
4752
17928
2240
32207
4490
13401
10491
6027
9498
2567
2841
32291
19466
14313
19793
19341
27084
23489
18507
25432
10184
10241
2108
27492
23598
5395
29956
16180
16548
20053
25798
16620
19401
31621
20136
11662
11908
19348
24172
11457
16044
23227
23745
22004
12291
28101
1731
23679
16649
5476
2170
14899
10526
23725
16358
17762
17168
31129
25068
31795
21028
279
11978
28335
7943
31067
25412
1047
29366
23348
27268
4395
14156
21538
7257
2695
16149
1922
1184
651
28535
4563
3296
1841
26008
24323
32407
23631
1203
8365
8809
32528
7430
9802
13997
29318
23339
11883
25821
29906
4838
772
6203
19147
14277
13811
8596
612
981
8735
4320
5734
13757
26126
7127
25355
11613
2253
26323
2336
18749
7089
22514
3316
25868
6170
26793
28004
20766
32504
19796
11755
4039
17531
21945
19971
28681
20585
7407
23124
19030
24388
9915
21263
14965
22471
3065
30587
7651
19626
32328
18237
23973
17371
3669
23042
10466
9075
23951
1914
2765
12484
7580
4861
8124
11130
26304
22439
7667
967
29871
2298
7243
2522
29661
19368
2227
29612
9332
17510
28594
19336
23926
31713
20605
7454
30975
15503
17224
29822
4684
15556
10034
14193
931
26512
3607
7867
16025
2413
29876
12663
11974
18687
661
10122
32476
27831
19935
22028
21120
24866
2696
8209
19281
28423
13567
12067
4397
3315
4736
8191
6874
31200
26439
24745
3133
28594
4473
4851
26829
19536
14772
26379
2336
22324
21767
16413
5372
5281
28224
12252
23136
29546
10511
1185
11889
11314
5448
10654
4997
32380
10418
3986
15873
32270
11441
18371
6635
27712
24175
19774
12971
17873
16583
14620
25057
11222
3610
30366
17523
20864
11482
11399
32541
5450
6460
14740
14982
31742
1921
31687
5357
31365
8535
24292
23308
23365
22959
29250
9964
18532
5641
13732
27031
9830
12185
23690
18113
13792
29613
813
4654
20251
4815
1740
5242
25424
13932
32525
2093
1393
3310
30893
9655
22512
24253
23332
28716
10322
15579
8239
6831
9051
142
23619
5694
24366
5846
19540
29407
25993
15124
29419
10855
15370
398
29685
10568
18428
8186
21488
7108
16197
19761
2549
16756
3944
23116
2122
22654
31315
14829
19200
14794
27628
17157
25147
11673
20173
21742
15841
26836
23774
30848
27973
6541
3049
17334
15575
9978
25903
7769
6326
20408
11609
1657
26159
9705
27550
31530
17704
10769
21966
21949
29988
16818
19622
15735
8698
2967
29976
26551
19493
5895
12467
31014
16887
27795
1445
6023
8276
11723
23544
28632
11507
26185
23674
7072
22727
17792
11900
18092
14751
26788
1628
11141
17217
25803
24415
3598
23226
3983
28737
15812
21897
15032
26671
11957
8770
25176
19330
4678
21583
4634
10613
19673
1595
21426
11002
11647
28773
12827
12481
8959
20817
9377
11631
11730
14526
12254
9889
28093
24129
1184
3005
18304
10148
0
1554
18874
23026
27377
5872
27550
21948
17117
6727
18405
30829
7199
24051
29573
21145
25100
4712
23400
2532
22863
22964
16116
14395
22949
20438
13240
24645
5835
4435
22486
9460
14352
6993
29584
12041
18271
16079
22536
3935
7811
1394
24062
26155
29201
22642
27736
637
11248
7484
22717
4956
25721
29486
13064
28857
12839
26405
27230
14666
30169
8874
26364
19142
1487
2491
13043
3743
2696
30554
18936
6239
28362
25234
1126
1733
19862
31773
22226
29241
6426
7541
7002
7209
23663
11735
29431
7436
386
7535
30977
3646
26628
23436
18726
15209
24219
26459
2133
5911
23531
28190
12747
25754
27703
11393
2526
29077
12766
12516
977
27241
21363
1932
21327
7642
6560
18423
2080
21753
4572
17077
609
24666
6990
16378
11474
24340
27389
20320
26248
9990
28977
27033
16060
8401
22915
17884
3383
3535
4406
15974
5638
9011
25513
27031
15000
25871
2309
32066
1226
13061
9114
13307
27425
11128
617
29560
3921
27357
19214
9511
17155
1290
11535
5712
7880
1665
17024
25865
7884
12395
26615
17124
4639
18288
15327
29951
30307
27304
16697
17936
25968
23374
30006
16287
5255
6672
9
26493
22347
2857
12206
12639
23080
5504
18836
6630
19992
2974
18550
29388
15864
2906
10109
10290
32302
17006
23031
4515
11388
1753
16918
28533
22345
11006
32274
31530
15549
31949
914
17443
12339
2421
27519
1223
22638
27568
30515
15495
13931
23957
6134
32059
24925
15364
1549
24190
22713
16567
8681
25453
14880
7510
26526
343
9613
25575
31759
9123
18530
18112
28219
10689
21482
13235
7587
36
18605
24950
2408
12851
9655
19321
31889
20700
26864
22062
16118
9313
31528
5958
18748
11353
9537
24415
3797
17161
5385
3841
11830
13311
1078
9583
12055
22546
4820
20186
15248
9615
27803
9741
19968
29253
3659
22710
16863
17555
28431
3153
18160
21369
7392
11441
13008
521
8579
19266
16263
29028
1821
8099
29828
1649
27659
2980
10103
17764
32575
13405
14744
31768
11605
20767
6103
29366
6575
2615
17055
1948
10045
27317
29
4520
18943
28117
26807
5022
15282
4877
15359
20722
3196
24037
3136
16515
2805
15348
13175
274
4938
17829
5265
1545
6784
28792
1031
29256
11575
27811
1297
22947
20269
32505
11540
16233
10935
10616
1433
12120
30408
8780
12719
21387
26754
22546
25498
30018
1441
25559
20665
7621
3142
29901
29245
3545
6893
16393
1700
12797
26178
24980
5007
16342
17643
7647
21134
12555
19951
18731
24846
611
7743
9353
24739
12013
8197
14399
3859
30020
22218
28537
9004
1498
11516
622
5656
594
16418
28181
25744
19703
29394
16951
26477
14956
18326
27520
26230
25647
25568
4305
14042
5824
20687
4475
6272
3757
25893
11287
25440
27347
30161
9444
20953
24575
394
22862
31989
14245
21177
11302
10237
5305
30891
9255
3944
12298
29625
17710
27683
29543
32352
19253
30119
15501
2335
3436
18824
4408
10327
25167
96
1766
23543
381
3264
9993
13310
2784
22065
22769
9829
21286
19528
2232
17451
19410
19107
16067
21259
8938
2921
22930
3486
14739
10082
17760
28198
16306
7353
4910
23882
20946
449
19738
1406
21042
23271
2751
10573
20094
3758
30559
23990
26229
6516
19914
2015
32039
9801
19099
17678
16121
7266
30612
14878
3124
21171
616
30979
6949
28041
14666
24131
690
15315
8540
6195
16159
29154
15223
16915
18376
32724
22469
19537
7916
28186
26843
27220
1999
21395
19925
25030
2671
10295
15133
4312
26097
5791
23110
5020
19155
11201
11252
19104
31837
13001
8169
7471
17369
31530
13255
18286
22017
4133
29437
4923
32165
7727
5844
20627
25610
20622
7323
24880
4200
22924
3418
10472
19840
19388
27570
7206
27543
12728
8111
29902
9771
25399
10958
28719
31055
16702
11003
8796
25937
430
22477
15612
32074
28126
12078
10825
32302
5672
23816
18782
6077
18204
20246
26131
29973
14159
27443
8591
9445
1686
30528
18896
30747
27219
20330
12890
415
6674
30803
2689
2771
15348
26092
11915
2950
7934
282
24292
7913
4941
24936
493
23728
26595
30156
16770
3288
26657
3380
19944
30250
4086
14357
5491
22014
17027
2755
27807
8127
12537
11231
9025
27190
10201
20205
6995
13543
4277
3062
18827
21811
20107
24339
4301
1992
21363
15103
12357
2828
17212
31491
22644
13784
25830
21682
2510
13171
3789
14778
31875
21179
24110
31817
642
29596
20516
6940
28555
13290
18213
27916
15369
17454
31583
22573
17993
8188
23279
15603
27905
7833
19379
31041
4105
14347
7964
20130
6961
10616
6772
16305
22855
20899
9937
14011
11442
23509
22553
22006
14208
30857
4990
26475
2857
30790
8989
25236
28226
15222
29544
32198
21794
16632
12744
18186
32419
10113
18112
21092
21266
26195
11622
5598
31895
28569
363
19501
11774
851
21276
27047
22394
31351
3162
3622
26473
23868
10488
8555
15595
8498
17627
5663
21931
30630
28062
10197
22640
8753
1321
10632
14284
22865
5688
9412
23475
19164
23759
29381
32059
28468
11396
8886
17535
30225
19289
30405
6621
4941
28160
15699
5529
28037
28727
18657
17080
25988
8304
30486
23527
3994
10087
23138
26019
6504
24629
1224
21791
29964
14985
17803
21052
4693
2789
5098
20611
18165
6016
13486
32275
23584
3330
19932
12494
6179
10579
13897
19626
8506
12198
1730
14134
20674
22513
11179
17758
7111
7976
4781
18669
18847
3253
11215
22456
28820
11227
29869
21581
32508
15477
3888
700
16442
8616
25294
24829
5218
6007
16727
1321
7750
7427
18812
31717
12506
17175
9384
9266
7200
22003
7348
7015
8788
6558
4863
15947
2547
1372
16830
10296
10104
14836
2267
18783
31694
16539
25023
19114
28928
13310
3207
4716
3895
31758
20396
5544
24241
6126
4741
19918
28055
32449
6396
25749
117
18344
31954
11683
8079
6059
16878
24887
27531
20709
29755
2824
27744
12970
29910
32245
7213
1563
3281
12004
2902
24402
19115
28139
28571
5922
4082
26803
7776
21364
16387
26334
30927
24598
20679
26956
16739
32747
16006
7639
15998
2365
3017
19269
15741
6423
25444
12863
553
19082
6945
9192
23231
13674
9700
9594
31376
23003
17371
20218
19145
2388
11683
1919
17430
15182
19695
10270
31558
28252
23735
9144
3905
27934
18867
29832
96
23472
20986
23765
12568
14226
30317
921
22177
20260
1234
22362
28315
6346
25916
8973
20915
15511
25225
2597
31501
1971
745
1142
18377
29102
29008
30627
22590
27860
8896
7036
18296
2555
23995
4748
4809
9745
26845
2225
27434
21184
3729
12707
29473
27484
10506
22678
2337
25315
19492
19664
29601
25691
21299
29015
23947
27618
9191
20130
21675
20849
10576
24469
12849
1016
17820
2251
14712
22505
11062
22065
8371
17657
30253
32740
13956
20364
29479
30959
27057
24111
17138
9723
18112
28238
1697
24802
18292
10733
12002
2816
21624
7971
7376
3980
19768
12066
23489
6498
30125
17562
25786
31201
11330
10904
26220
6760
18811
3341
16963
17076
27338
3383
9411
14359
13707
16366
24682
31939
15343
4815
8919
22991
3187
31251
28678
22814
22982
1193
9561
14594
29383
12223
13918
13936
11338
7211
24368
1956
19843
27839
32178
31789
647
13154
32678
23231
24667
8824
19823
18601
3427
12631
27272
1171
29129
5787
14749
16714
22702
24170
27105
3636
30386
12506
10807
20348
1981
22743
26925
27654
18691
23151
31567
27520
14178
29938
17752
11507
25391
6793
22088
11899
27259
11530
12149
21169
4359
5890
32060
10365
5344
23651
32103
20594
4854
9685
29622
8927
20954
28930
27173
16426
22643
26038
20446
3103
20366
1988
26619
7313
18646
13768
18610
5465
30292
19082
11977
25217
31751
30195
297
29983
26751
27491
306
17838
7024
4994
5847
13790
4585
15257
29183
7906
20852
16471
17348
4949
10257
31723
9239
240
10149
24654
30769
229
26129
29311
2662
4969
14325
6057
22007
8813
4060
11633
10771
9545
315
15254
14330
17580
3699
27705
15618
29291
2781
31916
31894
3061
12615
14188
7749
4793
24746
28060
23333
10800
9461
12850
2931
7129
28171
5807
23233
30243
9586
8272
2061
19654
1179
32135
3509
29036
27962
11044
15152
7985
9998
27311
8024
26428
12294
8225
26096
9810
6263
19391
560
30406
14
20597
12938
717
30824
26789
13239
22594
17022
28640
17850
18822
30311
24968
31716
28333
5759
1999
27854
8509
30323
4026
28459
20196
16773
19829
11391
27303
17118
18818
2917
22220
8040
27627
7000
12614
5824
25734
25760
25367
29315
9089
1714
26587
25031
16264
451
23750
27236
28883
26462
18393
12524
28243
9127
5014
15162
29905
8886
17987
31633
16645
2860
24984
23998
1073
2180
1879
1941
9464
30359
15168
886
27308
9635
9550
16996
18799
6949
16368
5914
24280
5831
602
26950
25210
67
24242
29675
5357
5974
17005
25271
24792
9120
20810
6219
16771
2665
6771
22189
26084
15432
5563
28267
2750
30089
30132
452
29838
12669
14780
6047
13373
13406
19257
7355
17022
28588
30853
24591
26090
19572
6636
29371
24668
28420
9058
4796
29586
15770
20252
19402
25847
55
7963
12105
26552
29341
24345
19852
17763
22884
21447
9862
31970
18934
18791
13680
8316
28898
21477
25608
29032
3572
2366
26438
28759
28821
10877
3578
30159
15769
16580
13784
11357
3269
30364
25095
10496
1234
21283
944
4002
13849
9395
7693
5132
2914
24822
593
29002
30402
24649
24282
26970
30884
180
8140
9231
14681
6298
20867
7271
28506
17134
30672
13523
18424
286
4637
28810
18932
24042
20735
15808
30207
31425
25425
5056
19253
6989
13460
24884
889
4100
12293
4950
28693
2070
9634
12140
31083
16547
10301
4840
12744
28621
32159
2264
7753
14566
4703
3616
23397
32719
16937
4427
15755
16809
20329
127
24270
1911
17026
20592
8978
19483
21308
14320
29053
18152
18978
12418
24945
20172
14785
5986
28495
10591
10003
16651
6211
13128
13267
5401
16864
3632
26787
26215
16893
10461
14402
14521
10684
11104
21891
2136
2865
23797
20636
11305
17978
9830
22987
26649
12382
23224
32616
27913
24593
31197
22647
4059
26918
2695
5265
9032
5171
11087
6216
21783
22771
30347
3135
13526
17834
6875
27102
2316
1550
23903
10358
16651
21860
32134
9807
29602
22268
5342
29444
13723
30103
24343
8342
6383
15284
18357
9315
27376
14249
31541
5804
12765
30649
2565
17772
23104
8437
18910
20464
24894
23564
4995
4095
19275
18227
11107
10922
11858
19604
6415
21103
15400
22132
26485
13691
17263
28823
17444
9132
24078
21358
26764
26386
15519
15164
28122
12850
21561
15743
6783
422
8575
6925
31419
13368
25476
6367
7625
3502
17319
12843
15005
9710
25637
25161
7405
707
26634
20070
29454
9006
434
16706
30043
25842
18435
6224
2163
4607
5916
26764
26347
18455
16789
1724
13827
17865
17674
8329
1334
19603
5890
17538
24043
9597
736
28795
5928
4832
6013
5905
7184
7663
28382
2096
7653
11264
8981
11621
9209
24323
6976
31292
32337
14964
8001
6308
6850
680
6066
9794
13447
10867
32739
16786
1087
5797
14094
10655
659
24425
7951
4467
26026
27677
19286
5057
27066
16970
26125
21723
18244
21896
29707
16218
5789
13178
20581
823
560
24049
23829
11335
7336
13020
8241
11795
30661
32232
20143
17024
8997
14748
2011
17565
23303
21981
9419
31502
30198
8998
23097
12698
14244
7091
15232
7931
22847
4369
27799
9151
30650
23725
28783
28269
28797
24807
13861
14081
27011
283
5643
12497
26843
9930
1212
28084
30503
18226
20180
22985
29391
26224
25524
16895
7057
2191
17342
27861
27672
15968
21881
9418
6413
8296
9448
23252
21443
31303
28017
30654
14238
16970
25459
25920
4665
26299
2130
14164
20572
26913
10740
11910
3788
2173
17379
9925
30239
16504
21736
15269
30492
27216
2429
16550
6510
13888
29593
13969
23982
18982
22602
20769
14737
28771
21079
1274
28476
17816
24109
3126
30025
3861
20073
25004
21042
8275
582
29533
19199
4704
25294
24843
4652
21675
17391
23498
15775
29696
28246
20797
1646
2358
7424
18938
6442
8756
722
29357
17643
6160
10251
10483
29141
14045
6248
11240
15343
2694
29818
20738
13474
17208
617
21457
26420
10868
10453
2297
5727
11292
29527
18917
23412
4145
2817
8101
28561
8816
16234
7946
12271
25423
13196
1785
1535
7008
2674
3187
9197
8919
12076
20331
15808
29427
28622
7459
7451
14869
16190
12084
25619
20919
29006
17997
23802
9756
24200
14490
3779
16433
12854
27396
26129
29073
612
6402
25960
31857
15365
25125
22384
1539
7042
8368
24394
3446
1707
28947
542
16656
12332
18864
30256
18194
26163
21852
8913
12532
3067
9211
24492
19724
23413
9995
22192
14987
15841
28124
26602
26474
15199
2257
32390
12837
9706
25797
7714
2868
2144
19492
27771
9645
4745
27723
12215
22005
7713
18595
32105
5978
26791
13479
23472
12150
29580
28129
5754
9854
10888
28363
17802
29481
11133
19935
22786
17926
25100
7523
4682
27360
18685
16497
4454
19632
6551
17529
20260
5674
1283
30163
12113
18119
11457
20503
240
15064
32760
21081
3505
10528
32396
23026
20268
12600
6705
25234
13015
23472
1878
20819
30648
31705
818
3093
21105
19040
9573
2976
4180
4024
5991
10485
27134
27130
15507
19223
17337
22501
25855
5607
380
6934
24973
27228
10949
20452
10580
16785
3273
23683
31438
23057
15280
5749
5332
23224
1637
8915
19050
2478
21524
13967
23194
22932
15029
19245
29662
4949
28873
23810
5627
2495
1639
14907
20129
21135
8957
775
24658
26015
5748
29963
12992
30188
13255
23668
8929
30489
13880
21325
17347
25525
12474
20186
5392
13187
1197
25472
549
13373
3362
31471
30347
4522
28033
2568
4731
31332
5653
16419
17833
23253
25175
5725
25538
19151
1617
26070
8034
4493
13510
25688
2002
18875
9901
3271
27641
18964
27657
27744
23461
8542
21542
27314
10788
25627
5789
12759
12983
20365
10012
13158
27386
30559
21587
3892
6390
979
25990
19060
17164
27759
19338
18348
12672
14696
25333
29068
9356
640
3660
12370
27396
30240
12384
30501
4010
13946
5550
13816
2264
18627
1169
12509
24750
22643
3292
21244
3615
21962
26452
10941
7286
6295
25992
15549
15677
25235
4948
24785
1911
240
18736
7491
9792
4392
30472
30256
24929
17914
1072
4389
25370
18994
23709
20849
30606
24296
22195
1139
2677
17643
23561
21829
27045
13146
6448
4971
32640
3365
29290
3780
4598
5578
18962
1216
10922
21147
7113
25553
1407
10889
18887
23751
28505
29310
4749
18166
14749
11691
30916
20435
19321
6602
25028
2285
29579
19197
6202
22644
6428
5518
9951
18147
29092
26696
17380
30484
22430
32005
25857
15418
22530
30123
30856
22555
23310
26462
5464
8643
10987
8221
2106
29462
18861
25461
6715
339
30260
1388
22264
8452
27505
24672
19024
5987
917
29629
3873
12697
32196
9186
4907
19764
29294
5779
19983
30026
748
18900
32641
18843
2321
2089
20425
22619
20957
5893
13536
84
20179
31720
16619
3185
14905
7300
11084
11647
24036
13672
12047
26852
13413
32500
2242
20420
9096
17456
10035
13335
29419
8676
30630
25789
9147
17652
10992
5131
11855
20378
27677
13948
4523
30534
28460
24785
31646
11248
3495
14006
7317
27136
32071
30330
29004
31432
10488
14562
11514
28765
18317
20149
17806
27693
11299
5559
17710
12115
7289
4609
29467
10979
12402
14804
25455
25557
24568
1041
32301
9905
25906
6020
24264
15930
28190
25480
22841
16168
4370
28433
5756
28473
2083
15717
4969
23471
12031
18013
28220
28068
18514
30637
20261
29783
15832
14071
15004
4873
5207
31442
29594
32342
8867
27269
25993
9230
11160
6748
30904
27608
24329
8891
29542
24001
16326
25514
13162
7835
27135
8553
23565
31770
30625
15329
11992
3187
6013
15687
23696
2595
4039
4106
272
31660
23333
9992
24975
25413
23750
23500
4938
3904
12701
31078
8454
32379
8022
19829
2690
13925
24035
3014
9714
3352
22431
7978
23774
27111
24471
21458
9985
1408
896
11932
20894
4788
6869
22165
19226
6097
15991
9116
19082
5355
24655
20994
17606
3922
6509
24705
25121
15999
2156
2510
63
17725
199
9119
7762
4873
22178
2493
2910
2067
27354
24075
12822
25431
13041
7751
14654
25965
20263
8200
31985
28836
12663
21470
10116
9070
1870
32156
9567
2035
31623
11141
31433
30175
10691
11801
18185
787
18554
3158
28393
19543
30249
9742
14274
31569
16642
13060
31510
29894
3432
20505
25429
1047
16321
25098
4457
19064
31505
22854
3916
18109
12565
19954
594
19958
11713
24051
10918
22169
5580
27117
12949
7205
28578
7817
10273
12438
22504
23121
9716
3576
20958
9439
16179
15521
15160
22165
1589
7706
32567
14232
27776
21158
5018
25523
25645
20289
32377
26288
24155
3184
1930
12491
29652
27427
21398
25231
28481
24118
12635
1547
14538
27815
12963
14860
3140
30988
29254
19317
11342
11450
1669
810
6451
26963
3213
20374
4638
18117
14525
9802
8461
32022
8305
22676
14388
30794
4119
17217
26078
28479
10314
17345
25474
13372
31336
32543
19591
27257
7126
17528
5046
28584
21715
12930
12587
26769
28357
24222
15704
11508
32246
22843
2771
5440
11676
6628
14502
10596
20768
16761
560
31640
605
27073
11759
3590
1272
12753
24171
3650
31039
16280
18551
27119
26312
12150
32281
2082
7373
8506
10521
14805
3559
12454
20424
31207
25345
23963
28865
24191
10892
15898
20022
26716
21972
25369
9152
11958
6236
15313
7367
9844
2631
23905
687
30517
25422
22826
26419
32566
32503
13429
3851
4929
18526
18091
15141
815
11181
5441
24437
26320
17376
9771
5702
30922
31520
29096
6654
21945
31113
30528
4722
12060
28816
9657
5499
31349
9095
9204
4690
31462
11543
1458
27343
20597
15293
26961
26572
14285
5711
22777
5544
3702
28561
6069
1029
16839
16272
2892
24293
30235
5366
29007
8920
27175
4545
251
2457
9646
26688
2490
10401
32193
28750
27035
27976
30303
16026
5134
14633
19187
28100
31048
24072
5720
27959
10764
11322
32382
26542
25009
2248
7286
8037
6506
4928
9994
7040
21683
27285
11406
13613
29320
16949
7615
966
919
24988
22482
15291
28452
18112
20792
31856
10239
1646
193
8356
19144
23946
1891
3943
25223
21904
20031
4732
12136
28383
29807
18994
14439
8057
18207
7768
13158
32359
3088
17325
5804
2957
11891
2987
5598
8619
11895
18093
28023
5215
3027
1750
28415
23322
12174
23943
6329
12952
23722
9912
4268
2686
23979
20475
15100
13798
9347
20074
23697
1433
14895
16390
6584
29935
31858
4732
10075
16355
18910
13553
28495
20137
30450
17402
325
27223
23178
16319
11383
9292
19214
26195
23850
803
21365
548
8853
4328
16590
13186
8204
4302
23894
27325
5530
27811
31637
20453
14179
30277
14007
4877
12055
11703
17689
31074
6611
29219
7238
22444
11659
17051
16932
27955
22806
32202
2394
16146
17669
570
5134
3641
28353
2550
29286
5770
9928
27390
5437
1778
26296
15845
11155
30716
2757
9407
17145
25855
11873
1973
26810
25821
16470
16903
17653
17512
3857
5878
4435
25326
860
8168
18995
26587
22718
5212
31688
28394
14983
22091
2066
20570
21183
23890
28919
21897
24876
26741
868
20784
9065
14860
20407
4214
14750
30178
23274
15431
32145
32102
15563
25511
10882
7226
27022
14777
26251
9912
7293
22637
20825
28878
19538
20910
16835
18239
23313
11905
29919
5821
5248
9149
20954
1736
3641
24773
14119
6122
32011
2962
7064
16805
920
3971
18352
29253
21604
18375
20371
26714
16539
9276
10998
14916
29907
10636
7602
4283
12705
27878
24067
29955
13008
17441
17318
27315
17264
18213
21849
18226
23792
12049
16156
28581
26187
6094
3552
15605
30845
16017
26136
141
27689
15442
15410
18994
3340
2725
28619
22481
15929
26777
11597
29956
2816
14920
20181
15783
20984
7949
29993
6072
5765
26142
6281
699
28379
18857
14261
24807
26072
692
2417
5571
21555
20140
23531
12566
19336
19638
14848
21676
9579
31132
534
22056
4372
9702
20799
18488
10044
17622
32062
26398
29615
30961
17989
10850
25029
14047
952
24872
26509
9909
23745
5478
32071
12784
1425
14775
22026
9507
18952
26530
4879
9916
18039
4299
22333
28094
10277
17946
2236
4270
17313
15254
4640
8956
31807
18828
1284
153
31393
16158
27376
14642
26596
27116
27650
31595
31574
22286
5839
19838
17054
19225
18665
26650
23201
16805
24768
11707
162
788
4830
28305
29680
17183
370
21832
17804
22296
28187
8666
18614
28808
14197
14457
27497
18702
10183
26252
16430
22300
10528
18138
5256
26791
3344
17740
9283
29749
14616
806
18023
22461
14723
26892
20518
7725
7463
16104
25319
4096
1699
14840
22437
22114
13302
3994
15934
4922
3522
13498
24496
9440
7008
6539
11529
18296
19879
18943
4966
29676
11982
15762
14538
14041
13146
16905
12379
23218
18443
24408
27973
2497
5605
8908
22564
27095
27714
15304
6448
17902
23267
26946
25712
537
24902
30839
12419
24067
22657
474
19409
8298
24526
19115
27100
6278
23797
17206
2584
27340
12724
22895
7530
18598
20625
25645
56
24471
10776
18520
7614
10392
32116
18137
13684
9291
27954
15117
12874
24571
20167
7973
8421
19814
8607
24707
21960
28698
23730
3851
12121
13277
16974
11501
29887
19722
5502
11940
29207
5024
14842
18151
15481
20759
24958
25912
8927
28037
16392
24892
14208
9474
15997
21471
5502
30006
20821
10950
14038
17337
7770
20565
25812
3961
5758
18900
29061
10678
28486
21386
8983
17277
27367
16624
16375
19466
32655
12432
30212
16844
3036
16078
8919
20651
28635
18537
19984
23929
13723
20177
15960
31788
14662
13984
20159
5908
7767
26754
23942
8100
10550
32092
29141
13475
6740
16205
11344
8100
22659
8461
30020
639
20738
313
3386
16067
5083
15548
30966
14417
15449
31675
13539
29269
6123
5653
5458
16375
1711
29293
22423
9
13490
21194
31359
9709
9748
5218
32718
21111
4040
4879
3360
22979
7151
7352
27072
24746
29978
5590
15169
16145
17597
22322
19290
14072
18575
17797
28470
268
4911
17114
7702
11189
273
5838
10439
19038
29117
5497
6918
18707
8659
25223
31451
29789
11001
5055
23801
1720
24053
7582
15197
24904
16025
1544
6669
1916
24478
64
1450
20993
30441
30514
1626
14019
6025
12405
4400
26220
6407
15067
18883
15587
13280
6998
17981
30597
3620
7210
18381
24448
16476
14246
8305
30167
25319
15753
500
26850
18411
13717
428
15882
3733
27042
32088
14877
30826
8323
783
26319
11862
16662
29645
12525
32144
23826
22568
31423
10344
1830
4676
12629
21789
264
9763
17487
11596
3874
19007
2327
23256
11617
21378
11743
28746
26905
14832
27209
8988
128
12758
2921
21244
28589
25793
25176
5542
2272
25380
4010
20102
11421
19274
17056
8433
14606
20841
6656
10768
1537
32482
32048
4285
23691
9957
16655
10484
3638
13298
17271
19568
1335
8585
23146
25467
9629
3962
22302
3130
7200
26991
618
7467
16948
781
21090
25989
26966
1963
26670
5723
14993
12127
31880
13238
4981
15797
29177
11065
1391
12227
8531
28652
4892
24689
6843
13965
1140
25405
17845
1638
17595
23641
21103
17427
31391
24731
15959
19453
15414
22072
13364
3310
27772
19952
32252
8109
7621
23506
21045
4704
5935
218
30362
1662
9568
17305
10559
30535
2898
6860
31395
1678
8082
20636
5921
17234
11691
32344
12163
29519
3932
3928
849
10331
9780
782
28539
12042
30155
29371
18491
17337
28744
29895
10112
27404
22159
16872
28022
12339
9294
9004
11814
27982
23676
18705
28137
23746
22677
12458
7512
23390
8606
7468
30088
32029
24522
26762
2577
24404
12509
25453
17504
14735
23044
21500
24490
19462
20272
8351
6630
28769
9885
31851
315
11063
18302
6783
3630
23816
13927
19652
6873
22175
9291
5345
18645
25413
9349
6899
15199
18382
4185
5555
30543
12652
20895
4906
23981
396
10008
27459
7628
25039
15521
23580
20965
22519
917
29012
4004
28933
5096
15262
17196
6872
988
19768
1760
13371
17220
1373
9038
12242
28762
24345
6948
26224
5664
29659
26892
12939
16551
3862
2562
6010
8018
1829
26599
20758
5203
18785
20805
28278
7937
31390
888
4098
5050
23737
9802
18002
5394
11245
23297
6115
10297
5003
8944
19862
13224
19684
1375
8517
26979
12518
18684
428
17874
14966
19949
32708
2420
7441
20921
25058
31546
5486
10277
30680
4557
14161
22592
27306
5974
12317
14224
32505
16331
3739
928
11699
3134
8063
31188
5530
25042
3541
32255
15082
20913
28264
6893
7661
17798
24207
26159
31948
25201
18622
9380
18302
12196
8295
25614
29532
9072
10314
2139
4947
15896
7682
6260
5240
17614
21017
27639
32425
7597
7164
22668
5157
28246
29047
28667
19664
21218
8008
2892
6017
18786
8473
23875
247
28568
27439
8423
462
5856
32486
4135
6151
7177
19382
6114
2274
20809
6108
30810
21836
5345
28738
5583
19025
19084
31691
27958
25152
22412
24781
31395
20291
3531
14518
2217
15651
31606
23960
1431
28678
8863
31522
9780
7372
19578
18645
22686
4715
6699
13124
11844
23082
6348
5591
2397
14192
28418
12126
6567
22512
28590
13704
8911
20392
10261
6789
14015
5862
24704
32567
16577
19766
29021
2554
6847
1476
4262
25925
23484
20394
24641
7713
14393
20614
883
51
4508
29225
12626
15970
15916
22841
18377
15341
1846
26814
22781
28374
229
31959
13282
21009
18221
23919
12006
758
15849
726
7547
20683
18133
12444
29467
6887
22142
23762
17812
27073
32639
687
29051
17541
16084
26830
8148
6770
18766
10946
6634
19100
25650
28057
16493
28488
4563
28725
17541
28922
4135
1019
8243
8982
26059
3381
9270
20519
16868
13081
4610
18374
26524
16426
8738
31772
17136
30489
2698
28732
23458
19032
11176
28933
28050
12839
24941
14394
6302
5513
18363
12260
20075
8831
379
5247
22902
25144
20793
22450
27030
5623
4594
2889
4661
14215
2164
30003
1593
12229
4733
30805
14522
11353
5564
25733
28949
30273
21264
19664
32382
691
17021
13149
21270
21897
15280
21931
853
18311
13256
30183
12062
11591
7599
9851
21484
23723
7268
15131
22115
31512
26370
31733
2141
14832
6767
6888
7451
20771
30516
25753
8292
11018
5502
9198
17783
12458
19567
19120
1085
10694
26167
3894
14086
32284
8311
18130
31853
27560
28409
20782
2815
1506
24312
17858
25242
17271
27682
19246
11546
14523
8017
4869
27789
18795
5496
30012
23318
31593
25846
26245
29204
7423
31751
21576
23835
24489
5542
8780
10068
16292
12695
19666
11227
6853
20861
8289
29247
1890
21782
27132
18810
16190
25000
5993
9203
6521
11157
26818
723
10498
10229
22300
1903
19436
821
12636
15625
15782
14973
27464
15842
29638
12286
24805
24035
675
11098
16911
6968
13830
13819
31275
21917
12421
32454
152
6612
3366
12627
14158
16489
4668
29251
5010
16043
32412
3012
26578
21687
2229
8965
30159
25320
5917
486
13528
4698
32696
30907
7206
24376
14455
3917
3290
16969
10982
8677
1680
8373
2920
3738
14573
13046
19007
24276
11147
15269
26691
29760
3495
4642
10863
26294
1847
4418
21279
18112
17159
24007
30130
15556
25452
24534
27045
16384
21458
24647
23821
28578
7377
7798
15319
29974
31080
4644
19820
14656
15160
15882
795
20222
17457
10609
7444
13999
1516
16597
8364
24219
485
13367
11127
18271
28459
26178
32135
30398
20641
3873
13119
2170
4440
2955
15617
16318
1756
9735
18166
26841
27597
8263
7784
22124
26200
28646
4577
3442
11837
7479
26083
8446
29736
21789
5095
4959
12901
2948
553
22333
9765
1321
916
8781
4033
11856
29073
26614
27948
3637
9537
10312
1139
207
5114
7670
20175
24424
7865
29718
5085
16140
8835
26053
30984
19508
30164
32730
31000
9329
2158
31793
8439
10109
1755
14772
3423
30736
25305
23979
31796
29428
29724
3501
29627
17710
28463
14077
6675
9743
1753
16794
20407
17133
14798
17163
16751
25886
1849
22188
21480
7850
4860
1967
28907
11184
27476
8321
8764
17913
10072
16271
32307
13888
580
5827
13806
16707
21700
25188
14969
16245
14425
12370
18192
30445
31961
22088
17906
2932
9799
8345
15848
19079
12999
18921
8552
29907
5122
25122
11554
17267
19412
20213
5830
13346
28952
13138
22334
5434
17653
27954
22742
19917
55
9026
1602
30798
17087
21964
26271
2750
32246
10805
9370
15255
23341
7518
14604
9949
11816
18780
25095
13619
30081
27937
28221
14431
14327
15100
9325
13996
8555
15924
20961
27216
14621
1763
18376
6296
17342
23633
7577
29512
27894
30852
24238
32379
27912
18933
30808
7090
14076
25300
20109
15697
14533
10906
12114
1269
22686
13614
9905
26401
9650
3020
5946
4913
22343
4818
6553
5470
23349
5446
20889
18991
9414
4917
13292
2914
8068
18071
9707
17166
27563
5478
6919
22416
5509
3113
29638
10420
6104
12749
16966
3455
4131
26526
16494
17155
13967
14730
22197
2146
12848
28607
27052
11352
23851
22539
28266
925
7075
16571
4932
10091
17950
12429
26377
18678
16043
1559
31569
4868
5479
24611
32181
31729
5299
26190
12100
27403
13751
21324
14790
3255
22427
7366
16269
8897
22401
23721
4917
4847
22963
3887
10344
9865
30546
25014
12865
4663
19544
22275
27922
27928
3114
13076
28852
1700
16481
4670
6930
604
24706
4719
27325
15517
16756
13176
9412
5785
8207
18882
4132
20049
32057
16628
30741
15891
22610
3968
4283
10564
17606
17180
19549
29244
11047
27318
31786
15999
5407
20103
16562
29125
11981
26307
952
13625
12190
7878
24113
31824
22125
10248
15688
1362
29526
8748
26461
11284
23840
15465
1192
23245
30297
7910
20332
14841
27822
18496
25670
22950
26298
1240
28316
7233
10041
6160
29918
9445
14058
17249
31564
10537
374
31198
16148
7437
24678
11988
30797
12933
12667
3865
21156
23817
3028
10375
32661
4610
20616
19622
2845
16311
23357
1196
5673
25155
3974
25915
22841
25616
14803
23706
5462
23010
2563
24863
18717
13116
1982
9430
25541
30879
15736
24545
23634
8743
19743
24319
13355
582
28320
7517
28679
3963
15837
27910
3120
29435
583
26008
31791
8508
17580
26745
3503
369
23687
31386
10727
5291
16106
17862
23608
4111
10510
4781
5259
2040
30848
13771
1169
8227
3149
27647
5802
32688
5332
17002
5447
4964
11155
498
8712
572
32634
29009
32022
24611
25647
10853
6066
29775
4442
28913
13558
25089
289
18005
26332
32292
7382
32506
5214
8923
8993
10783
10334
22597
556
639
14945
19322
12539
15575
24494
13181
12530
7235
9755
2199
24901
13789
28670
18264
11746
1265
5755
7044
29137
7135
19749
17628
24905
9490
6055
22710
31809
20000
27398
22638
9
26048
27519
18805
17838
13842
20505
25564
574
20838
21829
20847
11346
27369
24251
30821
30581
19443
7194
11557
28821
30946
4614
21648
4528
17099
27760
13744
6096
25427
20939
8386
20123
27917
8765
26617
14858
23850
16308
17254
23232
26819
303
19783
19698
7255
10789
13061
14322
8715
17638
24243
31456
1672
6172
161
31149
32731
18976
16308
10990
9790
12567
22264
5338
27972
20867
22954
21175
17852
28820
22463
25798
31881
20181
30880
25246
1719
20057
14265
25237
8825
11056
31824
21312
30353
4387
6353
18181
25109
22247
20420
18782
11963
17650
14795
21093
10379
20775
13908
13970
3770
31237
16484
24239
10136
5709
28971
6863
3635
3701
30564
2076
16845
25479
28389
15301
1502
10018
7186
6166
9475
18099
25903
27079
21667
9845
926
28997
11149
14540
12788
5754
15292
7465
19648
12762
6809
25715
6295
19049
507
11583
28959
16287
13870
6577
27482
21666
2868
945
14766
3073
14103
30254
23003
14469
7421
7387
12039
12091
20672
6666
331
24275
32545
24261
10599
15057
797
23964
16867
20128
5930
23684
18508
12187
13699
23962
22759
15238
10253
11994
25387
29935
28207
16616
15478
15988
15293
9287
28358
7079
3614
6173
21136
21835
21767
14996
19990
15381
2273
165
1198
22944
2655
31571
18837
20519
22665
17280
32630
14823
27680
4614
20293
27564
22800
31639
5643
28049
20141
6477
9701
1364
29561
11967
17314
29161
12926
7932
23147
31562
32130
7009
21102
16289
23206
3450
21338
13928
16008
9552
12275
453
17261
4248
24776
17259
25151
19244
11181
20777
6829
21552
10982
10227
31547
30448
4194
31542
6521
2411
6207
12747
11321
1334
22029
9557
17664
21929
4816
7324
21969
8392
18216
19873
1967
14004
27843
3682
26151
21700
21062
16166
7104
26382
32668
14426
1359
21029
10653
14554
15459
26946
23843
29414
30095
12279
22275
24884
11568
26531
8058
2286
30987
12524
27799
28689
1726
1802
15378
17102
32019
12606
745
17668
4473
4984
13648
23795
14814
6739
8542
29431
6639
22511
13319
3693
32163
13705
20082
2901
14351
10118
29412
7344
25983
9906
8583
1731
29209
22154
14816
4038
3657
18855
24222
7438
20251
18088
25340
5428
31826
25435
1399
11909
3842
24657
7196
271
28001
14786
12915
22737
16249
19373
31483
1651
12295
17830
28688
24820
11282
32256
20087
18875
18078
13462
9852
5122
26721
16533
6341
21267
11372
140
9955
615
9254
7429
8741
1157
5710
13968
15270
16424
30387
101
4660
4187
4392
15857
11067
30252
18643
795
20045
22156
26083
30136
30510
1103
30651
3589
20067
31723
21334
30507
17095
16217
12462
19739
4259
13813
17031
16343
5571
25489
11854
2635
22911
9974
16616
18687
9874
20134
7842
32592
16529
31826
29118
30383
9657
2873
15644
13318
21764
25195
3791
23544
6062
25454
29815
30801
22327
14745
10080
30093
18828
10143
12652
10790
5696
6849
5546
26898
18054
28815
10219
2286
12981
12465
7988
21153
20238
5077
23453
22685
1749
14178
3840
27747
29579
27050
4739
13592
28075
7710
15311
17529
17814
1113
24549
31258
24584
23130
2269
18205
5974
11758
19544
10870
28633
6560
3446
21162
19954
1770
24179
24421
12698
21654
32267
1147
5754
23383
4539
27448
4354
2359
23323
15272
14086
5717
21569
11759
15071
23832
32681
29185
10917
9783
29006
21155
16654
15593
8275
27653
2612
20286
6603
21901
6015
15966
32607
24639
12921
23017
19903
17483
4589
26259
24327
13432
10995
18802
18494
26190
10849
20911
2972
15149
29792
22348
16310
11330
9432
31997
17736
9748
17782
3298
25517
32721
6754
15314
30970
6707
17281
4615
2026
13836
4033
27062
2573
27838
8521
13609
17186
2631
9170
25913
6691
31335
16873
14562
12
3186
4177
31391
5422
30854
6485
16652
7162
21992
22011
31804
6401
31368
22469
19991
31564
22057
9992
3299
18101
29688
25478
19374
2784
28410
1686
28098
6905
29238
14484
6316
32352
31224
26259
27984
18780
20951
28582
30695
24703
30560
29642
4169
31166
16697
2860
17974
32618
22735
379
4040
12917
32696
8877
11410
4702
17156
26365
6221
16750
19513
10662
24505
24550
2419
19530
22538
18449
27337
5540
6154
31703
22921
18377
5128
22769
8275
5554
30495
5984
17617
31249
16221
13913
5507
12272
21773
7227
30538
11609
27097
23149
22128
2079
30752
16976
13437
13537
18627
17291
31165
15757
19958
25703
12707
7243
9719
28489
21106
5199
28362
15979
21972
5984
15015
13187
20796
7018
21814
27745
25166
30312
20050
10944
14658
31105
7272
16326
14673
15815
5045
4121
16355
18668
23692
19456
12129
1417
22483
28681
10881
1648
11214
16636
26685
17332
30572
31917
19297
7085
28382
24803
29799
6851
38
23318
8832
26464
21675
19397
2078
21203
6253
26114
18560
5791
30977
11107
29945
6229
19080
20110
15044
13974
21511
15698
12212
16076
13806
5091
6940
10644
2852
28039
23666
140
28495
6146
18189
27375
13413
21147
14636
11392
20930
16682
31672
28615
23044
22310
25196
16238
28261
10437
1005
9190
5057
18899
13977
4874
31699
7447
6697
23250
13438
29536
13567
2808
29645
31642
4461
25980
20672
16088
25485
13644
8225
13752
28753
23216
23215
14177
10889
10621
942
4362
13190
28421
27248
28934
8749
21424
1220
20571
17483
5203
24765
8880
10796
32580
10197
1080
6209
31849
12588
11144
14518
3854
5071
9933
15590
8999
12874
2823
6045
21966
2185
20960
14466
15152
15205
5636
30132
15699
28565
1069
32663
15298
10104
10149
23560
31355
16925
31460
12222
8088
31326
30929
19054
21551
10433
8571
23331
14791
9187
2091
22593
20315
23691
1132
15558
108
9710
19560
23062
17460
28314
13807
13875
20001
17115
24120
4645
31913
19987
29740
13946
4980
26256
29060
27454
6256
12129
19700
8692
18175
4590
14901
23130
16052
25302
4561
2127
13177
22653
27150
19697
17643
29171
6483
14756
5067
8654
1766
14475
29419
15337
30301
23894
26494
1260
7080
28481
16249
30077
9211
637
5061
21286
31737
17720
30939
17329
29400
11386
26122
7216
18784
26563
29322
30514
1626
31818
26382
26639
22844
20235
8339
30830
2355
3699
27699
19987
13752
23159
18672
22471
31460
25970
24803
5200
15288
32740
5467
29144
16494
7877
11965
20358
18973
11788
9696
18148
1596
1423
13373
12206
26831
14267
1192
14521
12729
11798
156
20085
801
343
31109
31471
11205
2609
11777
10680
30807
27699
20835
29619
7559
23213
30635
21398
14982
12085
24788
23835
2549
518
26643
9266
17360
24429
20164
23639
961
24503
16790
104
15211
18338
18343
23615
30895
28192
5987
7951
8600
10282
17473
30163
26329
758
24746
16725
13008
24750
9796
30829
23358
16773
20068
23783
30622
8306
25311
20865
12649
379
14505
17961
29806
4727
4345
4723
7553
20681
18195
8938
13918
30118
16153
6255
9820
23380
23993
23693
23829
24397
29347
13543
30598
24180
32672
3557
12500
21752
27574
17686
16057
32444
1435
22123
8432
15330
12710
1502
10294
19598
7100
23865
1352
55
9097
7638
23695
6570
12958
7339
11217
4243
25357
25617
20019
16117
1134
25750
7127
368
22389
26728
22405
27570
28489
25428
308
21810
14996
3789
25136
4462
18246
3561
11856
23675
10932
11291
26372
8132
32255
26817
30120
5893
10250
21319
31961
1624
5583
22075
3849
31402
7830
1754
31626
8304
8145
4345
24051
16513
21444
26664
24720
30938
30233
26776
975
5387
18204
481
29358
19095
15539
11863
901
31069
31737
17345
8028
7613
23232
12666
18187
12333
15084
16087
25742
25688
19916
32413
21677
10011
8000
29633
802
3087
20303
3692
24286
31618
4286
14789
30921
8604
18489
5437
25997
8052
15730
16144
15748
14988
13110
16892
24736
24691
21299
14999
9735
17882
28752
23284
29405
7644
24127
31867
7516
28733
6181
27670
30796
24565
1925
23353
3299
5776
4648
6184
11487
4927
15250
20180
15371
4866
24401
15427
14429
4097
3372
25607
12285
27506
27997
28977
15064
7523
26454
16851
27583
963
32359
4676
21822
16916
5323
4513
23671
1953
3195
20143
8897
13042
27914
19677
17274
20665
23124
18243
14491
9403
24461
30318
4057
11279
9042
4452
27447
20761
12892
19390
15906
25236
21805
6603
32511
15896
1069
2347
12744
15725
4630
58
17454
23031
14564
16429
657
16498
6568
22337
136
5928
23815
26909
9467
11233
7986
3753
26961
16120
7675
7037
29669
22223
5829
9573
20300
11814
30205
3069
11758
24225
32018
31342
7488
27524
4458
23360
2963
11037
18033
15021
22668
14964
6560
9623
9942
29793
8959
767
15651
19441
7721
3199
14771
25817
7145
25659
24351
25969
20337
30978
12881
7939
1217
22021
1336
13008
30317
30991
13372
26759
18999
27798
26735
32601
21633
23890
17991
5223
12025
23019
28403
16751
17213
7852
24303
13303
16635
16484
12011
10862
9726
25100
26088
20387
31628
3336
20017
15008
30010
3987
5558
22909
11028
30176
3849
11833
26206
19928
25082
13986
13188
17439
11888
23006
10855
11351
25667
21891
19746
23016
18577
24795
13584
30698
16942
732
22743
12829
18570
10039
9495
19706
31262
12868
1305
17903
8491
20585
3536
5615
1618
8693
24056
4099
25671
27397
22394
32035
31528
18348
9273
6903
31896
845
5139
32722
29603
6008
31618
23048
28857
8472
21815
24244
15618
4829
1998
11626
7292
1618
26854
22699
16561
14490
3374
14974
9209
359
14978
23165
5669
27124
17980
3475
5248
17506
9254
15121
21597
11613
7445
6995
31504
8221
31299
2813
21000
14137
12078
10768
30143
4148
30416
26046
14038
15873
13124
25079
31530
1639
4747
13772
84
2008
5651
24301
21759
25350
6763
3278
11939
32401
17221
28996
26987
22702
17989
17666
2555
7349
8474
8976
28310
13628
1322
30619
27134
8226
25216
19547
1239
23679
148
7
19712
25482
26876
24280
3799
19618
7468
26449
17863
21341
20190
7355
15025
9972
27922
31059
23458
29936
28209
17834
7499
18092
19443
21509
24713
10583
19929
27103
10720
2039
7581
18710
5984
3174
6360
17172
19699
2864
32047
23422
27379
5612
16602
1789
5656
29466
14333
23938
13285
16298
10184
19076
3639
15256
28764
4379
14591
17938
30698
14182
26934
1996
17842
24192
24262
30093
15843
17044
19553
2096
9863
17546
24852
10240
1819
24283
26419
4764
17009
12758
23126
28310
15564
26622
25978
28379
24695
19719
2252
17502
25189
20076
13434
11160
5701
10501
27150
32168
6308
2136
22419
12857
4898
27083
7533
12746
20343
7133
9225
17906
2328
30222
16951
20689
23713
13977
27459
8690
18372
16529
5684
18796
5916
18547
6155
25978
21191
16072
21073
3442
5919
21097
21960
3841
24127
25941
16616
821
26053
24822
25296
15407
14409
19828
22867
21952
13928
27275
4826
4225
25063
31703
26823
4984
2194
3819
24606
3357
22624
2308
3467
17554
28262
14598
15769
30783
135
32417
24996
1779
9509
9928
26908
11746
12367
30616
29714
24497
14543
20564
23878
24978
20416
2932
11230
32619
5091
8050
20063
16773
21942
26941
1484
1526
15292
12072
12572
1582
4873
8243
12997
13286
31771
16822
1185
12467
28406
24413
21460
20491
27581
17506
2535
30484
8863
23993
12882
12225
18
1724
17205
7658
3932
7879
3296
28586
31409
4934
27017
31398
21144
19499
6992
11641
28476
5048
8431
25966
11243
14073
12439
53
11836
1066
24249
917
26065
17494
20121
28606
12269
13241
1498
3730
10429
23009
14366
17908
19838
12204
10623
1279
28848
23026
26711
3654
16532
245
26327
13309
127
15038
8260
32021
11722
16055
3649
12821
12264
5268
26788
8932
28237
29243
981
6861
452
25861
7872
20890
22894
3066
22610
8664
17245
1146
1233
2921
8622
13614
14586
32627
15280
17785
2042
24027
13301
29315
19011
6488
11040
24559
28349
19660
20274
1649
13910
13000
23220
25871
4908
26806
19865
22157
24632
30139
24536
5644
7752
32652
10918
8720
8931
14995
2382
30394
24579
15095
20802
13683
7849
31043
20399
26686
28092
23920
21056
3449
8805
28437
3967
14262
23450
16530
6726
19918
8736
17831
1213
5248
15930
17471
340
18903
31930
18895
16928
30899
11635
32068
27645
18802
10932
30823
18315
17432
6117
25035
5865
10838
27143
3333
404
11270
4544
17830
25358
12737
8512
29943
16084
31418
28079
8182
8925
13326
6496
24519
9101
19833
17338
25817
8159
18318
3533
2753
23959
25880
5511
21675
4874
907
9168
20498
15740
31013
29478
24269
26471
23006
8765
13080
5538
2767
6379
21279
1182
12690
19370
16589
11229
10266
30588
8643
25951
7683
19619
32106
17605
32039
19445
9172
4849
5197
12515
10749
23805
22832
16955
31975
187
32266
27658
18441
25505
27652
1813
19488
14260
15012
23177
23876
13158
31985
25978
21281
528
1852
1608
20876
17726
20843
2754
26593
27420
25688
2276
30754
6111
17365
1271
19459
32629
20968
25361
4790
2159
18266
746
8866
29205
15622
15823
19898
24575
11879
6
11514
14603
7468
17757
22415
5187
23936
24073
24928
24995
29813
24570
10425
21266
31086
10968
13379
29920
4874
21635
6026
14937
7369
28562
30376
6015
14469
7689
31512
28724
25827
29302
5992
7321
13046
7124
19520
28436
25434
10834
23299
24618
12018
29932
2618
31958
6262
19772
17297
19014
30506
17368
11492
19165
23470
5996
13325
5325
23344
22982
18548
13218
16428
20198
22428
22071
17792
9190
6740
9814
30183
25973
355
31546
5345
24038
9717
7753
21103
32197
7392
3475
8767
11872
24847
14786
20622
30493
20891
13042
28980
1269
16627
10964
32134
11793
2533
22070
30751
21605
13638
25546
31800
19804
25061
24673
23941
29558
10676
26108
2561
20407
20944
14591
19887
27894
7231
11804
17268
30994
22440
27185
26149
23701
6808
1434
17569
28685
15478
8992
15832
19609
22629
7852
20002
23297
18743
12066
31479
10032
8511
31374
32640
18944
15438
13314
7580
1749
1345
12837
32485
8143
5896
3081
25471
16407
32691
26168
16519
24952
6932
17613
9685
22757
2207
11814
15736
23466
29044
6426
5543
19012
28404
18463
18902
26042
27622
12266
28765
22910
27600
3372
19225
318
1726
19981
3889
12993
22075
18434
17860
12202
31800
31217
9640
30932
17089
5626
24692
10062
23139
16449
13549
24731
9278
31273
3568
17766
13204
4571
203
18860
27442
28605
20090
6808
19125
14660
14399
27363
12250
15473
2822
2534
20241
6444
4064
18232
17065
4911
20248
31830
25942
4166
24846
9479
7475
14668
5769
30664
19034
2632
2110
26800
19737
13447
5192
26351
5654
28866
13069
28079
26051
20245
426
7326
17
23392
16909
12414
14415
29015
31690
28717
18457
24922
23828
5869
27417
2885
27375
8726
6293
26925
18981
19182
24493
3211
20128
6819
31319
10300
19773
9706
8225
13217
21465
26580
14696
18923
8581
278
23901
10807
16709
20656
21034
7976
27785
17593
30662
2263
18436
6692
17003
23527
18187
13612
11697
10166
17741
22315
28279
6753
17953
16006
10034
22611
1235
18497
1924
32495
11739
4073
2471
1651
18415
7203
25899
1435
17410
25877
7363
12032
14271
7007
8856
16110
12519
24484
7039
5672
24692
21818
9044
14398
6607
8727
1307
32310
9490
5898
27805
19548
6663
16765
25079
7695
11090
10055
25005
31399
28721
4493
13395
20859
15883
2370
3533
14819
31943
6339
7790
9608
12773
879
27726
852
23530
687
30602
22807
20680
2409
19160
28786
23865
20512
25971
20805
27892
19405
27880
2121
1321
4875
31519
10873
12575
8576
23179
23665
23572
1593
6778
9867
13908
20328
26636
24562
23404
28547
11429
18483
29121
4102
32270
3254
208
5575
32492
6257
7872
20259
2583
24196
23213
19919
13814
22090
29508
7343
3865
27149
21904
24799
27641
3555
11752
19009
28893
25295
13564
3111
2684
31974
9676
12553
4466
24409
32754
20723
7385
32495
4223
18811
15670
23144
18058
10636
2424
29044
31366
22860
517
589
21232
20256
6447
4352
2605
9522
12738
3868
1496
18163
5667
7666
29747
24532
9192
6251
23925
27792
23636
18471
5456
25452
25637
15597
3234
30533
18699
23475
7919
15817
3845
10837
30940
31551
27870
25541
1881
31579
6905
21169
14719
20710
15579
14680
19951
21771
9089
21181
19119
16853
28018
21322
16175
8793
10448
31304
3682
22127
19379
28797
11267
25533
15159
3841
4437
26430
27501
15160
20063
1278
24117
24032
16308
27021
20181
19901
29460
7666
7195
9745
14010
8424
22672
10799
11441
12939
8054
3746
14926
24467
20475
3217
6313
18585
21594
11793
2953
23956
9260
8180
32741
10051
9823
5132
12254
22658
4061
29738
21909
16368
6984
19089
17856
31332
17680
9301
28117
2593
6621
6253
1567
17269
24996
2586
847
32043
3792
27688
20395
5826
26362
27663
23677
4369
23596
22667
18197
10686
16549
20965
30414
6072
21144
19570
8467
8762
7343
8099
16684
17444
29677
31642
21545
29364
30352
18887
11458
1071
10177
20206
17319
8195
24653
5448
1054
6835
14167
3629
11899
2261
13610
31528
10605
26395
7243
20565
27335
19891
19988
10505
29300
22839
10547
19598
12591
25729
14332
5842
25337
19438
28948
12300
5342
16435
26433
27294
16241
20574
32150
16772
5921
16785
25473
11358
7864
244
17119
11374
4212
11645
22470
4278
4509
4566
3147
17810
31431
9872
3364
15290
11911
11191
27790
11542
24436
11214
11217
4186
3244
19231
15682
9762
31376
9547
11995
25135
1272
17669
27332
32549
914
12615
17054
31950
22386
14893
22132
16837
20623
1825
6772
29246
2394
13977
20352
24523
8973
31965
4038
884
8111
6909
27134
17572
7212
4132
20840
11174
15338
1135
25663
7006
25600
486
28275
6603
29300
9694
9438
32086
3108
9974
853
18056
10255
22750
30577
19437
10766
18013
11667
6950
28262
10908
1020
31124
25901
1445
22087
23575
13468
30723
4408
212
25235
26804
13286
16935
7467
11260
12006
27486
23336
6839
25021
23711
10765
4289
450
19383
960
25865
30579
4753
5441
22935
26288
10523
5884
11952
13459
27356
20792
25355
11901
29672
29287
27303
21781
4625
18040
5713
11886
25286
27654
12601
19813
406
26564
23506
27502
32484
8686
26871
2228
6660
10310
5939
12735
8441
31366
1560
30210
12455
23393
16431
9078
24524
10821
26919
19050
29672
24282
23509
897
21861
30899
25513
8321
19984
28539
16799
14731
16042
25977
3000
32184
27286
22913
19491
6668
9490
28063
18414
24424
17910
488
2061
5778
8178
7923
15632
12778
18690
15295
7895
21942
24011
26572
1195
21690
16986
32348
14739
22726
11070
24344
22684
13050
14656
28979
24614
26908
22351
10937
10420
32299
1509
25743
27240
23359
22678
2755
23633
10240
1137
6202
22030
2464
22052
20077
32041
17067
6778
19212
3093
6974
3559
13609
24094
30670
7428
4555
11157
30126
4512
13097
28759
14765
25192
5212
9316
7544
25143
11963
28079
11634
17928
3976
16440
3299
5103
26537
17012
22095
18607
16931
4795
22427
8173
15504
3233
23807
4571
21677
25373
12450
12169
22241
12149
20
7333
27271
17779
23301
5889
6033
2481
8878
12489
3479
10900
22474
8732
6390
31066
14180
24139
21007
9217
1399
21265
23175
22222
19714
12420
22131
11335
20917
29535
2236
23695
11470
27583
3068
6240
1085
7783
18052
16481
15690
18799
7718
11082
5653
14971
30571
31984
19656
24521
3824
12830
17112
21414
20450
25661
28710
5791
28541
16604
25821
27116
1912
5234
14272
5052
23989
17820
3589
9616
25454
6826
14136
17855
21669
10923
31276
30028
17491
28829
18020
25276
16777
21710
31649
24106
27567
13993
11130
26552
22135
4772
25930
