2184
12357
30510
23832
11306
25010
11425
29969
15233
9129
7625
19291
4154
5123
1777
12411
11138
23716
28624
9904
29501
20062
6636
28118
10088
23681
2954
12363
8511
18107
32655
23055
4288
31106
883
9505
30562
27080
27780
21672
5068
15557
1700
11184
28278
24535
9074
3750
1937
27281
8300
2887
18393
7125
21449
25317
17809
11855
6667
9951
26209
860
16741
2713
16805
14948
17114
16157
18493
6161
12722
10882
14459
11547
9494
31528
27325
12888
5092
9575
17088
28158
19238
31741
21885
18049
12539
26023
16404
1499
3951
19003
14945
24599
14953
15244
18229
16422
5362
10852
26060
29552
18365
3156
7713
7346
9580
5546
9568
596
5017
28655
29428
22878
16109
6718
5109
5053
2094
8619
32001
30257
3318
20579
7626
25212
6415
32457
26755
22784
15096
6659
24620
28497
17511
28591
22840
1627
451
31998
9061
3128
2416
6996
30333
11930
17675
3880
10485
22254
4886
11074
28805
12061
2819
30500
21741
5635
19579
13668
18565
266
15464
16451
17646
447
28827
29049
27282
15693
8744
13423
9211
11628
23831
8255
4183
9607
23628
2642
74
7300
9542
23059
24398
7633
26999
13047
8575
2400
18157
11174
23188
26549
7489
23099
16230
22299
7061
16202
5513
18143
26178
2078
13157
8428
28087
27841
3675
28257
24663
21900
4069
26575
9366
27449
20772
12095
6533
12151
7722
15566
2446
20082
10839
15907
6507
7346
3854
5550
29191
12630
32705
17176
2703
22401
25660
21392
23301
31561
9683
32308
30289
16231
17122
21701
30301
19706
8472
996
16989
11869
15583
30430
28176
3542
30984
30217
16385
4140
15386
11845
27221
7196
3640
28128
29902
9454
26191
20868
14717
21708
11392
8307
27884
26885
30240
17197
9585
5214
25398
6589
4290
17575
11658
19867
21345
2881
19830
25484
31686
4769
27618
11462
19867
30036
30838
31361
9810
28930
13599
14828
4645
20639
17040
7692
24962
6952
2877
29427
21557
32
18069
10889
26413
2858
20807
573
19834
14036
21618
16370
14781
31534
14783
15561
26570
2347
30749
27939
6200
16446
11770
31450
6255
9961
9410
24580
22149
205
6970
20409
16785
18561
19080
21588
18062
8664
20518
20883
10472
1298
12171
2354
10575
18948
24468
20330
26939
19965
21884
25202
25032
16883
17720
28950
18944
25955
24338
24239
19841
1025
4586
3959
31163
17271
5833
22295
26784
27722
20247
10250
14832
25205
15594
24012
14545
13111
9256
14847
27883
15280
10986
28907
14479
21935
29888
4330
28273
8206
19330
10998
25474
18722
7922
29708
1387
17681
15926
2468
21183
18784
22842
7213
32589
25825
20
21905
12642
30729
23007
30533
20244
30917
4512
24517
11733
6897
20442
22395
32159
24593
31031
20394
15911
28203
15703
14024
19634
6208
22642
6146
4442
6758
21741
13057
22463
7538
10463
2043
15006
10738
9246
31338
30086
17243
27686
6477
21535
31590
21468
1777
23945
30488
19029
12518
8190
22422
26657
26824
32556
23009
24234
11556
17331
13738
2849
24059
23622
21027
27697
14073
8725
21906
4983
14335
13456
26038
6068
19098
835
668
26827
32406
11906
8064
31618
5504
26990
16317
32645
13199
9924
21196
27045
1218
27196
11197
5736
15736
28768
10393
20562
1090
28916
5943
24774
21283
5620
24586
2080
25528
15646
2573
30915
18251
7488
24462
16231
15617
14466
7893
22192
25676
8485
17763
2200
20274
14706
522
6747
301
32145
715
24038
24177
108
20124
9220
4899
17530
31811
9883
30131
24025
29832
9522
16230
2527
7136
11195
29641
3718
32314
29585
1766
2590
11731
10822
19374
13379
28860
28326
25527
18018
16250
6161
969
7595
2180
22748
8965
1821
237
14292
28482
19669
1661
24433
20870
26031
1279
28630
27529
24785
24212
1773
31545
27273
6465
14621
32639
19503
30733
27248
12310
20515
2798
12418
8185
6273
15007
11273
30184
21706
1623
15419
1644
4473
30159
7408
14227
26890
15763
9799
12228
19575
25566
4347
8238
7910
20238
29076
7962
15498
20277
11825
14571
18335
16671
7748
14053
11910
3954
6004
3874
22136
7413
15771
26002
30904
30984
2701
9919
462
28692
32751
23980
3359
8667
14496
25202
32007
10839
28860
25957
18030
9305
24931
12147
19953
17770
4943
19530
25931
22175
12987
1703
13173
13520
30981
2046
1296
15913
3025
6988
3295
165
27517
28595
4814
1201
234
30781
25494
32498
17767
15728
28381
8056
10196
5737
32632
32576
15312
11575
22169
7745
13982
7360
12814
11884
23433
17228
16838
26647
19800
8224
13432
26834
31548
19935
6635
26627
12600
20120
20971
27455
9993
31677
1177
32456
16834
10142
23884
149
18247
6820
14372
19794
1775
7309
6210
2577
20781
13612
25189
31681
7139
10281
24458
17501
10565
24908
1270
20619
23109
8674
27670
22188
13337
17159
7953
24949
18367
16368
11205
11025
28140
26269
22775
32166
2620
26091
30222
1856
16578
18761
26857
12872
7916
4705
11732
17173
21396
13251
32251
17970
16281
31231
13182
14280
27171
25641
21037
18155
31980
20449
10976
16063
10099
27276
14447
5927
9912
10734
14999
28123
7688
19498
5998
26754
726
14247
14967
257
21972
21217
28649
23062
10676
14626
488
19520
21067
24611
20771
812
9362
25113
27371
30275
15025
8476
14399
17680
3710
4083
21630
24228
4262
4896
11204
17555
27649
2197
5782
843
14524
11428
5131
1424
9826
3376
7431
27881
25473
1821
17723
13305
5419
9521
5023
20468
11249
20450
18610
7959
17460
19785
16231
21434
30050
9625
4274
23780
9690
13631
23268
15272
3341
3191
3168
9802
10347
31482
10213
32374
6663
18196
1130
4414
10511
24632
464
5527
32027
10846
8170
31940
21423
12020
14597
20591
20481
19196
12168
16432
504
25093
21637
16681
17236
16941
17438
1869
16648
606
4587
31261
29678
30115
23375
988
24773
13739
10944
9874
21513
12619
3804
12949
23574
15484
19403
3460
31707
6279
6568
20529
32458
26789
12779
3692
24408
23366
23003
8467
18132
5895
25660
31636
30327
4376
18812
723
31692
10333
896
23017
11763
31792
15458
4250
20689
26695
8870
10071
3511
22918
205
24225
21456
10600
1838
24519
9285
16407
6563
26297
25104
24786
5249
27564
29693
17850
19283
9953
27978
10843
26872
8392
19522
29044
8579
22625
25640
10457
23202
15656
13976
20852
24272
6815
25202
15653
5776
30419
10420
27518
4170
20211
29025
12276
30529
29332
29501
19622
25675
5712
22580
31645
31448
26513
23140
11622
5355
31056
21986
5609
29390
11413
14308
18401
14442
21741
16108
10436
4577
29595
17014
27823
16393
15307
495
31863
24401
8518
28662
24013
8520
5119
20248
19290
3471
3870
13233
7493
20386
14171
19384
1321
10114
23240
10182
27718
25252
9895
5751
25161
27275
16238
28098
7366
17600
26086
17515
11588
21776
32430
25763
10798
29128
4863
21199
25736
16745
408
21585
16231
23067
21124
19584
3573
5039
31112
9331
19567
16519
6230
18110
15676
29970
28443
20206
3253
9746
18904
4091
26323
5853
23430
26762
31798
22591
16588
3296
23075
13675
11430
32174
11489
7814
18487
11482
21122
1744
26209
21448
14720
14180
26299
11000
30929
18877
9155
210
7325
25241
26774
3705
17058
537
26323
22820
9504
26495
10603
16372
9298
27441
1040
18307
16445
11721
13826
6374
6706
29865
6455
18241
23516
22423
27299
22997
17437
29551
13666
30251
32554
13673
14364
11284
22261
3407
5566
27127
31330
29244
15388
19717
965
11537
23521
5541
3863
9283
21518
15357
579
13692
31918
25799
17845
32678
17741
12235
682
29208
11465
20476
9502
28811
30976
23308
22254
6256
26111
24592
3356
1428
10122
26335
24908
28
22693
17535
12717
5284
11440
16582
7251
32480
11778
14325
17804
5397
399
25971
15444
477
24868
10516
23167
13994
22651
11013
24729
5951
6685
25560
11965
13939
12470
7267
27110
3595
26914
5225
31010
32022
19862
1946
18591
5628
7883
23701
3937
13006
4808
3123
5360
14127
11685
12728
4062
32674
11163
9655
2044
21778
20508
11879
639
25155
27352
57
28547
32184
31067
16423
28876
9913
1608
16688
20049
27530
23186
5824
10451
18298
432
17422
27790
5247
5817
14722
24418
28541
9503
31620
3674
10222
4427
19920
5488
12713
27052
19991
9161
14825
31397
23645
29686
16521
17943
20366
9451
9982
1774
25240
31476
12928
27326
4853
12096
31700
7007
27165
9447
29574
14354
5107
7830
18735
21446
19087
20967
10261
32589
2324
26187
7548
26838
27359
964
21292
6502
3962
14338
10485
30365
3859
25130
4350
32234
4499
26406
25578
27972
15908
29565
4994
20057
8849
17127
9866
4491
25394
2956
56
27255
8408
25577
18043
23283
21854
9099
10076
15135
10581
14552
3407
18401
19789
19987
10756
7767
28162
13052
28775
2783
10116
3412
12296
16120
4835
7530
6529
2630
26614
32428
613
30993
6330
2531
27482
32708
3812
10740
21121
18905
20061
31249
9330
15082
21762
31412
5161
11954
21567
29435
10016
22723
4792
27510
9959
2592
11158
12562
32208
11148
28215
12502
22364
7588
29193
4810
24948
32303
5191
14837
2948
30955
511
16661
10803
3624
27241
7311
8965
8189
25164
12174
4122
29363
13176
10527
27125
7746
16400
14241
12505
14458
3918
7596
5331
2526
3011
1023
29500
16197
4057
6392
8721
31294
10781
1674
12028
14560
9422
6887
11569
27917
2706
3324
15551
21667
4043
10262
9634
8187
2527
20408
13100
7098
5157
5178
24217
15862
15787
27511
4090
21801
13328
16112
7208
18546
24890
8201
11654
27385
590
1062
26840
8771
4937
9777
2703
27140
31262
30940
17789
17180
22737
4860
4624
11197
20701
4198
17941
26168
7594
3870
22351
27140
21971
25455
5622
29303
24130
27111
5756
31885
14455
6659
10903
22907
21477
11875
27402
15045
1120
19502
10275
5809
23200
16006
21900
773
146
10415
71
17754
530
16659
25876
22692
965
3987
22826
23507
11175
11414
24338
24378
21988
2223
11256
29846
1162
31529
8755
3645
2145
948
27269
1632
10292
31766
16174
5678
1467
32279
10862
17290
9039
10108
12882
21895
14424
4738
13167
29865
31961
6994
1860
31284
5994
335
19351
2080
3074
15565
563
11075
25575
12141
20175
18930
1372
6608
30353
23001
5661
31911
2763
13351
21382
4938
21016
11256
16842
16921
21484
23293
24071
18377
9603
10823
6027
23209
30879
8531
12047
21846
5118
6249
687
20373
11219
27298
7461
30414
25948
18303
30392
14709
13899
30696
3347
18532
10965
17218
14127
20617
1613
26921
28206
18602
22144
31924
4311
15003
31447
24489
32642
2300
13882
1417
12202
24299
20660
28433
300
8878
4718
15420
17686
6373
15710
10927
32178
26431
32489
25119
985
17133
1560
20455
22329
17762
1334
23774
13535
13370
27729
32025
1276
29921
499
29444
32521
19395
24488
27034
6945
14181
23793
4222
1668
7858
16493
7890
8897
22649
10267
3706
6790
31592
27756
16667
2161
23856
24270
26559
428
16808
22752
10882
18409
8523
6860
19799
10122
16137
11324
19033
21903
12392
1303
31736
12054
11417
26597
26912
11679
14399
7928
14788
7585
22495
22552
12040
22525
29867
21956
26356
13858
3163
1398
30996
1643
12085
8959
24483
27989
31840
25760
21457
1977
18447
17670
26373
13194
26479
24168
13040
20
21684
23154
26450
21592
8882
26149
25208
24495
21399
12014
32296
16746
6281
12280
31517
26114
28999
31312
18358
26157
9953
20822
2055
6009
4362
16490
28277
2090
10342
27997
28749
7366
16272
10813
23140
5708
17743
32632
26750
10549
29977
7268
29096
20224
14893
31663
18084
3216
25373
28967
17635
9420
26977
1581
27394
21806
3921
20182
8780
18570
31763
5548
25026
8394
29187
21189
20622
16003
5461
29848
30456
9844
17259
3771
6915
10906
8753
20041
12281
15578
28748
10676
246
14232
21310
11028
945
3818
542
13071
10995
27595
12981
5489
6800
13873
9507
13943
26948
14058
27241
9689
16449
3058
22087
7080
21570
30760
1555
21713
16227
5296
7637
14369
10598
30325
8895
32656
7160
21849
15994
6134
10062
14834
27125
12055
24444
17893
20915
20704
3337
32491
26047
16811
7244
3623
13713
29729
20021
10536
16521
22999
21971
11005
4300
25433
2548
1317
17028
16120
7478
13969
29790
29237
394
18208
6517
16693
8961
6795
27501
8002
5045
17460
4086
25447
21900
23753
4927
26457
3411
4942
27772
28866
4925
11814
19662
18063
1185
21091
2658
20568
14207
24353
24755
4736
138
12637
17459
25116
31354
2659
3615
14568
3724
10364
2662
9496
24287
3096
29231
16492
29067
7779
23923
19161
25112
27902
27111
23389
2302
18303
20523
24790
21971
6613
30781
19053
10408
13193
5205
14165
11361
19068
13600
12639
15805
10288
24146
13736
10154
5484
21376
27571
12553
12239
26750
31785
11936
7771
9793
3845
21825
13661
4309
26532
7022
30524
31920
14545
16130
410
4621
19507
28752
3514
27757
24261
24690
9925
28728
4310
23176
20703
1040
3791
9326
29921
16236
25537
17942
12986
17682
5498
6376
4841
32389
3585
28339
15797
14385
31470
1681
23643
1341
23911
14562
31652
26553
25817
7964
16284
1829
21866
16693
149
16083
22869
7410
12989
914
2928
25149
1067
21416
11921
31946
18163
20968
12480
28032
9779
17521
18119
17680
17063
26458
3684
20013
13135
25732
27784
25708
13478
5421
26652
12201
20766
795
6110
11352
18430
24411
27921
18625
2511
26932
5526
15453
4118
13633
18274
17915
32139
28507
4980
2342
32021
10710
14436
15893
28064
8482
27997
22878
3794
16074
11118
26073
8606
24635
9096
29925
18095
29477
12875
13245
24807
6585
20326
28285
23117
31781
5810
18657
25944
8642
26900
28527
14843
24335
28377
27605
22865
15182
14349
30036
14832
15186
14950
27613
32272
13526
988
12614
30070
25742
22862
1816
6331
4466
8220
15174
30392
1467
26281
31015
13675
4621
9676
19936
31572
18303
12423
14282
13748
27569
24116
855
15183
29311
9857
13695
12789
13971
22114
18393
25704
27379
8079
25854
8036
30562
8495
13426
8605
32684
13598
4454
18159
441
28538
1946
21677
28356
6812
8088
20863
24335
19628
28140
21781
15246
2188
30070
4468
27002
15380
4831
31418
26866
30301
31746
6821
10580
22561
19576
27145
26112
1428
30318
18601
11682
32554
10666
17103
8370
5317
12745
19434
17940
11599
705
28240
25134
6486
12557
461
27204
2203
19465
8037
23836
16839
24132
18392
32330
3572
13821
6738
31273
2446
24995
28595
24307
10810
20115
9994
10561
27513
18055
13942
2237
23536
3079
7560
18823
12782
26439
8085
7274
15145
15619
17696
30308
28481
29227
29933
24319
16347
12874
9588
27162
8762
17998
12757
10325
12049
14225
3367
14613
7622
29697
23330
14335
2536
31739
7909
19889
30374
13566
16266
23020
13679
19038
22434
21026
25520
2928
1933
16928
15419
13700
16255
15393
9978
4264
27086
2733
5087
15265
8239
23519
12252
199
12878
25763
19853
4154
6655
5833
26022
4972
22056
2356
9454
16474
28664
15731
26021
21060
518
12257
16160
2058
6884
20265
12880
10093
17811
13451
18350
1732
11460
27873
923
30146
29596
26963
16370
6930
12585
19530
29864
15896
2411
1465
8808
25687
712
19441
18341
26230
2069
29766
16751
13352
9138
8891
5854
14810
6160
6244
6977
9959
3541
23242
27434
21833
18846
25751
25765
16641
14051
769
10382
13541
28993
31146
17917
29670
27186
12195
29408
32358
17476
15255
9346
11013
10466
27395
28731
2713
5111
4678
9032
24915
21862
22790
13396
31863
23396
27040
22712
474
2022
18907
31512
26965
24993
16751
1264
10681
16229
27121
19298
21269
21375
15494
31569
25964
6758
25690
28384
3022
9939
8266
17422
4898
1532
26402
2504
1795
14251
25922
14758
20205
25335
21124
3986
10553
3649
15599
6759
6092
1549
8175
25779
9763
32217
26480
23852
12309
10299
7998
31762
10639
9182
31848
10179
14499
28211
15354
17288
7574
4591
6940
3561
31759
3595
19419
32705
9854
23653
17150
14625
22590
9444
27424
16087
18613
1100
21162
1922
19241
32252
3310
6937
11776
30677
16479
17207
7636
12205
21380
676
8224
29374
13917
25744
19335
19061
21556
29814
11719
29267
30707
24532
4187
27149
12362
16124
14560
16600
4090
15058
12574
19753
22739
6765
26452
16719
27683
15132
30183
30252
1196
9953
7430
6557
10614
32361
5070
9070
25533
10661
2649
32074
9941
3992
2878
4777
17520
28401
23899
5788
18776
13732
25948
928
26165
29587
29748
26800
4460
22351
14274
2616
27826
29168
30448
13419
15785
31569
8221
2964
22832
18091
14367
9435
19388
4929
10177
24516
8720
7990
26251
6488
15472
18024
17020
25902
31098
15042
26903
23665
24990
30884
17732
8988
32528
12064
13128
19931
24039
266
27716
6435
31229
18424
31428
25318
3178
30742
30108
21820
17382
18724
10433
8303
24880
30958
22952
18171
21788
4475
10930
17415
1446
3990
2397
164
12876
12669
4706
2589
22494
16696
23362
11748
3221
15793
11256
2557
16434
5238
26028
24978
15080
2012
6539
16799
5581
8817
28705
2143
17490
761
18733
7139
14200
9790
5072
30193
4376
19712
14675
3807
5575
21324
14079
3086
12622
32
26799
16489
22145
8197
16207
6193
28326
19635
30921
13741
10983
22702
18855
14581
7775
27354
23877
15821
3216
5157
1798
8529
9971
5855
27934
4626
1804
23858
5086
17057
14365
1201
26578
14674
7799
2650
2491
12230
3817
32481
7125
12642
13328
31305
29810
31097
23041
1109
6511
30808
21832
27168
30916
19940
3959
18937
32414
12215
29802
14422
3923
23185
8375
15684
3597
29371
13049
13450
21493
24248
19261
25201
19018
5477
3720
23069
9233
6697
6271
331
12593
4670
16538
10949
9178
25392
10931
4644
30760
9619
14937
13994
7012
19325
9739
19104
23476
1312
3282
24237
29678
17439
18630
22493
23906
17181
7985
1640
4319
5020
15605
1509
1071
12497
26570
25439
4970
29436
12526
12155
32603
18590
8285
19160
13276
19802
31546
21835
5162
21055
21023
4563
18835
18576
19369
8183
7042
28526
16518
16184
26248
9837
12616
13165
5956
27604
17801
5760
16458
8074
24697
11768
10206
6951
27080
13886
23731
16391
3071
14552
28383
25564
21549
4579
29640
10535
4773
29234
4836
19312
27845
27591
23356
20447
16703
9451
30865
19046
25316
28423
5845
480
18936
25312
24455
5598
1835
19742
23002
12664
4212
13467
25252
18091
5966
25819
7462
30401
22474
13289
30493
12565
8188
12965
20704
16862
12628
2357
23711
1036
26402
15335
800
23809
26793
9603
27993
3914
27810
26767
19342
24099
26550
9372
5329
20833
325
14918
14598
31748
28515
22205
1689
24720
11430
2087
16146
28678
8158
24258
28991
21841
8489
9719
3212
27689
20037
21877
7917
5853
11929
16393
917
1646
20562
18612
31552
3674
29301
29652
7643
857
9528
4533
2898
650
10127
14890
11080
30822
1308
20156
24625
3386
18732
10309
17511
7982
13204
6647
26150
17684
18957
10672
32387
25106
16250
12326
31129
1891
23562
21674
18717
26751
6526
27534
31407
20310
1513
21209
128
4986
7135
22390
30014
5349
10728
27718
20563
10855
12787
32679
18292
22318
27828
4956
21359
7232
17331
14631
6456
22273
29592
31945
6778
16566
1434
20809
9654
4927
15244
19261
1387
30733
27863
12436
9359
4341
12206
10492
2773
8065
21188
6819
4928
29947
25430
30584
15554
19583
25712
10617
23795
9848
22824
5242
18649
17579
8560
26479
24430
5178
1008
27697
26140
17518
7057
18405
32194
9501
17013
32517
2545
25201
16119
7829
7990
24280
5090
26865
14656
16112
13804
7142
5082
7860
3380
19437
25234
9505
15784
8370
22903
23600
26279
13721
21634
4401
5960
8547
526
21162
21052
25199
5321
4413
19520
10365
7770
17189
15276
25857
18730
9495
10450
17762
14107
2218
8399
2377
17608
10280
17701
17078
16075
6426
16450
1787
10407
25367
29011
19650
5397
3982
14490
7969
28428
15329
23180
22221
21242
26707
6514
3502
21377
22519
22997
12007
21987
26813
8865
5223
2758
12248
31737
15558
25799
26705
22002
19519
2863
6265
28016
19542
12776
25815
8168
16557
30583
5135
27833
15067
10074
21107
7615
12505
7248
8309
26557
9435
29094
26802
20540
13318
8129
8667
13196
11008
8320
27482
15938
27358
8826
26247
4412
124
13724
18015
7047
20427
13976
21314
19420
10139
32225
28763
29131
18746
5300
1247
17281
26516
22283
17869
11924
25493
2022
16897
29124
19369
25259
6432
1242
22656
21544
11298
30567
31753
13854
6099
12337
16853
11962
24875
26505
25800
17120
3927
516
17989
18082
9003
28028
29035
23890
17751
26340
25008
6764
31566
26668
9190
10962
14034
2818
2327
3329
3229
10082
22006
19104
28922
25057
18082
8393
10592
8491
2136
12048
21635
12132
21603
23786
14952
20789
31913
7432
14358
27045
4510
10353
5969
10341
31868
11270
19608
30100
29465
4557
31222
10665
21182
19328
9215
9710
29543
5883
26732
19799
26152
13405
27315
12069
18728
24165
19204
23805
592
5314
21993
25227
20783
13943
15709
17122
20553
4778
29920
11914
26829
17259
4555
12938
29441
12667
8550
12654
13500
20720
26155
31570
23092
14584
907
18339
32670
18937
21031
24834
24239
20612
30535
13606
22557
10788
8745
22639
13848
25982
18025
11019
12729
15293
32224
10430
23305
32263
24533
11211
7662
8811
27693
4858
4681
30366
15334
2240
28812
11262
31039
13553
2433
23742
30596
10345
23252
7735
21615
20337
10791
17990
23342
15234
27069
10340
16591
32031
11871
14237
10314
29717
23683
12323
21807
28552
30763
19307
6563
20995
7718
27797
4146
9678
9436
16531
13020
10698
2109
24410
1288
19950
7025
14817
10070
19501
7004
19095
28300
7821
10272
5931
3217
17921
8587
23448
5499
12342
21034
32661
6568
24149
19398
5446
1730
14987
17951
13233
2790
23423
15742
30507
17514
1511
1009
32370
10362
20403
25611
24649
8659
10647
11029
3304
31733
14157
29405
14617
3111
18311
24676
1983
22697
8703
15398
12352
23944
2718
32011
24825
2553
23875
11381
31245
14123
7120
31644
27821
28638
532
6179
20960
9264
10606
8702
29865
12922
28158
6982
28708
1424
16070
1274
20978
3460
7591
16222
5088
32217
608
31212
21092
17526
19553
28371
32646
25603
27264
8992
13022
26724
2112
16940
15486
23391
10739
7608
1199
15662
177
10701
17554
14783
19948
20422
16698
16101
31454
12070
6080
20601
8325
2627
19859
14971
14632
5512
6522
29182
32687
28940
9753
27549
12463
24229
3087
30731
32017
1480
7205
10687
22541
19991
7255
26460
18101
31108
2760
16710
25364
3547
28179
1262
1176
21827
26626
15529
20624
5537
1578
27039
24836
13603
27319
4205
21348
26393
21847
15040
32436
21493
10046
28988
7409
21742
20855
3789
9808
22057
3871
32310
10256
12860
28309
13400
14379
10401
19411
56
24925
26293
23955
14381
6309
27410
12685
27626
4064
6824
2198
21455
23398
2077
25909
17664
21465
21496
16026
26279
17899
28901
9288
24471
31255
432
30881
27988
9537
15178
31473
11903
28796
11240
9106
14737
29458
3225
28719
23452
15634
13435
14670
25172
17478
7468
14994
27236
15898
28888
7117
15439
12258
32176
29508
1515
10567
24122
22484
26318
3987
15100
14850
26489
19327
32038
15100
540
19683
17239
7164
10007
23876
26059
16034
4783
4653
21153
13683
23679
10675
16596
13628
10267
12997
1543
31544
4238
25414
1104
22229
20196
8503
3268
13495
4276
14819
5358
7377
20047
1822
20792
32051
5146
14662
8730
18944
13505
29995
30364
32762
7606
25431
1130
23516
9808
28529
9377
10992
1787
25401
30023
6159
5270
25392
15951
26879
27095
9944
21311
16481
20489
1203
5273
5937
4355
10618
31329
6591
1166
17461
707
29561
19679
2880
29179
27962
24282
11202
27063
19373
15566
5315
13185
22721
21650
8961
22485
24896
9530
11065
19433
10618
5490
24412
23987
5562
6450
6248
590
29853
9523
14009
30772
23545
24480
24149
22491
30431
13829
4061
11122
11141
17331
8854
5017
16319
25667
138
505
21830
16501
21799
9940
9743
17489
7565
23301
30443
8024
14683
18202
7399
656
10253
3039
32473
26479
23121
26848
9594
21097
10627
3986
3920
24987
7566
11730
19537
31915
29496
10805
6786
23339
2614
15639
28530
32689
23007
24684
21197
1627
32530
4811
25683
12561
20582
2114
19145
29846
11427
22047
21326
3208
11646
5697
9273
29645
29020
10181
5958
15550
5726
17830
19840
1396
20021
13881
1756
10561
1382
15539
22741
14718
14289
16558
16109
18989
18572
26191
13055
26271
5678
31232
24941
5328
28765
10632
6039
12651
6003
30160
6442
17348
5465
11817
17324
18925
1604
14581
6314
6841
1919
3420
15231
5345
12652
12259
14591
29449
566
3079
5541
24824
17407
6607
22429
8697
21695
19377
1698
30076
24945
15745
22786
27542
13387
26766
3064
28958
6388
2422
31621
30512
8449
2825
1475
7622
6451
4451
20814
8785
11857
14068
24435
8439
14750
1780
29645
23934
1951
15542
13149
27342
2429
7858
1800
9940
21284
16286
14
25364
10467
22466
5495
30813
15454
20415
12930
25224
13221
20845
26892
31446
20008
25346
20771
13649
27838
28225
32211
18792
21156
19015
18123
2525
25120
32390
3229
13253
10579
55
1563
7012
20120
28414
17034
19788
3867
27910
19021
22600
16054
29208
19221
13672
22646
130
18900
6803
3718
16610
29031
22970
25820
16924
4325
15043
12521
27691
30619
30691
8148
5645
32178
16009
810
20274
5470
28746
3326
16801
27448
32538
14881
28363
8382
24352
21593
15990
18609
20266
25622
14779
8470
12367
23563
7972
29342
16310
2700
20979
11385
5154
4983
21373
6625
445
6603
17664
12496
15464
31747
22050
17328
6617
25567
27154
28234
30836
31709
16677
20030
7529
13900
18592
21465
29367
1747
10211
22247
30667
23814
29056
2342
21133
10042
25293
7212
4809
19078
8773
10410
27949
14189
10241
30550
20149
17705
22827
24385
22035
5330
25028
20490
20933
31162
24331
30268
6321
11174
4734
10128
20962
29175
1521
5371
9982
28600
12258
31347
16214
30346
1107
23861
17618
24985
6611
28942
21017
8269
23058
24008
1186
12828
11247
28471
23065
16492
8497
17281
10933
31586
22025
16360
24915
19426
23246
23592
21213
25911
24836
16073
21906
27266
31884
11642
16493
31358
6997
2791
18089
615
13824
4596
21972
21428
18103
8781
6968
16978
6315
4824
8390
20765
20174
3909
15228
28788
17236
507
28460
24290
6730
7421
1240
531
19397
25057
1542
8305
725
15145
6071
25839
30544
19835
26793
25325
28434
9617
144
28414
22675
9091
9579
19857
25484
588
19418
14778
997
15487
17842
16815
21200
31824
28621
4633
30714
28793
22037
26522
17976
30641
32698
13252
15319
14014
8313
10771
12875
23241
19611
19221
31371
17427
11395
3561
7415
7676
11930
9293
8401
1984
9649
690
24712
5888
10239
5851
26978
5783
756
27124
14977
29513
19253
21111
29823
18019
3503
20203
31495
8364
8731
8972
2039
31525
19425
19826
28100
6903
10172
7195
13573
16547
12173
4738
2316
32351
16593
17313
1929
7508
27220
3701
15749
15778
27322
9531
14994
3561
32269
3916
2498
10800
53
430
8543
5590
13386
15187
18853
21949
674
1126
31924
28747
15154
21332
29568
9986
27713
17959
19012
18845
32128
25444
13580
22361
12453
29227
14925
21239
15416
7374
20291
1798
19494
12479
22145
4740
24747
25159
24330
31149
410
13749
2286
19808
11368
28624
28744
1417
6526
28381
23479
29204
2151
22273
21709
14060
17522
18221
29961
28586
26078
1215
9758
24761
10532
23665
4713
19803
2873
5953
21293
16433
15958
22430
13047
3328
24291
25341
27071
11715
22945
20037
13201
10073
3655
7430
16155
5205
21467
6188
11932
25676
32577
26654
29241
16104
18522
9904
30374
5349
30612
30993
24491
32620
31665
16627
12788
20132
16281
6414
7989
9901
31737
29727
9325
22258
25045
24450
23987
6509
11576
18037
21917
19807
28306
19302
8102
25643
11315
16674
31698
19477
4981
5219
9978
20398
8733
17472
8312
21824
18299
4143
3873
4192
24991
17687
21336
28472
24431
19213
19013
21315
9302
21980
4875
22816
30781
14579
32092
14238
9231
5637
24498
13828
18683
32086
7241
1520
19423
8398
7041
16990
23245
10247
4249
1437
31771
25108
7410
18946
19170
28208
31003
15053
12727
22754
11575
25716
20129
32600
19026
23001
25601
18149
21860
4702
21430
5171
1813
26536
17103
27452
19045
5297
15620
15311
28369
21608
10323
7792
24735
9286
21989
11299
17978
25916
3081
29151
18270
2818
32135
27015
31135
1124
10896
19428
29451
27550
24572
27384
23096
15397
31943
30235
17607
2470
6729
8361
118
2294
29551
15396
23784
10297
20603
18241
9302
18108
13852
31233
9475
18115
7542
13406
3644
10319
21790
17097
27490
56
17985
6495
20099
28380
10858
13347
499
28443
23916
6804
19198
817
30247
20578
25172
4168
4280
22668
29448
24509
13580
12582
31679
28565
3754
13033
21851
24927
9874
8288
8491
19451
6535
22018
11426
27203
4356
28606
21201
5744
31318
17151
16513
27152
25245
2862
12068
27429
5411
10271
22288
29206
18789
24708
15716
27408
20395
6006
7875
28504
16269
26847
21791
10612
32681
25857
16281
19351
5582
705
23093
1776
22704
3745
21455
16018
20579
11093
24714
8049
9754
10842
460
22616
9609
276
25095
3608
31591
25689
11314
18802
7030
14304
15998
22939
24945
5128
20164
27922
12291
27059
29911
23661
7539
18855
2156
15566
8189
7479
3938
14006
23196
27638
19569
4187
22804
4945
17398
26558
12145
6231
3329
26646
23542
7456
16611
31509
5464
16894
16366
11461
2361
13515
27761
28379
2299
26242
22100
26656
20688
10417
16718
23589
30390
22292
8787
903
2358
26904
4112
26060
32003
21354
12869
16783
30000
10656
14085
28106
27359
14233
20338
22281
22798
3289
12535
22593
6395
26053
22237
8714
7235
18557
13800
18330
20478
18109
5910
20289
31297
30260
3501
28598
7324
21124
16339
19941
10287
22821
5705
29506
11534
19547
12186
10501
7299
1073
11984
8245
13318
27147
27943
20606
4355
272
30565
23046
31526
18045
15569
1965
23927
22523
9042
8335
30362
31893
16988
91
8989
18435
22382
359
13331
29068
29468
10850
30668
8860
24326
474
27055
126
13119
30421
6223
22971
32460
12385
628
23599
26428
453
12927
30165
20040
19254
8890
17516
20123
31667
10074
8708
21939
9545
24221
55
29155
18443
29961
10029
30539
6814
31894
18697
2741
27095
9992
15128
9473
12441
3805
13209
16990
3657
810
23606
20853
26310
5747
30339
24566
32226
10030
20465
30256
4886
4287
14567
1593
30385
20986
695
24435
10424
18521
6821
23842
26664
8190
14764
7088
6068
23480
14290
24022
16548
3923
4745
22860
25823
11300
28410
25887
21120
6919
7622
31524
9100
2826
10245
22408
22461
9203
1848
30334
29519
1799
1785
8514
24830
343
17386
9669
18463
13269
22465
18982
29440
6413
20990
1811
8559
22660
27815
15506
13660
17
29447
7574
23655
5230
10892
699
7979
27585
22455
23943
22597
30709
19270
5854
3029
26891
2139
15887
13370
21975
7192
297
28720
15975
9990
25645
2228
29513
11109
27717
9244
32118
3873
30761
11260
29282
30572
19186
10238
20135
20209
10306
32386
16564
31949
14193
31203
28761
26205
24124
24727
31637
23943
22066
14800
11296
27602
19536
20545
20018
19608
10787
10114
10131
25315
24651
10934
13444
24640
28895
31856
4689
5985
26642
24598
8381
22570
18811
1205
9723
21826
22561
25853
15072
30711
12133
2521
26447
28521
22118
8154
19381
1392
14343
9495
20338
24697
28741
27598
24393
26290
30009
929
23164
26367
27112
15694
11623
28649
17025
849
1081
25360
4810
4059
18163
20013
17149
6741
20555
5535
2060
19358
24006
13795
32149
30304
29493
17225
8651
24243
31927
1036
4739
10319
30728
23148
28106
8763
11425
22326
18964
19596
14335
4276
4614
17677
9134
28144
30194
29928
27752
19309
18693
26533
17429
5884
10772
29287
9011
26039
32272
6797
1008
15685
30353
13967
4941
11604
30622
21985
4025
5125
12060
11424
931
24684
19549
30676
5514
14048
5721
6840
29982
17540
22383
22934
19846
7617
11345
24694
9508
12429
14960
2652
12365
10007
9658
19781
10840
31900
7231
31828
17353
9292
8746
21560
11454
29102
11632
6599
13541
17406
6860
13815
179
18147
4020
21978
25916
22907
32721
3364
28382
21156
12362
20893
4255
12198
30419
17158
3726
10238
18010
31234
10348
24921
1347
24981
17844
14016
28874
7151
30261
20458
20858
18811
10981
28995
5222
11551
20844
17865
26468
21039
27134
30853
3103
4000
23813
5540
19886
30098
10946
8814
108
9931
16357
27279
8957
30199
18356
6115
14435
18541
14768
15993
20277
4786
1796
28549
17869
11332
10192
999
31617
14964
31925
30739
1422
21064
30522
3452
20214
13379
4882
15773
2585
2543
15916
26047
1786
20399
11537
5797
15148
16339
25004
23752
26666
2606
18277
332
15343
30721
12451
12658
13827
5312
4034
29012
12324
25962
9952
27136
25849
11900
29007
26508
27445
23644
4556
26432
28148
30884
28167
7468
73
8691
6042
16407
7805
31306
872
8226
14315
16033
28222
18892
14312
5900
21713
25806
12665
136
27276
9110
5986
2968
19125
3299
20568
18309
31773
3752
7609
9574
15994
24067
16749
18742
4010
23791
12047
29416
20047
2543
21041
19813
22203
31531
17385
2763
5762
5344
2832
745
28444
15723
25400
18208
23457
28990
13737
932
12954
15793
9112
17080
7642
11021
26544
18243
12179
25897
12561
18094
17765
11701
3664
12844
25735
18805
1499
3754
16880
4031
26373
16830
27275
10712
10734
24688
26178
3451
11863
21759
3681
4873
19522
31242
32292
23273
15599
8567
4611
11325
22941
16831
17865
14236
9572
23954
588
15080
15215
19325
22653
17727
1100
24623
13727
26948
1998
22211
1416
22976
3964
7600
20774
1179
28099
31645
992
9410
11182
25586
6029
3918
3851
29707
32305
12523
20578
29908
15549
1417
20153
25763
14064
31856
4189
638
6215
21346
18299
5857
32068
14858
19859
9944
13870
2479
14836
11522
833
7573
24010
13038
8149
24445
14203
16784
10814
27063
1886
25571
20427
4941
17599
5063
5712
29075
14379
28973
22389
32363
1858
6293
9082
18928
31330
19467
6727
17663
31577
2938
31623
15794
30244
11153
20179
7456
31078
30482
6363
4
3388
32661
9382
30448
4638
21868
28594
16051
31096
21847
30527
6135
29700
25303
21585
9176
16922
10646
8563
7733
26530
22572
23755
28727
8118
27542
26192
31572
9964
3252
7270
22993
23066
14864
8690
10532
267
30448
11710
12760
12740
9854
31056
15120
30818
586
18989
2233
26138
10609
18065
27290
25237
4230
29132
1919
24683
17813
4094
20310
20892
13883
10794
4201
24703
11191
2855
1453
1349
16748
19271
8373
18837
31656
10546
7372
19087
24214
12746
16997
16780
1049
21112
22011
23104
10214
23605
23602
30450
5093
3968
20196
17874
16946
10747
14624
19524
1269
21171
23370
9378
977
8136
24184
18647
18771
24562
10093
5734
12452
28137
27679
3386
427
26835
22252
15477
8121
30730
16692
31651
22360
30135
22136
3899
11836
7189
22534
7173
11173
10369
14002
23784
5732
22937
25274
13317
26895
21494
23493
24452
15536
21894
1591
22611
19292
4903
11872
22709
14285
22271
1480
13796
12493
30596
372
10480
32584
21368
2490
23963
17210
20452
12384
12991
2389
8336
30866
6458
5026
25313
30160
7065
12156
24903
9268
10287
1104
13958
12860
2909
29312
3356
26027
22181
30257
3740
8807
28103
6801
5585
24783
1600
9789
12716
32587
2782
27736
3220
17046
27751
17249
13942
24973
32090
18476
17446
15274
5603
17098
617
10947
27117
18992
15485
5633
23948
13481
11244
13385
11113
7183
18717
9163
10215
30081
7187
22400
25411
22983
19817
19367
32158
6619
20150
24097
7814
13144
9197
18308
1135
27917
20766
13545
17375
16546
30012
24558
29639
5569
31996
1884
24209
31897
21520
6578
11476
6332
27140
9128
25383
23086
26642
29207
16341
18593
15616
22428
11849
19580
15827
30146
25249
18121
30042
23596
30454
10897
3648
611
21740
3093
27412
2277
27515
31133
4514
14506
23556
3148
9882
19583
26099
2205
11106
7888
23972
3654
11293
5552
25525
5379
28098
4820
265
7028
22877
17888
21169
22141
14354
13574
6716
258
20209
9574
21503
8113
29363
8919
26070
26092
30066
27388
27521
14710
2429
4748
24189
16822
13219
18792
32502
32358
11730
1955
6910
20496
8669
13050
29956
31322
30026
31209
18702
18564
16915
8861
12969
32311
24252
3401
23091
172
1522
12552
14676
12306
24345
18950
20412
464
2414
21381
15190
4162
19774
5486
23766
17139
9218
22099
3639
24001
11729
23898
32709
891
28362
15801
17514
5972
5499
29673
2024
19778
27870
9562
9119
13755
27541
7803
31960
30976
20838
2014
818
29194
5208
9254
12055
29128
17616
31178
17543
31329
25771
24841
2306
5031
5922
23333
10112
367
30963
18110
7232
8686
5666
22614
20399
28679
18153
19267
2930
22457
11923
10126
22145
22850
3590
17875
12215
5293
2232
29263
28332
31014
24544
20578
23139
29517
7647
8363
25564
2637
19151
2257
11975
7953
74
32138
28430
15268
12970
892
3589
5976
27426
8131
26027
21958
6962
2919
5036
8575
17287
17960
4380
10268
12825
24688
18874
30635
9282
16285
30113
23988
18480
21702
23700
5229
4355
20220
22485
23645
29842
11348
13476
6228
9471
16933
1926
16333
20210
10094
20304
28776
15614
29234
7785
12659
5698
17588
17542
21453
14201
24206
30457
2385
5473
6798
24371
441
13251
27066
14960
26084
25497
20661
20652
2718
5341
26076
27820
20364
18509
28960
28604
9135
28284
13325
6685
30939
20670
31679
9251
997
2947
22576
24917
29619
16548
25116
31052
31509
22498
3176
26634
4950
30352
22725
21499
28550
30360
2034
19412
30762
28499
30576
20569
18940
32636
5151
29319
10212
21109
27086
27666
14903
2732
510
25923
10000
25545
22743
27672
1204
18656
17337
13244
9813
14433
32283
15911
26029
3522
26455
317
22902
20516
15959
17551
21892
25892
17270
30089
13123
26273
2596
20226
16255
10687
23169
24757
29957
13305
27923
24539
17747
13514
3215
6780
11727
16100
18530
455
8972
7933
12910
23233
31199
18463
22087
2424
29462
3361
2531
31246
22183
1177
7111
23030
29234
11514
16885
29380
21648
4580
20924
24278
13522
9106
3447
10609
1861
11950
24100
15919
31433
2987
25223
7054
6355
14049
26029
18251
8224
26956
26370
13773
709
22725
30587
21001
30526
17978
18826
10798
27049
6894
4573
1812
21759
17314
16729
3839
28114
10838
24400
26001
23846
1584
7512
27869
112
14994
11475
20428
9058
14358
6958
12966
29058
30888
17841
31555
15825
15712
28574
22827
32374
5837
23997
13461
28651
8416
17294
21225
29032
12535
17334
13513
11513
22506
13407
10840
21738
23315
8296
25574
16333
12981
3796
15128
32588
15183
28979
13559
17450
20456
20740
21371
27348
7163
20669
2456
31885
19937
6526
8783
32457
17134
17770
21581
30822
12024
18004
31229
18995
25304
19871
6435
2794
4209
11997
17027
5993
17440
20867
7019
30083
28208
21610
21580
26978
10316
23722
557
22617
26057
16993
24719
2153
22458
15969
15706
24627
22965
16500
27595
24400
32605
30296
16769
25710
8199
15099
30830
28791
1351
2481
5291
21221
31960
625
18132
14739
28978
17753
30307
11608
12597
5822
21025
20687
22312
10908
18645
23161
27921
18722
24440
12782
10926
17520
20813
30210
21122
8395
18002
12981
1915
13642
16833
21643
22968
17794
22950
699
22151
10759
9614
23725
24734
8014
15867
26333
23245
26283
23803
22623
9998
6526
9903
13749
28713
26625
5674
30046
27758
3666
910
30160
10283
21293
28926
6777
23639
19990
18015
19134
32731
6707
2640
20348
19380
8325
21925
32434
11795
24859
20903
16209
1012
770
8245
16751
3052
32053
8223
5979
9216
30335
30306
21285
5060
14222
10356
27157
21140
23272
29154
32452
23347
10904
24008
516
13765
26617
18845
17302
3468
10799
20302
25293
14251
25219
16995
27839
32455
28650
6781
28008
32717
29012
23580
8002
4484
32035
26884
26716
6584
10498
30807
30767
12178
4793
3320
24308
20748
17775
601
5309
21649
4482
31772
4941
27589
6795
30580
17132
27618
29227
30406
6194
14013
27374
23640
8974
14750
30362
21413
18266
6576
6419
15903
1741
30845
23707
3133
26857
32746
29705
12040
21599
47
31404
9238
26620
1117
22849
10545
10452
25350
30438
22666
13599
20794
28624
7193
32615
771
4676
23149
9830
28526
14199
17384
27836
27303
299
9117
20572
19976
30602
31820
12749
8962
24639
6771
15789
26450
6128
28144
3891
24343
22817
30889
14256
15952
16488
30412
22023
20436
26203
13461
3471
15062
7338
16375
5461
11205
10062
4175
22562
29415
10373
16335
17965
26993
31380
7358
16912
24454
31878
22064
27155
5567
13466
32559
29378
18402
29474
15281
16345
24055
3606
21983
11323
1757
2614
13822
15072
8160
19740
12603
27238
9583
21163
29602
28207
31522
10455
6334
32113
19624
12481
31801
17490
8779
30592
3860
7407
4111
10893
17881
15414
16675
14113
1744
16914
6483
5431
11005
19065
15302
5161
8266
31341
14566
22704
30949
14402
5562
29076
9380
7493
2051
31264
19992
14223
29928
4005
20365
21431
1876
9217
31451
29889
26747
12094
31047
13618
3302
17728
31715
257
30713
1706
30562
23422
3833
5907
15288
23477
4345
20111
17854
12253
30740
12706
16963
31543
17501
6251
5064
30582
17436
26503
22296
1934
26766
17842
29365
1792
2829
23013
400
27374
3955
17048
29281
13540
19095
10011
24793
24259
9045
10202
22234
18908
11169
31321
27301
785
21571
6319
19994
3472
12201
12968
26425
10084
15751
804
14473
12213
20269
11304
8463
28715
13881
28098
24926
7006
13407
1794
22235
29957
22705
19857
10548
3287
4600
19705
11169
1521
8132
26377
21456
3868
24603
28269
3250
1858
5053
30945
5385
23468
12198
27219
19159
8776
26769
12595
25809
19142
11645
26956
272
32082
18648
19388
13788
23098
2218
29106
16164
5852
4867
31216
11119
18245
29448
3034
31799
26456
4682
29731
20074
2938
23151
20511
5457
8991
26800
29642
24930
2543
14844
22418
7448
18406
9789
26867
7508
32551
12926
23487
4313
17129
24040
6003
5309
25567
11028
2763
1331
6388
25882
3217
17016
30165
17433
1051
12114
28772
26165
25772
19051
3047
188
1803
402
18319
1748
30098
24805
20751
16985
8770
5139
19053
21233
25712
3179
5883
15354
25708
22369
13981
14776
30750
15068
9125
30186
26138
26003
31493
705
32346
4395
10909
28669
24583
13924
581
2817
20431
2920
30862
6235
13861
28346
19490
7733
9152
6253
5216
8007
31885
27357
2696
13101
23819
14391
8735
26735
2769
31486
18362
1148
15676
222
11356
18296
12087
26071
29785
31614
11580
25955
13911
29550
31470
174
22588
4535
6829
16102
23052
3304
30758
15630
28574
22836
14235
3485
16167
5972
4963
27793
21421
20894
10743
3740
31803
4656
1426
1208
9305
16643
32172
2103
5156
375
1859
27064
32223
4703
16689
12046
17977
29960
25861
16725
14845
26679
28730
1549
22058
16130
661
22247
21875
11911
27789
26156
14857
20211
1941
4989
26346
9010
509
125
1257
24445
21556
7801
3565
23116
32657
10405
21641
5137
5461
22786
11531
6586
30188
5340
23730
17038
24276
8606
14828
11639
5665
5677
32326
30370
29178
1653
17422
18139
13840
6910
11213
15039
6314
29570
25000
16508
19964
1264
28772
26021
11535
25685
11197
26785
10840
25872
4580
28057
24874
7031
6035
20521
30690
2959
13216
14241
22844
209
18178
27650
8266
30350
23465
10433
22856
29104
30388
8139
15646
28102
28953
32744
13566
26188
28166
2877
15251
4481
21559
23914
21218
21860
19676
26842
27852
29973
6862
19927
27981
25219
16131
11761
7243
29967
9451
16501
7192
13322
16763
29425
32347
6021
9128
30703
28280
16576
1201
7088
22930
9629
25653
15109
4198
29893
7036
21705
25175
17372
23324
18037
23191
19096
22924
3613
20609
15087
8872
10852
4429
5870
22518
24729
14361
24195
10636
9373
7778
28117
1130
26127
18606
687
30027
29369
29995
31457
10505
8800
8557
7764
6730
7033
26799
16469
26730
29146
20660
13588
19578
10996
22040
17430
30364
25070
8132
31913
27941
26385
20207
3872
30069
16168
10821
5839
10606
6659
13311
13146
11646
12834
12790
27068
23241
27674
13762
14445
10709
2132
20182
32301
32010
20152
19790
6802
17945
16562
12587
25910
12248
10692
10267
2334
10275
9525
14380
3379
14467
32500
28584
4217
6846
20126
5195
11754
18636
25941
14837
32121
23794
25824
11461
23701
6442
14843
18225
21712
6008
29466
15530
18200
13570
23680
32172
26895
2785
10717
13650
31632
29127
10574
13488
862
20592
32029
8871
27199
3484
22443
20398
18559
28510
18292
20759
28849
22114
8135
10055
9687
29040
31323
6515
7574
29467
17618
24271
22362
23461
19867
17489
5275
23708
10165
27169
18065
4095
19281
20832
2018
12752
23876
32125
27807
16892
11846
32192
21704
8764
19520
19092
27481
26835
24773
28306
27634
25008
4628
15795
18923
5481
30907
21794
30326
17640
4414
12869
1028
15845
3932
5104
11321
28516
30583
21462
17216
1051
10776
701
32217
27979
21885
8751
12309
6403
31393
9428
12150
13107
19683
5949
8236
28816
5117
25789
19513
6483
10628
8194
10590
8725
19468
10638
11343
24961
29322
28362
22353
11338
17885
26572
10747
3558
17393
2965
18572
3266
14648
20920
3491
11148
31248
21030
13262
27650
21408
26169
15471
11830
9492
7352
31812
16122
5685
24943
11635
19538
2891
1598
21837
20015
12849
31493
6301
11183
6068
10113
18189
10580
756
25010
27635
9111
18056
11130
11279
6085
5081
27459
13075
23270
5125
20992
7593
13655
19717
21622
14417
13267
28816
16525
12861
23844
10936
7681
19979
7759
18139
1692
19359
17264
17130
7635
21456
3179
12755
1888
21629
1689
17060
26393
25129
3672
19083
2213
10890
31466
6903
21611
29225
6850
24917
25413
13121
15081
3915
28099
9546
26623
17261
20591
13820
24849
24231
22232
9225
14467
27504
7232
1357
16619
3655
14825
9353
7967
22426
8258
12127
5456
23888
26296
15311
11111
27605
18969
9153
23572
13524
2665
11585
9918
17136
4719
19944
20407
12852
15226
18483
6308
29747
17141
20091
19471
2296
27433
9661
20733
1763
24113
869
3938
25309
3865
30860
3968
21319
28790
79
31800
29466
13382
32438
29201
20754
24452
8538
26768
19982
24211
14370
14140
30193
29141
12311
15772
15796
948
5006
13792
29472
18911
20835
21402
5426
30056
21641
15352
3633
18628
3381
28454
22531
1795
22145
2123
20739
13754
16558
12309
4808
3521
4488
4341
9514
7467
14327
24174
23455
9249
1637
9649
14576
25561
20628
12874
26367
31131
13263
2693
7437
11279
14148
13129
11897
697
12289
20418
4029
29468
25704
31268
24530
17914
2211
6634
16837
32206
16323
2132
7285
11916
21643
13640
3114
14758
21162
4190
28991
25342
9270
18854
25811
18251
15137
24238
9434
22114
20217
25891
15283
14564
23152
16908
15737
13371
1237
6697
1562
142
11652
29294
16173
1694
17600
13871
20996
13849
26802
18929
3554
10724
28904
20578
6161
6904
25888
8772
1314
14034
30418
10502
26117
22762
8928
2650
9030
1068
27161
9441
6249
21175
17318
24270
30040
28347
21863
12153
11652
23745
19943
2136
15164
21747
12886
2149
2548
17213
5706
268
13300
11673
2265
24385
25281
30519
4179
18303
5776
18850
31532
15937
9656
20735
29098
25497
8657
13379
3638
4478
21690
6231
19039
18944
15773
31242
31468
20335
12661
26201
6640
2786
22476
12591
18589
5611
25456
13351
16379
15955
15496
23091
14664
13105
11303
21993
14769
18352
10937
23118
22503
13864
14585
30124
17971
29553
22673
27446
1629
18395
8193
20848
28804
21813
32539
6616
19567
26856
24982
20407
22196
28551
12106
9515
7301
25975
24924
14156
1592
11764
30930
14998
29346
7974
19520
16276
32391
26783
22057
29434
29832
20966
17420
12581
28338
17004
10553
11632
6459
19852
30043
4942
8511
25651
25019
334
1291
28798
22940
22640
30561
18649
15307
3761
20139
30580
2587
21241
21250
11488
6111
8006
6684
25238
24367
20627
8905
19950
25950
2219
21755
14221
13668
6841
32429
30219
12634
30844
22049
31008
28283
6476
21098
5344
12861
29325
12471
29239
21277
6388
12247
28162
1132
23569
29849
21179
21766
18901
10799
16096
8183
14000
7108
19775
18001
21755
1187
26821
9198
22465
2879
10199
21362
30663
14182
17397
1552
31473
19757
23222
13362
9330
4464
11440
23912
18903
5027
29702
14121
8603
22602
31350
14172
24316
24097
29191
3006
12263
28213
12634
6016
30547
12397
26837
11148
13676
13353
27286
2322
20069
24060
28925
4124
1629
8808
26048
31183
13446
25992
27695
10406
14188
25279
6930
1244
7243
27462
16640
7099
4802
22021
1959
3320
15597
30555
15563
24423
5321
3415
8195
8649
17387
23081
3903
11647
29621
6351
3425
11707
25961
20718
16516
25780
18234
11390
9338
3248
28116
8059
17664
30922
16239
8012
6867
21964
9155
20510
8529
11206
19719
28244
25186
4166
18102
19729
15226
12256
18228
19601
25257
31442
23261
4877
30024
22912
24834
18842
3232
20497
2311
18616
14822
9911
25488
23920
2260
26167
21153
19180
19560
18637
22877
31723
1816
16064
7268
5638
22921
23202
23308
13026
20890
2758
24645
25562
5181
17486
31134
17921
9206
3860
26484
17992
9038
19127
29947
15183
16345
18114
7243
13993
16436
28758
10456
11101
12278
6207
20077
24426
7409
26894
4706
5374
7363
9336
17866
27033
19498
5355
12684
19013
8954
23867
4389
10343
14085
3424
13644
20306
22813
27312
27560
24046
13775
27022
28901
25583
8984
7910
23538
13426
7726
19458
32634
29563
17180
20991
19972
19046
10408
27465
29372
30663
16295
21482
30360
29903
29464
6179
29914
5146
29666
30704
5110
9667
9887
9459
16290
4969
19758
21649
27103
24452
25829
3609
12556
12889
11732
15262
28473
18062
22079
5999
8220
27357
17795
10888
21124
30328
17923
18603
21360
13165
5388
26475
28736
25477
14914
27015
393
18446
27539
12556
26727
17690
3730
21555
30502
29428
11996
24065
7530
20647
3637
22795
5457
18759
15857
10896
2108
16967
21867
751
27495
17168
19120
9014
12022
1193
24981
24878
3849
5173
17296
8293
1678
10234
4773
16819
31143
26299
22444
22583
10087
31774
9551
19292
16540
4870
13403
26201
18042
6219
8585
25292
11121
936
29033
6159
8764
12572
17666
4196
16974
3631
22678
8801
7217
21511
23157
21374
26885
20664
9154
7717
15375
25274
23042
3686
24109
27654
141
26566
22380
19104
4207
19070
14559
7122
24858
26283
30796
26895
11495
17450
16548
16241
10114
29654
10942
12168
3285
17108
16051
23185
14199
5795
31142
1093
15944
1186
21127
3144
21901
8367
582
25504
361
18538
3179
25389
16858
30078
16380
17587
9847
5058
17274
20865
4137
26160
25688
5930
4258
30350
5007
31647
16171
15518
19719
11352
22386
24110
21181
3648
535
20063
18628
4995
17092
21331
20217
4191
10557
4796
32498
1706
11317
29053
18720
2789
7891
29198
13701
17942
11642
18453
5786
11119
3050
29219
26763
30289
17889
28796
5433
24282
15471
31325
26810
28546
13771
15965
26602
17732
6370
32391
8908
30168
6571
18062
13871
5161
7843
17266
20213
31366
21348
19313
286
27818
25162
23504
25242
18226
1380
14570
17957
1697
4832
1246
15550
12696
14484
1102
4470
19797
29977
4817
23136
22326
14768
15403
27804
24752
3135
32582
7180
4127
27093
23105
15353
12483
22905
19142
19671
11170
16570
8750
19061
15100
9083
20911
15193
22874
16063
29172
5007
20433
18571
22398
488
6061
27962
21771
6563
3459
30724
22816
20479
20593
13711
2338
24893
30298
14048
1515
19438
14514
858
27712
11196
5388
29108
16295
16004
6366
17569
13407
4167
30334
786
3059
16012
17263
28950
15418
858
5555
11262
1042
16370
6999
6097
7645
15835
5063
1759
21702
2281
27649
23270
26254
8566
28118
2202
30773
1114
4504
2224
26349
3551
14974
23265
16767
32666
5322
5970
4130
27395
793
20641
11867
3135
17524
15285
28240
13787
25963
30179
1968
16278
8347
4685
19453
26909
15508
30238
6864
9046
21826
25269
10110
3325
25602
23405
27997
8931
13526
31368
10376
18126
31712
16966
5545
32606
21559
468
4739
13107
12503
31621
26403
16070
26182
25816
5557
27691
18813
26442
30136
8075
19646
32352
27664
18674
22488
24559
31080
23487
31086
9410
5006
19106
13356
23000
10918
9605
363
2538
28601
32198
27783
10677
2684
24703
10980
25616
17530
22499
25537
14963
322
17185
617
19564
31718
2092
28011
20015
28078
24806
3996
21453
28289
7779
12336
26022
29660
13287
7158
30241
22771
6288
16227
24567
20842
24323
17113
25217
4990
20151
24152
6267
9340
26298
367
9846
17374
4704
5658
21950
24774
26649
9999
22025
29410
15807
21035
5891
29543
15691
20693
29591
25977
9936
6135
32376
20494
13625
13313
18288
24772
20969
26891
23769
22567
6006
6225
28925
11166
12743
14591
27138
8178
24783
21468
31481
22802
17698
411
5233
15672
16588
13367
16321
17964
23520
16316
6857
18065
9609
25012
7895
10881
17692
9545
26780
8374
27359
176
20304
3410
9288
22117
14927
8003
26834
9248
29032
11496
17020
27591
28835
4424
20989
4625
31570
17102
21050
4689
27741
2629
7492
32448
2403
7585
1869
24448
13049
7476
18276
9446
26860
21401
17684
14062
21984
7681
1700
23963
15681
14113
31751
679
3149
8690
952
31331
12324
861
28330
4347
21048
13139
18107
15039
28461
21485
18616
28301
30097
13668
27117
3307
27032
22538
8582
13380
10723
5995
29223
22747
20805
18726
18030
4389
4965
27600
1742
20538
16743
21417
13043
26668
28728
17557
28171
13642
11977
21811
1190
4491
17240
15306
21084
29296
16062
28592
22959
10272
6077
17826
5220
32262
30384
10482
4791
11019
15331
26815
23992
16265
4760
30737
28749
7963
15090
5515
3528
23647
1723
20245
26529
29782
7171
14410
1258
6443
5222
7402
6260
21437
18706
11241
1931
27304
18517
12128
26192
10770
11820
4162
9379
16504
19351
6919
754
18504
24564
10943
18852
9261
29234
23648
31686
5630
25699
28565
16809
24517
20409
7176
14299
4813
8858
6381
21352
26789
2207
21241
17865
28079
10314
9062
29306
1094
10457
25663
21429
8217
21230
27707
9739
551
31723
13679
1456
2250
5354
19449
28646
10278
14429
31044
2424
20694
28935
19247
8017
30201
6387
16234
26527
21224
28944
22666
7053
29890
7270
8354
21443
26446
19246
25416
21571
16946
5954
7348
28619
25262
11262
4135
5285
25497
12832
17580
7616
24867
22847
15603
7493
24795
9220
739
20382
19933
24994
10550
9259
30156
17128
334
24398
15391
6588
30604
21046
12250
4215
31656
31842
24479
7863
26230
29237
2379
24507
18968
30873
31658
2998
5273
6789
32493
20529
23001
773
21857
7864
16912
19528
5190
4108
7761
28999
5575
8976
12709
5831
4552
26118
30509
2399
13570
18474
25346
16812
22538
22632
16627
788
10324
30295
9803
27055
6611
13671
19905
30426
3670
11336
21588
28991
1189
264
26692
324
11457
23338
21435
10460
32533
4995
15432
25882
3882
4127
28168
9491
5062
28338
15858
20774
27610
875
10300
22530
32209
32212
18727
19482
11632
6285
5783
4948
1967
32303
25269
770
10533
23899
6273
19220
21084
10561
21290
24298
1331
13469
21369
6723
12064
5750
22046
12644
22371
14377
25829
18263
6159
29272
31009
9967
29794
3281
24807
14043
29946
7181
27034
6668
17357
21078
19768
2614
19151
31429
5578
1784
15270
2050
14042
31996
441
17039
31872
12033
22920
31155
27465
31007
1249
1112
21442
13108
30515
17631
20891
7699
399
7561
728
13450
14534
629
13603
910
32416
8251
24842
1030
7748
9800
26389
10329
11907
10274
877
31139
5620
32378
4893
30033
20762
27734
19327
18694
29945
31127
26288
712
29403
1269
12846
28923
736
11768
15536
9387
17279
1936
11962
6175
8824
29521
16782
32386
21276
16270
6303
2726
28322
28079
22868
19234
25940
2052
21433
28399
4997
2848
923
1474
13277
3356
11522
6822
14190
9383
16764
20133
25852
32302
10060
11163
3329
26957
27487
24725
24453
12550
19993
3792
9974
31437
3026
8249
15764
1706
28374
24055
6848
13972
9504
21278
16889
15609
14617
10087
4074
19826
12219
24297
15263
7564
3712
2202
24279
27529
3671
2615
8389
29378
6450
1818
1008
23808
23668
16044
9768
27669
30111
18424
1929
17342
7363
2599
13118
6988
5487
2501
31162
776
30988
24517
1866
27945
6365
19503
1490
31520
1072
14499
32562
32221
27983
6930
16781
9756
5078
11480
18516
14425
17946
6647
19658
17162
24238
1782
31645
1363
10297
10041
22474
22353
21147
13669
8114
26772
17547
18816
24925
25691
27418
27482
32358
18655
17402
18423
24258
11718
26942
30473
16896
12437
29756
7551
3700
32136
26969
5813
28913
18095
21570
23022
27489
7544
20248
16305
6980
14433
16809
17652
14981
3518
32306
8923
7247
27248
28890
10174
32503
9515
17391
17853
29242
16585
19486
27338
243
7734
17739
27909
17456
28091
10614
539
6923
15167
13919
27268
22632
5028
14165
305
62
27964
18031
14256
17597
1577
12517
23708
10803
28632
1712
21548
14690
31295
14850
22093
30395
24501
2692
28081
27644
11722
17642
28929
18209
10191
2132
12853
26010
9667
3257
12634
15454
18942
16102
22648
23746
10821
29963
2876
16399
29787
24640
996
25246
7166
32609
18166
11249
25863
59
11120
8696
11226
28199
18685
12756
25663
8957
16098
2006
15341
28703
10273
19718
28544
2490
30802
4713
7015
16684
3057
2838
31703
29426
17618
1430
28470
17358
13224
15559
31464
22078
15912
24640
23320
18837
31519
19904
26950
15058
10724
25943
23700
13222
5224
4488
14050
16869
5915
32208
20588
25921
302
25365
19274
806
7388
23937
10881
10281
9764
361
28700
10719
1933
7623
22276
14163
2945
7425
1969
31303
13791
2117
13043
6422
23413
5725
24889
15055
15464
31592
12291
29902
31277
18245
6523
17395
8633
6440
481
22312
28121
29608
16231
4469
31900
20302
7189
14902
10
7498
5325
16881
8462
13441
4671
5112
27505
3169
31394
7366
11214
14934
21843
9132
27951
6589
11456
10032
21631
32308
28318
16838
27928
6706
19046
4331
24248
23103
7799
15735
24535
5304
14783
10447
7479
21001
30496
16604
19373
27939
7152
9579
1984
15218
11110
24101
28031
31203
1739
4033
25745
22287
10158
26730
4000
26502
11745
13993
23799
13029
20842
5573
13452
29029
5697
23039
10441
18361
12871
21404
19738
20637
12968
19261
498
20998
20914
15113
31042
9150
23846
4400
24124
19207
20553
20192
24017
15411
5651
22788
12019
32180
25708
30044
3660
18979
13600
20728
24344
19348
27826
9250
24277
18408
21440
8178
24556
6828
8784
6257
16023
13754
31644
14436
28069
16067
18986
21837
2711
25355
16417
14148
16890
4267
4627
7291
18961
22045
9057
14538
13745
10320
30874
8069
23180
31063
12172
14440
15210
19277
22710
3880
28365
9434
32182
32558
24592
2141
7156
9868
7929
21204
21060
7696
12327
15259
15653
934
887
4492
24620
9263
17886
22114
6992
32244
30422
5051
2930
2180
31454
16625
22604
16752
14209
20450
32594
28237
26447
17533
22677
12257
19016
21363
22982
10283
17258
27651
10754
12904
10413
27151
7139
10008
29841
29525
26469
2688
32592
16629
21107
6743
22811
23099
13285
26143
26052
14311
8304
31704
14739
12368
161
31627
3215
11566
23317
18047
6084
24348
12144
4553
20342
6826
8195
11505
15377
28860
6368
19390
12338
28033
23238
18282
25873
31976
12273
22836
23860
24510
2959
32324
2251
24265
32735
24522
16800
32447
24544
21226
18150
1251
30148
11918
7069
19508
30767
15935
32646
24586
6234
21821
23512
29834
14971
27056
31975
3764
13249
9524
8294
26534
5511
16134
31378
17027
30825
13143
918
9078
31659
16376
4724
17416
7551
503
4193
1232
12884
17787
20998
6576
21999
9138
26224
3212
16798
25620
16895
9441
29507
25335
27688
7233
17860
26578
11846
30854
30164
18633
27516
28434
23038
31241
6699
25178
8589
5779
17997
6309
32642
7059
20310
3683
8547
3523
12544
27634
14239
12672
6355
17421
11177
9565
24848
13156
8637
27842
11677
2312
24428
13789
31047
5227
28936
32547
7368
26503
28181
9988
13612
3820
14442
3663
19869
16435
3296
20891
25348
25539
9811
23464
22972
16783
9643
7257
28973
16787
7963
12059
5229
29108
9108
22157
22695
14585
20926
5375
6548
27180
24749
5663
30169
20831
31971
27160
30898
28033
20853
12279
7329
27885
23948
30411
14667
24229
27031
6569
28248
30505
24930
16532
191
13558
23362
31852
6614
19019
196
10205
9453
31850
7988
25060
10270
28587
9587
13760
28558
31200
15433
26356
12983
30600
22247
32076
23012
28156
5129
10622
17650
24890
31756
4518
12263
9863
16829
16229
18608
13568
503
19346
2815
1625
17898
8588
15322
31857
16923
19791
27694
26266
4705
11054
12356
5104
6262
27843
9578
27724
7837
13995
832
23041
8744
24464
19614
1061
18486
31420
11213
31793
17654
17940
29728
20939
19597
6538
6334
19771
32358
28591
4288
8596
13998
429
22543
26551
4465
23841
3229
31387
24988
29537
23490
14649
29137
11653
32752
4784
10217
22115
32300
26182
18453
20891
2925
32490
16753
1932
6820
14580
10752
2596
10747
32332
29371
19947
17725
28937
29653
18712
21219
30821
10999
28846
6603
8574
14487
22333
17053
17955
3356
6862
28694
5396
21346
18097
24620
16742
19041
27460
7470
21782
28638
27004
32514
14547
15565
18878
5710
15464
2415
24291
7783
4838
5266
19774
27386
17552
6565
21180
14421
16460
32314
4381
8876
22163
26145
19222
25819
12349
8337
20203
313
6125
2730
28493
30918
4286
21555
13062
17871
19785
12925
3898
24670
8043
26004
30900
3318
20503
23193
27121
17226
6450
7731
13932
10356
9366
26215
2573
20882
9410
4225
13982
29686
21079
15417
3017
27376
24270
7698
23253
12544
22242
6328
17346
26587
22300
7635
4877
4748
31358
14300
9577
28391
14579
32384
15096
2236
18901
19707
13061
17966
4547
26963
9948
3959
13760
11763
25386
23483
29930
4886
30384
19086
28782
0
27966
26250
32737
23871
11155
3052
5462
24681
27921
7397
21589
30870
1556
3624
4374
26168
3879
10152
6053
28021
14760
1848
31869
4351
26261
11995
17216
9276
13438
30681
16627
5832
18783
573
24134
13716
17061
1121
10076
12767
19484
23191
29046
7859
31571
1007
16789
6179
16400
20010
29371
24597
4493
4003
11149
2284
5447
14940
20741
29062
5172
19008
24665
18838
14358
11729
862
31496
25177
22851
23727
8066
10324
14693
20871
15924
18695
20707
31872
7057
13101
19194
223
20119
31736
11823
24284
26029
27934
24639
14353
27600
