28578
2801
29843
5327
1787
16072
31200
23989
8551
22597
8570
1302
14515
25303
23583
14827
27622
1806
6576
5409
21252
26036
9108
3428
10638
20797
12398
9305
16807
16077
24452
17193
19543
8627
28211
9717
30252
24872
6651
6626
2934
27275
12793
18249
19766
3695
484
1787
9515
870
21492
25013
28302
17899
4594
1842
28347
32115
22966
30255
23317
3662
23487
14877
22331
26095
14313
1438
11947
22875
23361
18698
4873
11490
17412
21126
30382
26392
8751
22157
27184
4223
13017
27347
9134
23791
4907
4633
30628
3918
27314
28303
21168
19313
22700
17701
24893
13899
11746
31688
18902
710
16168
28793
20427
17195
3611
23440
14493
12893
13546
20172
25388
15790
17157
31038
9491
22223
21080
32375
11858
14926
29711
12167
27140
24447
19111
11844
17707
27788
3266
2668
7777
107
2725
27857
14586
25109
21121
22282
23721
16388
27639
12178
20264
3610
906
23366
12231
11464
25506
3475
28452
16534
20646
6305
31530
31241
2582
5559
3443
22200
22559
28507
28277
6994
28237
19613
15702
11406
31158
10177
31310
26568
21406
15328
9455
23071
19562
9552
11970
27119
6180
26958
15775
4927
10195
11685
31072
6948
26763
5673
27920
9201
31418
5362
4477
7825
7099
6528
18685
1734
31101
11275
27554
5546
892
2091
27883
5787
2724
27889
5271
26484
21188
8041
3107
28443
20720
29299
8900
1939
32554
29081
20302
20350
2746
24213
11819
17651
28818
15176
3980
3973
4475
16551
30183
9816
21807
29667
17543
24541
11480
939
28652
5998
8883
32669
25519
30201
31054
4586
4363
29371
11718
8500
7747
26881
32532
31180
3836
25198
6414
2080
27451
31705
13443
8776
25778
31229
22393
1914
31091
2450
13372
2492
4107
22012
17623
8582
22149
21858
30597
28968
20088
15155
257
26688
7171
31476
19258
24433
17685
11279
31334
8127
24266
29435
22126
9649
3397
19199
5723
3534
5016
8783
17734
25786
32589
10453
14060
29262
6763
3179
29356
1445
2589
7902
19653
1544
13257
4317
16283
13376
4070
27888
24763
24076
19500
24719
7988
19213
19235
25163
9643
6735
25095
26828
14365
20741
25384
3450
3043
9863
19286
5204
7079
2257
9068
8785
24084
13806
5762
2556
26698
10654
20482
25956
28168
32610
28629
1619
5695
2831
24294
17314
5672
17677
13501
5890
13930
14222
1629
12289
17387
26931
3970
16120
15356
28080
9378
31786
20946
19532
11762
17727
1977
2510
17384
18454
19908
6323
12912
3990
20169
23469
27860
12483
5053
10089
19971
9240
19721
5684
6183
22247
4988
26001
7474
31215
15397
24670
4683
10358
32049
2546
30355
6246
13531
18257
9534
21840
31978
31799
10160
25133
6317
1051
17450
27953
24619
6265
13602
2241
27525
17755
22374
29196
13064
25201
16694
26177
29495
9028
7832
13976
622
21625
12725
16484
25411
2411
23087
19301
7053
5328
13434
15014
9827
15220
12192
25642
28228
990
17521
29784
15239
6338
13609
29900
27365
31588
14922
30072
4677
25545
19280
6258
16064
22832
5149
11481
3877
13243
27104
27835
16409
19099
1844
16550
32329
4396
3862
31589
10802
2774
28663
2574
31150
9738
22428
2509
9862
7349
23583
24931
16196
23187
6940
4172
6178
7684
13137
13817
17972
15589
30212
15047
5785
12105
30268
31378
15609
8810
31007
26060
19608
12222
19356
31068
8781
19149
8716
24661
18599
27848
6696
4456
13882
16434
17988
19142
1405
13265
11802
13229
1336
32646
21094
1242
31114
14242
1576
3635
27748
9913
9468
32318
6944
21062
25402
20486
13806
9828
2145
32448
23261
32740
7053
25575
16854
26201
19402
27763
7035
31288
704
9451
19667
16326
17495
126
17625
17431
12674
21666
13206
223
24591
22620
3695
20836
25014
21103
31796
15108
21534
24960
18817
28523
9731
25044
17952
15634
27051
14417
1579
2099
7872
17246
7973
15037
28295
9661
21773
20479
26881
31627
16915
14613
29420
21324
22011
22170
27130
13089
12234
3044
6154
15690
23778
6020
1160
8675
3829
2589
2266
30569
21092
13938
22306
5906
31366
14658
1467
10803
8133
26098
13915
13152
30271
14297
20847
15172
16584
19130
8404
31348
14611
14783
29199
22310
12012
5978
31616
4848
1301
24992
32721
9974
29845
5035
17844
30271
14513
20598
23833
4626
12846
26230
11592
30748
7130
29024
4528
17128
5194
8757
25143
29712
2217
1660
1957
18460
7437
17689
10876
27665
21066
20481
15937
11810
14340
25795
32183
22595
1862
31133
20654
21529
1522
31223
24662
27195
25152
11672
21020
12580
32321
12023
24706
22835
148
3394
28064
6009
20533
16290
27389
26507
16381
15804
17483
13408
11994
13909
18724
27413
19807
14571
4759
1567
28837
25211
12515
16204
20917
13263
15759
16161
31598
1760
26820
30280
8413
29453
28098
22249
20750
15244
25322
17628
1590
21792
21931
14915
23943
7654
28210
23606
17426
20328
659
23119
8128
29095
6443
21354
31122
12192
4491
29128
25393
32728
27816
18643
28867
12502
11709
7253
11500
23237
15118
6973
28753
31598
19678
62
20799
6641
32667
9717
1011
10551
4350
30627
28686
28033
14359
28492
11778
32233
12568
13423
23732
25270
16483
16828
21132
25809
27460
28987
22526
6669
20268
25647
29233
31249
15985
6914
6851
12036
27859
20241
27595
18423
32192
20442
11142
15111
2859
11469
16359
10286
31276
29271
16209
26231
18110
19053
587
16650
10268
14446
9975
9126
23515
26961
22478
17027
21454
8686
27496
12853
15283
21303
26898
20999
15871
29663
646
29686
5204
10001
3852
7020
17551
12391
15874
761
7468
23514
4546
26123
8059
27069
645
10035
860
16291
1422
11326
3088
30565
11042
31733
19904
27092
8672
1503
18693
22276
9634
7453
29317
5899
10474
5010
32027
13254
30511
17291
15009
24612
25288
15053
30225
19786
19382
25039
31688
18572
2270
12305
24546
1139
17476
17709
16847
21104
12521
2498
8232
2455
23
19187
20781
10685
7671
8820
6995
29448
13263
9764
22157
10697
25590
25510
20201
23383
7212
15554
31334
30131
8226
9742
6219
14799
26313
31662
25696
16221
13385
10979
11984
10509
1129
25736
13539
27118
19327
18275
18745
26923
28900
3327
13885
27614
25127
7411
22336
30283
4625
12958
26142
22588
8595
7102
8264
4193
10912
8431
19704
4999
4060
12305
9536
24370
21561
28697
11740
29665
11817
22195
25659
7401
28565
19782
20225
24554
32633
11262
290
25110
26525
1771
29238
7879
15823
28950
16475
11951
26439
21784
6134
7709
27401
19967
8321
27398
9655
21448
25945
28887
23628
18827
2222
14267
17657
32504
20877
6641
18443
15900
16288
22568
12478
21861
22691
21183
2837
10692
8088
15030
21292
10836
2155
12133
27665
18598
12385
3779
17535
18636
17899
32276
12354
25519
19913
30094
20035
28384
22334
5266
11297
4831
7955
15048
26736
20277
29818
24929
14920
16960
14648
12939
24825
21235
15863
7120
27630
419
4353
11866
30400
10228
17674
15069
26357
23284
8725
26190
15809
9118
10258
19385
30718
30492
13939
11538
8802
17128
21048
30724
19022
29239
18269
22418
22044
1089
9517
9028
17353
14807
8748
18981
30011
30269
881
14603
11500
2234
32434
21703
32612
26646
9592
8706
1631
13604
1971
19499
10453
18722
31474
1426
19261
17804
4457
5555
12095
9204
29178
3438
31311
13374
20232
19672
9129
13398
6829
8384
20372
18070
10656
7639
11145
32339
13984
28629
28862
26973
11957
8213
21021
29345
8675
5859
7912
24906
1322
2369
32753
27079
25828
18952
31456
21795
2572
9188
25129
22202
16892
4903
25691
25266
5428
28476
22202
15493
17095
16963
28623
10708
28763
12182
29159
4853
17509
8985
13020
24889
15204
5551
9735
19195
29440
1680
15820
12562
21400
29537
5490
12536
2520
30999
9081
22012
17521
14262
27469
3977
20962
23169
22919
22358
20878
28797
6995
21379
29209
25766
1273
11257
5509
25955
13981
22132
20380
13912
16636
28334
5004
22480
12908
20542
15182
26348
23171
14321
15727
29209
30664
10398
28444
20882
30598
10731
27431
2665
1756
10580
18780
28860
23830
17146
26729
17255
22819
21376
1923
6917
26989
16479
12443
22879
7121
11582
31317
10155
6350
23441
4043
18480
17757
30180
30371
6148
31277
20880
2373
30732
1563
13192
8376
21622
29144
9593
12928
10226
453
31483
17542
15638
20936
25484
12142
18012
88
19093
10915
26139
8227
18158
11876
15045
3071
26529
10113
7942
20005
7663
30852
28203
23211
8645
21350
26227
23925
2926
22545
9959
21207
19517
11408
25280
798
1536
26152
3232
18731
745
28833
24175
30505
32321
18996
18830
27575
32690
2782
8004
11269
13014
25856
3832
2759
9796
9948
13706
14098
16856
10293
16192
16553
28421
1942
30160
22087
3659
18917
22887
8437
23849
30231
32553
14527
18743
24090
23569
25138
30199
25713
2789
13414
3151
32381
27755
30281
25024
19347
11060
16253
12381
14922
7466
8979
6424
1609
1783
13693
22704
8635
17190
1086
27780
20035
31047
22667
27520
2679
9385
16161
4195
2937
24678
15508
9399
28196
4398
7902
7380
14874
18467
2812
13701
29059
3961
4482
29000
13319
14123
24026
15546
5858
24711
9589
25566
4572
3735
14153
1768
27447
4614
21051
5783
27085
26650
653
20754
12250
14242
31194
2215
17517
27502
30496
10229
5561
13003
23949
4017
2178
9624
31089
2690
28998
29856
3946
18182
13476
22053
27266
14325
23500
2
5325
8995
17257
8270
12902
15942
3117
28815
13855
22190
18250
22239
21805
2018
1521
24381
13949
27640
19702
16247
6152
27348
32196
13199
29205
132
16488
19199
29903
488
8216
1809
15789
25693
30261
18103
24592
13491
2069
20341
12797
25392
29092
8575
4794
15194
10860
18530
25527
25508
26054
29009
9408
27222
9677
210
31972
26666
18634
13261
27840
8201
23279
20898
15159
5605
3694
15904
18370
9517
7693
17834
17772
22005
30030
6250
14853
18854
13420
761
753
21903
5115
29597
28672
1369
24612
13681
30349
4386
23299
14888
20830
8530
13532
4308
21757
22272
4623
3743
26655
19911
30265
7466
20234
23559
18611
1068
17995
28580
17169
5265
15551
4484
24526
4481
14988
11695
13325
31940
709
4215
471
1391
7102
22797
7043
31402
8535
25069
1890
14360
7690
15373
1081
20961
16396
27381
24637
28263
2470
32254
21742
23828
5212
9784
7765
29294
21860
13119
10781
22028
7807
8288
16681
7963
4612
1802
17952
27103
27799
27492
18225
7246
23483
29413
20281
2402
4111
15724
31301
19651
17138
31758
3244
21429
16027
11773
2013
18093
13781
18235
18628
23647
20058
8583
17480
9552
8144
20239
17525
18023
8826
28641
24488
593
27726
32374
16540
22772
14528
9023
3091
3733
24751
24224
10158
28379
5898
7629
24263
25688
3916
4152
15023
700
13969
1981
20904
4471
29490
4223
26795
2995
19571
22934
22499
14473
29692
12759
26902
2935
1880
10451
3655
25972
27368
2428
23285
20793
27211
18052
2334
18536
20464
22888
6608
30462
13930
2345
25639
6439
19496
17248
17560
4510
30794
23174
15770
13458
19631
5376
27112
8332
32583
31020
21642
25941
23384
9899
15643
783
16540
4543
4246
4298
88
1503
8269
5057
20209
12315
29197
15648
6598
11656
31808
7943
24266
865
9105
6
2060
9885
26474
30625
28856
8040
16117
4031
14622
391
30542
25386
30563
29976
17741
5606
16927
18321
8813
1159
479
31827
19320
4069
18479
1625
24489
26058
4603
17318
16266
9047
32610
4601
24199
20652
21486
22875
1266
324
11469
2269
11515
22238
31321
8140
10324
197
30364
6578
29399
17175
17694
10279
13716
7359
24475
24942
7614
27956
7090
8176
24293
298
28407
27629
27544
12975
12663
13658
9749
15724
6413
22397
24613
19644
12910
25169
27294
23433
11339
1448
24268
21856
17814
26029
8910
3394
3978
15582
23160
26031
18518
11899
16806
16217
27970
23809
20953
13058
31858
13455
6314
9397
29036
31585
17299
2907
25591
5932
27332
30693
61
14061
14451
1398
13976
4441
31475
28844
8799
128
24062
22177
10690
18141
1564
19898
24197
3572
29247
6809
24626
22682
25619
24383
1103
17449
2590
32758
15011
17684
25814
23570
24346
12049
11213
2501
16372
29886
22357
12293
9407
23259
3245
30107
19047
21606
4664
18111
4940
25274
16000
27038
30818
7632
3612
3820
4418
14885
11353
8121
19708
13669
5611
1222
12396
22824
20559
27525
12396
14368
7083
8878
28111
30391
25334
24931
18069
15496
24580
9407
19128
21725
8579
15206
30177
12800
31606
31990
14180
25181
19461
11904
1628
3455
12526
25052
3553
22985
26245
20596
24034
19187
21735
15477
17807
3179
9301
5818
23699
15526
26763
18650
8212
32476
23783
31156
18758
15360
6026
16594
18385
28050
31204
25101
2209
32074
17901
23001
28016
14055
9844
13576
13182
30555
4757
3339
30934
8889
32574
11075
14201
18187
28198
16516
479
18310
21823
32743
9584
29382
5478
32532
8507
4573
9860
15214
8056
25407
3332
3966
11641
2614
20688
2310
6197
11791
2656
5929
30490
6452
717
6672
945
2502
15244
29869
20226
23588
2159
18326
22884
17996
29178
13960
28570
24429
23697
18194
22575
4556
13558
18625
32685
26975
24829
18910
1901
2058
4080
18313
22364
14369
24841
1473
26846
30829
20354
25755
28980
12809
30169
18928
14155
32499
3561
13996
3496
9617
13550
10553
4222
25127
19177
29411
6994
19478
30491
16233
14208
31349
7057
2819
17195
32577
14920
17175
27274
27305
13391
28693
9048
9672
18478
24466
24439
3004
27152
5668
803
20241
22329
9684
24167
13193
31843
29482
911
6944
12540
23877
17104
29675
10449
29209
30198
4988
14134
22195
29110
1565
3954
12762
2558
25184
21893
26462
23590
16174
30781
17987
12233
1957
24183
21521
4099
22424
2718
25687
11958
26618
406
21193
2098
14280
23527
23182
31447
11452
5331
18770
8883
13326
23232
9143
20164
9209
16867
21893
15711
9778
18199
27633
28967
18774
20392
17538
626
9913
31567
646
16657
29613
13824
24274
3649
11413
20489
32379
32361
12649
5152
830
30512
18149
3413
27586
14651
5916
17061
1089
12159
1921
8409
14802
31033
27274
18291
29120
9932
11341
26492
10251
23474
30223
13990
7060
31212
26690
27435
27491
17939
24194
12349
26120
2990
14244
3085
792
1797
1029
22781
31750
31680
26468
22104
13810
9978
1608
16214
31608
28892
25066
9745
4077
21786
23559
14170
26584
29329
11574
7753
10256
1908
24925
1609
23675
25594
32213
32526
31272
27667
12547
9082
21142
1765
25088
13358
22389
19719
28351
11306
7581
13528
19771
22477
3639
18533
17191
4278
14313
23766
2328
3646
23177
18006
9952
11258
19476
30462
11370
31176
10060
20259
443
29053
29310
28680
28876
4530
32236
29288
24834
7643
6934
430
4752
29004
2422
18429
19362
10533
4144
4265
32124
13609
32406
31360
28163
15982
12954
27727
1513
9458
7486
21280
24458
24266
5512
29660
31524
22328
15765
28946
20312
18835
26862
15452
22691
27668
14590
29210
24281
24506
29148
19272
31082
1287
25685
12801
15062
12686
19510
17108
31045
32462
25453
29733
11756
28311
6089
23859
2009
22475
29148
1462
26512
31761
12566
17794
20573
16944
18409
13532
19884
31319
20850
23032
25495
5211
22128
9993
9167
2734
21870
17087
26284
4050
7250
25245
14269
25125
6376
31331
18994
28411
23249
16514
28806
10860
13117
32701
30822
2525
14507
31133
4463
27800
5703
28620
126
12587
14963
13464
27130
17914
15318
13868
3455
6337
926
22406
12750
25083
21041
31090
9681
3323
14217
11616
26291
21662
6285
12957
9905
24840
21493
11288
6360
22647
17567
11617
5751
9995
6529
924
7101
8942
9801
4580
31831
13773
1058
14496
23097
3999
21633
24630
19468
22550
3585
5466
23355
29075
28836
28013
30408
29947
6501
6881
18230
13207
31360
13383
26421
4579
28685
23116
6865
6034
25969
6636
3747
18903
14336
26318
24596
28079
1097
9948
18380
14666
1168
8176
30106
25085
26031
7553
23594
14846
7864
27699
21907
28705
29311
25203
18497
5571
1615
18075
9506
32705
15958
14924
850
12867
8907
2889
5202
17026
10725
9807
25790
2884
87
20820
28507
21104
4314
19498
2816
15314
21012
17510
26731
29567
20757
27505
8954
4396
29351
25807
6524
21760
23463
8352
11988
1906
16323
10811
6926
23489
25062
14910
3523
7479
11834
15019
23013
11314
24878
6674
4258
7523
22346
32355
1825
17226
6233
24637
28299
29150
20159
9780
20486
22135
12886
125
11468
28217
16475
10142
2854
25275
10128
10801
20044
7650
10210
17660
13800
24048
22168
6654
15286
13329
28615
28720
27680
32601
29207
1983
16427
30569
32369
4980
31385
13619
2150
30018
21233
7962
7542
7699
22750
9314
19632
15083
28080
18304
11013
15198
27430
360
2448
5905
28140
31494
16013
18532
23064
18499
11741
21383
15212
13340
15171
21616
15556
28668
12114
23812
27372
14141
3516
26885
19419
2795
24930
19720
22626
16719
29280
21361
14436
849
20707
31715
3822
15368
10346
26632
3560
17148
5821
15050
24107
25342
3586
15972
17469
23496
29688
31349
25161
10008
24916
16210
20731
8415
28634
20253
8273
17378
14693
23635
4857
32456
25563
27051
5903
6008
31991
15484
19266
21806
26179
27668
18359
21539
6100
23249
17456
140
24266
10862
11160
29200
29028
572
30177
23572
18
11290
3323
5081
31731
11273
4962
30348
13173
10169
8129
1934
29552
22479
1129
31784
19233
23689
22343
16006
28002
9596
353
23297
10472
29863
3639
5801
25660
19531
13158
20168
26447
6643
19042
12327
3693
6911
9109
6113
13341
4589
27920
7979
4987
32616
21565
9361
28584
23841
18847
3251
20453
6401
13787
314
27262
32317
1042
25761
2757
15597
24598
5715
9646
20666
11585
20785
4266
4428
18786
21443
19458
2439
7350
15755
15506
28308
27979
112
27920
23713
5872
7140
19456
11477
1496
21843
25240
21601
3226
11060
6589
11852
11094
32065
5273
24104
12008
31174
4642
30174
7870
12089
3715
13865
16404
8775
27627
9872
21346
5960
11929
29324
17932
21834
22710
985
7202
25255
31250
19419
28706
3839
28766
30016
20335
23994
14596
17162
26319
20750
7858
9833
456
26183
18077
14891
18874
6238
18416
17254
7627
27857
5116
16886
1906
6704
20509
11967
14498
22687
13013
9721
10663
22734
9987
27081
903
26659
29054
13530
4280
24620
8014
10818
9300
32199
2297
31955
25870
4664
31839
12919
7901
29077
17037
2562
27777
18768
2575
26198
16307
8682
21187
4061
6911
5978
7507
5714
23934
16379
16058
7992
10639
28223
3666
22053
1089
23379
16139
30265
10130
8287
12418
12856
28131
28312
497
21692
8896
10432
24073
20310
10920
13682
8407
21211
30243
32595
27379
19903
24487
8843
17425
22091
4896
22179
379
22347
20403
10363
8196
18112
20636
4451
17324
31028
2850
5010
7638
20213
27348
67
27160
13828
9342
5786
11235
3155
23584
24569
5411
8645
20232
12017
5905
27673
15879
23002
27743
13122
26090
23150
29054
32286
20312
29633
32484
11807
2017
9367
11117
32234
31784
4590
14631
22013
14775
18733
28497
28308
372
9667
4036
28673
9554
14836
1193
29668
27550
18627
27337
14344
15908
19953
11746
13368
6811
7959
14461
23335
21950
4956
13650
8539
16885
18212
19454
2212
10939
1461
17754
19822
27920
17010
18037
1081
32323
22928
12316
26407
29615
11661
21548
18341
24622
32515
18898
2200
956
7226
9149
18024
10598
15003
3475
23554
22026
5932
10949
7585
13038
22062
8704
27367
7690
492
32748
4429
4882
2429
7499
20420
30066
21221
18437
30434
31345
3534
18395
31127
16469
9388
27932
16922
27084
5507
21577
13682
19429
17089
11230
1456
21613
3292
14379
2479
6488
31725
12352
6422
5531
31160
26548
19818
32595
12263
24397
394
25975
13779
31650
29979
17112
22715
18925
9548
26849
7142
19491
14038
16733
3291
19681
25020
2089
32196
3057
30015
30538
25456
20390
30803
31689
24897
9484
612
12956
13474
28256
23216
5196
32367
22849
20891
26838
8909
20913
784
4808
29996
14011
4811
16386
19986
5845
12557
27474
23951
13104
31548
21769
13764
23101
1180
19375
25892
735
18758
21716
9067
14921
27077
21616
9617
18984
17168
32526
18920
29973
23473
7030
3292
22813
21514
24146
1887
28730
32312
22610
31759
18474
31062
8696
14708
31806
10409
4124
12573
6005
26269
19138
23772
27867
16746
14104
25598
28670
17283
13688
6185
22248
5896
21862
6883
28928
22625
23343
24570
7240
10398
3836
18000
15381
19748
17877
12429
27433
32670
21013
29620
4403
24208
15750
374
7900
17483
6585
23556
7241
18043
14712
10263
28792
24895
25896
199
29737
30612
13164
28096
339
26788
17646
31051
13082
32394
636
7260
21524
4240
19432
4187
21413
10255
26782
24539
24239
4609
16159
25545
25206
24006
21474
21722
22813
32268
20870
13494
25086
22607
30956
12849
11324
24760
6336
20775
24142
19922
11367
23362
1691
30755
26432
8171
17977
4588
11134
32571
28027
32283
19032
6061
15459
17545
20404
22281
7658
20235
22514
137
9616
4283
6879
18912
3551
21492
23647
8427
21238
16600
6617
22653
21854
7393
7377
28714
2330
13502
25878
22303
4983
13958
20941
23980
13717
9971
32280
30065
4852
7128
9386
30002
3473
16796
9395
15815
26779
1444
1882
29467
13235
18990
27999
20222
22286
32149
4450
24692
30588
21814
30369
5620
25927
15987
21337
26279
2989
3781
3596
2026
6756
16183
9439
9858
23991
8973
13247
1513
11146
15929
14596
13555
19869
18878
3558
28334
19806
27479
31081
29198
16903
27916
18844
30627
30927
5751
3172
10579
3478
15130
18900
16842
5592
10593
320
13302
16902
31359
6641
11505
2510
4738
24897
29451
16678
22764
14881
18988
15489
17057
29986
3655
14653
4359
20620
26714
1483
7246
14892
29225
6817
5665
17273
17925
11087
15032
23486
25762
18497
5779
32624
23312
10962
10072
30180
18646
6069
7062
32665
1786
17519
10863
8411
13357
161
16765
15786
30291
13119
10077
15003
7017
32386
19791
18820
17638
13085
22654
12312
14102
10421
19425
11326
13314
5878
1905
17236
17771
23273
14008
8667
10614
8546
11620
11608
10343
27400
16470
20016
27243
9864
32579
6118
2393
19352
11089
29189
9014
1031
9398
26654
22681
19841
868
17387
3982
12199
3492
32433
2808
17517
1889
21877
28099
30439
12736
19296
28271
29212
5034
24936
27341
23544
3424
24718
21461
25000
3798
23312
25649
12080
23900
18999
7022
8583
3141
29598
16101
9850
4801
23354
19484
11042
30210
30150
14495
20093
21071
29399
21366
7386
3127
16311
15715
19876
21486
2328
30537
30201
16591
16508
1852
9180
12664
1765
25272
26318
26557
4351
26793
2498
15267
22464
5067
3501
27602
8595
23751
15094
30513
13368
7147
9985
10734
25870
633
12184
4268
3305
25496
29298
3295
5536
23784
13845
1547
1069
23180
30063
25037
26036
20954
9591
13286
18931
2429
17046
18274
13209
3405
400
16520
15567
22102
17547
32523
30958
7203
22426
2840
2038
9849
28758
27384
5041
16866
7996
29550
10043
14554
26790
19584
5853
32435
17928
6318
8684
25610
11945
15757
577
14497
23228
3734
22748
20401
23810
23897
13950
14734
29197
31272
25180
22616
30713
5932
5714
9334
25608
32551
351
26138
9580
23433
24470
17572
22919
3511
7544
20388
4663
6152
29351
3187
9303
11937
16054
10443
9445
12149
5441
20670
26590
5998
6596
20595
13628
26447
29249
23427
4128
8347
28579
5903
23079
32540
6821
4351
8208
28838
16183
31388
5348
14606
2930
5473
29479
15760
7077
4057
31565
11767
16734
27035
17757
15327
18877
18691
7093
19194
5397
30181
17478
26202
20311
19391
8440
29172
20444
25493
14084
1578
9912
15816
30833
18915
24312
23438
10413
31403
16655
25036
6246
26215
401
31236
21943
13994
15597
11147
3283
18511
4285
27577
25896
22236
18828
15434
24328
25009
8593
7021
16359
19433
6846
21270
31374
23550
19459
16610
3173
7092
11370
30201
31049
31372
10260
18855
19610
11910
31536
6375
26509
32573
14816
16640
9841
17608
26619
15983
31913
15170
7350
18301
24375
23545
28731
16003
12084
10006
27880
24598
430
15224
29470
12742
7903
17795
17570
4564
31223
29747
21722
28043
20384
7569
18040
3969
11983
12000
22054
10654
15347
1364
8881
13881
23165
22420
24908
8517
4283
14823
2450
17709
9276
28026
13264
843
529
7253
15626
25345
28250
25682
16964
7744
8548
1071
12962
21121
15735
19163
10705
20717
9422
16683
17731
3597
3421
24939
25602
1401
12282
15696
21357
32228
32365
32706
25405
15030
16425
1419
32265
29839
23384
5092
15100
8574
16447
2436
4804
13752
17402
26610
17292
95
11229
14307
9670
3594
13262
16765
20838
17302
9927
2907
27403
6691
4246
8830
22745
14002
15896
32384
6718
21607
17270
20137
6292
32446
1990
13532
26665
15234
15814
16783
1670
22526
32001
4065
5476
889
26548
21605
7387
28605
6216
7793
18637
2763
16436
6528
8912
16265
15982
29508
31344
32482
26607
18852
23604
7638
3012
23090
3794
3172
15824
30534
604
5753
30778
31698
3868
2200
17087
21783
15555
31202
27227
29471
14822
30096
21207
25431
4174
25078
20319
30295
18758
16696
7619
32378
20728
10862
3220
19822
23640
11881
6791
20387
9982
18352
21417
10448
6915
26077
17195
28597
1837
5946
3780
2119
12150
10814
9638
981
3728
14001
24812
32191
5423
25933
28920
24436
22951
30084
5454
30534
6623
3618
11222
6811
11169
30213
20
27789
9527
26846
24540
26106
13766
24020
20848
26781
774
16169
10005
1971
28270
23938
24181
10314
15414
3192
31940
28261
31741
20687
11461
17844
26131
9086
17709
24252
1588
793
21481
2245
19844
14610
30525
516
19050
7835
28880
10023
18842
11764
7978
15342
22788
9592
29027
29372
4181
9492
7533
1498
24669
23762
27584
3065
14562
3559
4766
5081
13827
17985
13193
14705
5258
1554
29057
5472
2952
27088
10973
26863
17003
6229
13794
7719
12960
25326
29775
1529
13553
16496
3476
16297
12517
4743
1775
11309
7011
25601
8049
13634
3838
22897
13094
12310
13836
21380
26667
20894
25420
20132
23849
2863
32731
10207
25156
21840
20108
15133
23681
18678
30193
28217
8689
25437
10841
2930
14414
24712
15349
5010
13215
24188
14379
23084
18053
13203
13210
17299
9184
29275
31995
30355
13254
28478
26600
16555
29322
28160
23444
32260
21276
21212
8518
31614
2169
1344
22055
26811
4380
25653
6578
23736
15292
3943
11061
23438
8791
19545
20213
22638
24933
27156
12636
2384
5229
19847
26876
14545
5584
19055
17061
4347
7969
15508
7737
24170
1024
12474
27372
19778
13282
20590
5495
31362
26029
27456
7165
30456
2057
3596
20827
21088
11271
19320
12055
7134
6405
10694
13628
20746
31165
3443
6604
25034
26429
697
30365
13205
27410
1911
16172
26219
4696
2824
32181
25109
9816
14489
14297
19757
24347
29753
31669
17166
19143
30456
19031
11812
6567
16451
16625
20926
29918
14629
26449
21868
8534
32641
11634
22418
5090
3701
28004
3299
17111
14087
1501
8177
15505
23852
17424
28224
25332
19744
11849
27192
9883
16552
27962
16854
32499
27423
23158
26807
12803
13356
3508
14931
17370
27398
10753
28267
3410
15443
32198
27620
26099
28063
15706
25645
13516
14425
24090
20036
8192
26116
9958
1254
14679
6467
31034
2297
16724
6094
16604
31206
19057
26790
2790
17208
16037
6246
9703
21962
11005
13286
541
1234
6013
3217
22549
18565
18257
24897
32103
1363
15363
28513
10093
31451
3854
28375
5235
23935
17659
16533
19416
26132
11629
19424
10269
3003
16442
2287
30245
8168
22460
2847
10652
18537
29841
21099
19173
6176
2665
5819
29019
5841
15349
32654
21600
4966
5450
6380
5349
13726
8292
30182
13486
26033
2815
17930
13485
11986
9224
8780
11734
17179
7224
27256
27930
23491
7935
8956
10914
20119
17281
2480
13004
972
16863
31763
1351
7760
20739
23952
3213
19358
2392
9513
23627
16998
4675
13816
27207
2693
13038
16133
16782
31059
3053
13507
8234
2287
28804
29078
18230
13689
3036
8270
29005
24144
6149
26225
25131
24255
27462
25206
6893
9066
13069
22012
3174
9719
31135
20077
25976
30026
15825
2387
23387
8012
14477
4540
10060
3717
6851
4158
16221
3432
7514
18753
28727
282
24618
26186
13115
24454
25587
2489
2908
14812
13229
15868
31961
2966
20849
26639
4614
20522
7409
28416
5491
1472
25242
1454
26396
26719
3329
32243
13484
28040
13304
30721
31875
8610
18580
28070
20278
23476
32693
30225
30891
26911
4739
23043
11399
16954
19845
18798
7539
28772
10657
22338
9536
12041
3889
16014
20628
19647
4735
28622
169
3268
9843
29701
15483
5508
31019
12699
29907
11602
10161
22711
11208
5860
7226
5798
28306
12704
3373
14039
15148
16210
7567
5039
15153
9168
29271
3846
13277
24025
23891
4965
6332
23000
24605
26136
27463
23551
9693
2292
21361
762
29209
24818
5497
20651
14124
14634
16037
30419
24641
30324
23111
26850
24776
5752
32657
19748
2110
8690
2571
28297
18335
30374
30262
1330
21066
14186
2719
4105
32430
19078
17854
24299
11088
17607
123
24708
7684
15879
12327
4331
30428
17701
24490
9506
6320
8153
32583
13046
13514
9792
10602
4460
20537
18697
28369
6263
30684
642
28545
8532
31042
12748
1251
30544
20756
13896
30687
19537
5343
4830
5929
16845
14142
24737
18802
18570
3198
20845
21349
9056
29217
8974
6319
23750
31084
24549
15923
27347
5741
17820
21381
685
6807
20132
23903
22319
29103
29825
31229
28526
10862
28500
9226
26248
1502
21117
23779
30453
13005
15138
9085
9390
4427
17617
20662
18026
1371
17706
158
2402
1323
2052
13853
2770
29152
25328
28079
5108
16688
12691
25864
19184
20376
19702
6020
26141
9572
26348
962
28855
13932
17420
1359
22998
4294
8210
6306
7046
23121
25891
16595
22831
13060
6798
29058
20694
14025
30810
29138
29078
8461
10288
6662
6979
16739
27015
12495
4041
31415
31257
19918
1864
15145
3379
20145
31915
21787
25648
2340
22151
28207
8860
4170
27498
9925
20151
6737
16058
21766
25206
11720
900
18168
16154
1122
9282
27012
298
11858
11196
1202
20268
12537
4091
9425
25318
21550
19738
19570
28949
31250
21539
16176
14617
20520
17910
8392
19286
6051
24838
28949
20371
5828
26439
13540
24913
13027
14877
13008
26064
1927
7727
21631
22599
25514
26371
19252
2702
819
9217
31680
17189
10683
9968
11791
28838
4573
29437
9294
15984
25280
29308
4489
11348
9657
19436
21635
306
23905
12122
13094
18717
12571
21190
32441
28122
11498
9733
25928
8888
22345
24477
14560
31849
16176
21733
11757
17387
23566
3193
23810
21283
11876
14813
26371
5993
28806
4240
29635
22139
14611
27136
23904
20633
19544
16894
28145
3454
18958
6421
5354
32412
2074
30828
21802
30021
9836
14911
16896
31893
11980
8168
26502
9415
29678
25557
27858
28885
6001
6453
9231
14666
29570
21242
5672
22225
26272
29557
19130
3550
32461
28056
22322
10796
1896
2136
15112
22146
19020
13458
717
2008
13089
22690
3150
21130
16190
3524
29621
28000
26801
4583
22738
6197
3280
6770
26384
11912
22937
17155
7975
26214
22871
10402
16672
3909
14384
517
6002
14157
23888
13656
416
9810
3861
14532
13275
19480
28161
31485
5315
5307
12128
16219
21943
12426
8165
19636
3116
14912
31487
2998
5150
32029
15601
281
8272
8707
26134
17884
20139
7241
4074
9566
11291
11492
10224
28494
23347
14298
1256
6025
6823
10884
16105
4932
24034
25090
25784
25558
26507
19409
20952
27262
19977
1911
31046
31151
7760
26882
11429
19802
28567
4961
2129
23385
27274
21207
20054
4064
22211
11802
7144
9757
21479
2203
3269
25818
1476
9676
26310
17157
29467
10967
21302
18721
18707
28417
5014
13045
21860
12105
12394
29569
27611
13763
17566
3029
31749
5087
29166
29694
10397
4307
19185
12252
6598
765
17973
19617
24270
11659
20207
27496
5072
7731
13181
7138
7575
14605
22715
16650
24245
23688
15153
18824
31512
16176
3285
14303
16998
21274
21043
5582
13228
28691
19906
16666
27014
24785
26215
14479
21610
32610
11789
5110
18543
17882
27854
18117
8805
20995
17603
9917
12192
29005
15661
18099
14562
29775
6108
4026
13296
25365
2962
7471
13684
25424
26173
9117
17564
5393
11398
13866
29303
21739
21625
17868
2089
31250
2747
16038
27233
6797
31043
3065
18457
605
32394
29404
11280
20891
862
4128
23114
4138
136
19697
29802
9591
18439
31936
2549
25840
2987
11086
11156
682
17380
21756
6843
24666
981
9804
24328
25015
5844
24743
28086
31996
20100
904
24353
196
9684
13285
8953
23001
19451
23177
31358
4585
3553
16837
7610
1006
22303
20216
17488
15635
8655
2615
5090
15969
27596
28997
10264
3809
182
25759
26685
30492
29771
6684
7879
172
25715
30686
10483
2380
17033
5980
6848
20514
20760
3033
8091
30180
21156
9492
31407
16885
13636
18475
18388
5804
24144
2427
18746
31793
16946
4239
25765
30791
5549
8276
5477
17560
30133
28228
11537
30867
28143
9108
8001
11768
9154
13008
14054
29190
3434
20606
20948
1913
12611
997
26934
29719
12835
29730
24078
9997
32018
21933
28783
5763
3657
12280
2363
25391
29409
2976
19885
16538
1147
176
23727
9648
16214
25858
13183
22547
7886
32608
9457
11531
23974
27233
19750
2272
19094
8233
29775
13059
26735
14140
23679
6482
20352
11124
9040
11884
22227
20659
26660
18789
27979
28825
22654
4987
29430
2747
4111
17134
21875
32032
8082
19495
10557
4948
14
26305
8802
28269
32461
27601
9567
32152
29380
7530
21360
21381
15082
7517
32156
8728
16367
16704
7065
17187
2206
23867
31698
31038
19643
20085
28932
27386
14423
31831
26663
9208
7546
26414
4231
26014
30663
31918
31539
16657
2768
2858
8454
29417
6926
19662
15226
32191
5992
13034
17102
22596
1454
28148
31080
6082
16662
18644
28021
12317
9744
18556
4735
7299
16153
26154
23327
22230
9988
15079
27686
6878
5911
29861
22326
22442
26920
8737
12960
29425
3941
31171
12994
2068
12869
10933
19521
15931
5291
12657
17977
31421
4028
21192
5863
27670
749
6338
6396
15548
10518
12424
17097
13884
29795
24795
25756
21477
7306
3766
15201
12525
31560
29451
20652
12502
30812
11480
27257
16991
23396
30291
7352
4201
31220
28590
9850
12839
10324
28185
27962
14201
26723
10668
2049
30044
32551
8661
501
10364
22646
8245
11460
19261
22438
9260
20998
31672
12450
20854
21743
9464
6223
15946
16603
5251
6436
23971
6120
27797
23439
18893
29169
13614
10478
24787
2586
11263
2564
12261
139
9006
10599
1505
31040
21137
26969
12277
8981
11607
25375
23316
24756
1196
28926
11985
7031
27133
1714
8207
23173
25724
30444
23406
3453
14480
21794
4785
8783
23868
4536
21922
3275
20580
24753
16702
16993
3515
15480
31135
3898
6827
20684
11986
19714
15387
9885
29255
22896
28828
2914
28180
15909
32041
1578
8802
22193
13286
25510
12375
15586
1874
32701
31080
23690
3689
20802
21762
17110
12634
20676
1829
12767
26159
8752
19454
3258
8387
769
18196
10989
24140
18508
8427
30926
1409
12250
14923
12560
19909
32595
19074
21871
10445
18951
17394
17534
31360
25094
29077
14640
3318
14790
21828
31383
1544
13327
18591
20338
18390
13891
30843
29536
8489
22576
15622
6491
27904
31886
25026
21290
28509
110
18430
21895
8132
14761
30865
32669
17238
24125
6386
21120
13864
31352
3484
19613
29502
30788
23197
30149
1013
18956
28635
10366
17307
4548
6209
3687
6667
8384
25300
27511
11959
26861
30141
4777
17195
29646
32010
8064
31776
29314
24982
30432
25274
25322
10368
6969
28104
15193
4917
11939
30365
25969
24918
5896
23924
9426
2965
19977
16384
24012
6985
17821
6912
30110
6079
3453
3339
17584
25651
18480
15366
7126
10972
4000
29502
9221
5137
13969
22854
142
24194
22770
19046
22653
415
18999
8626
3175
10529
27376
6004
14541
30224
11798
23344
32439
13882
24421
29890
2746
17234
14856
6486
9023
28359
21582
19404
31604
29885
17898
15166
27915
16474
1492
28976
31281
25386
15768
22465
8019
6089
21212
23141
28343
22976
5255
3578
14659
21155
12443
17503
1706
23731
15718
26223
12902
4342
7384
1433
14199
17613
32320
31890
6829
13886
1083
24128
8446
6242
28402
2650
22824
10716
27663
24869
13898
16743
11025
23187
32577
12191
26543
8145
6468
5233
10429
27014
25249
25137
21483
23353
18542
19466
21574
28131
16034
18702
7162
5957
10330
25291
12718
26943
5757
1235
22439
25317
5824
25746
14319
112
11152
31630
13050
24768
21510
30488
27469
10876
23311
9867
17085
25758
7449
16594
12239
3123
25025
21581
9092
25467
32612
21207
10629
26446
3815
13766
25636
13192
2731
26402
21074
5115
13844
3996
28162
9460
2133
31550
14275
25147
4038
86
3589
29734
20875
28746
13645
9130
28965
5991
10305
23102
1650
30218
21874
13219
6947
30491
7326
15501
17381
15909
15497
13498
15734
22638
3763
19399
6592
4009
1627
2035
29336
7707
5376
15857
25893
6540
10903
5221
25931
10995
11268
30288
17982
2125
20501
23403
30434
2177
6085
16107
25097
4721
22843
9420
10557
31390
7567
8961
17971
25037
12443
21867
10685
20028
20783
12436
32127
16037
7585
14694
857
3923
17619
12220
17646
5455
29392
532
10473
29304
19539
18897
10633
20939
28083
30435
19624
7661
21632
19444
25504
13931
17528
8834
32047
9968
25700
11256
4494
23386
16759
4007
8950
26307
2999
28688
29551
2621
1771
31135
24452
19803
3022
21056
19114
13979
27280
8556
30423
12163
12096
19844
26098
32253
28057
10500
13796
4406
15082
25283
18924
1859
12244
24324
2847
21574
24228
13595
5035
15302
3975
23410
18823
14057
31760
15229
27982
22381
21057
9915
29435
26404
12037
12093
25796
29475
29811
21143
29092
4854
19449
16858
18819
16575
16788
28811
25340
2699
27847
6270
31394
27958
29185
32497
65
16578
31441
10705
14296
1168
19042
3031
29559
6779
30031
23010
11829
11010
29516
6665
6269
22344
1324
21151
20244
13431
8684
8958
3830
7667
30532
29165
21866
15220
12244
2569
30318
6957
18644
1565
23928
25040
4382
9526
15587
23806
24239
20286
30877
19391
27473
4533
31005
26584
13140
1965
25072
9616
4088
22181
19023
23589
5235
1224
31108
5045
23014
18611
14045
18341
4633
27894
103
5623
3043
25809
2259
7217
16430
7181
1407
25464
10379
19173
19302
12439
8217
1633
31017
20300
990
7152
14145
27612
2888
17142
19987
27042
6866
14796
20969
1051
29233
30791
8305
154
22984
27128
418
22597
7745
27602
18864
1659
20628
27543
27936
4397
4048
17722
11452
6416
12952
7611
13752
5982
15498
625
4023
21398
4281
23444
25544
3374
25375
21916
6170
12479
17433
27928
2712
7731
11189
25494
12319
31559
28003
21589
1892
23877
15494
8162
26761
29586
31261
9514
10537
2717
30111
15465
22735
15108
5425
5185
28523
11293
18900
21119
15388
24352
6019
23600
27141
12922
22011
27924
24275
9191
14950
5510
17789
21847
9765
30952
8519
10895
31715
2437
20966
10193
20855
8060
10347
6715
21534
24052
5710
25383
31828
31251
11218
138
18066
6931
13779
1233
25254
19546
30818
766
2696
22613
11711
9649
15480
7103
20310
32256
5295
30266
10165
23607
18750
10573
24512
8800
32090
7413
28416
43
7329
3171
6859
21012
32103
23590
21553
17633
31107
572
25502
32494
6721
8298
20189
14011
11252
19863
23886
5465
18260
15122
13468
2214
15027
18827
17050
16459
4505
28225
2780
850
17373
24755
23520
13210
28450
8852
30801
29404
1714
26077
6480
16998
14574
28252
12565
9830
931
19445
16033
22749
3144
10466
11259
15952
8948
17288
28744
20098
18707
4700
10672
28279
7504
21847
17158
24725
1091
13753
7500
4954
454
8822
6082
18756
28122
2551
27335
19053
31345
29852
22724
22441
10153
8361
31862
1504
23934
15005
9560
6239
23231
25057
31951
9273
13793
12609
26013
20356
8785
21919
3301
6223
22044
30194
7526
13948
24964
25388
18564
3624
25296
30352
20856
7342
26717
27756
25532
26191
11864
14867
29427
4181
7540
19642
11531
713
19212
31653
4863
29872
14451
1142
4365
13990
4476
21475
22451
3561
8754
6597
5335
12474
3699
15746
16426
29540
7174
9733
18645
14502
6174
13488
20708
3481
22695
694
9889
32646
27331
5827
30372
13663
31956
14367
26782
13477
12
4455
28845
4139
31603
2722
14211
12270
24030
3880
15656
31454
11651
15559
15907
16925
22575
13086
7402
6005
26025
19897
15791
9443
26775
14174
4266
31986
3326
7662
124
22222
3711
23269
16977
6996
20671
6332
554
142
21114
27025
13471
18837
23915
24632
350
8515
27950
22555
29346
28008
16238
22848
30465
11472
21154
1829
9678
6557
12447
8590
10463
17509
31127
14271
28699
5363
4684
3379
27396
31237
21798
26282
4620
28103
24011
28677
15776
5098
11860
13827
22272
14903
13498
7242
15823
11515
12551
19843
13336
23232
13937
25797
12008
8930
1313
23331
26095
30831
23854
17439
21953
13284
27083
26785
30333
10806
5769
27925
21144
27380
28815
3465
12806
8892
9936
19945
2323
3842
6764
28269
32359
9223
20523
11307
27225
1797
2770
9778
1253
25237
9083
22274
10143
24950
26361
19615
5122
7358
18358
9182
21711
6852
17931
6043
27514
30075
4195
27758
17553
28774
15351
28371
6557
23306
517
10509
24353
24268
8369
10561
13215
2162
16067
8858
19365
24889
6276
14870
17359
30500
18273
32545
5197
17563
23266
16436
14351
17383
9039
852
31035
13485
18172
18930
20110
19534
5457
24394
11079
12603
32059
13589
304
22951
11531
20543
26862
32746
16191
28719
16807
3118
2767
555
22361
24480
13960
19656
23326
14121
13856
9301
25282
9064
8433
3388
20437
28395
29143
29969
6580
519
15831
21485
5405
16525
1167
5486
15239
21469
26565
30610
4810
31265
25673
9271
12948
24201
27812
25827
17147
22983
21052
31553
21694
14298
20926
12023
14841
31527
9756
9441
23134
11790
7281
27877
12139
2871
31120
22674
23110
19374
8391
11780
28967
21562
17357
7060
23586
10229
18458
5818
31825
2272
31281
16513
8857
322
5730
20777
17974
1980
32429
16984
8171
20157
11355
4936
32499
27624
12714
23270
26954
21671
30422
25630
31788
17441
27486
19400
15272
21633
23579
6600
31047
12867
16349
6434
4739
12531
32595
29571
22143
4768
16171
7221
14915
17697
27673
117
25766
29400
14811
31322
11446
28940
4699
7468
21002
14263
32447
29148
21390
13882
17227
1021
8793
5571
29179
12701
21196
17255
15151
18944
19723
18568
21638
13149
31319
8402
10781
28146
26315
15535
27099
28890
3904
14165
27622
32420
16632
12152
27767
13482
7476
17116
10340
16725
755
11399
14548
9609
32684
21748
28516
7544
24116
25401
6014
28988
8119
17469
28648
2563
12450
19251
11315
8703
29968
14029
27155
20104
8752
32267
32766
10840
5469
30323
9886
22601
7350
26983
10020
3803
1272
20645
11355
5372
25368
24356
13714
5018
22581
1758
1623
30471
21575
30597
20549
16957
12889
15552
15702
9096
16599
7636
27109
10565
31933
30215
25455
19489
18130
1078
9945
16739
27637
32643
6490
11100
10772
27856
32157
10883
28397
16658
21429
1007
10113
31902
28795
12259
382
21840
9509
17639
9924
17228
24744
19617
8394
31840
9624
10059
32048
19930
18116
30908
18605
25202
13189
28702
29965
10873
16550
7578
12356
3577
18651
27108
11445
16952
7653
325
25941
10105
31149
3863
7217
13388
15560
15686
32549
11350
17549
11815
4078
126
7984
15777
29999
31788
1577
11884
16049
30635
12885
24154
10039
5966
1243
5947
21331
25344
20422
14800
4852
5786
18051
2269
13508
19817
17568
3687
14962
3414
4861
11826
19492
15054
6640
17407
3142
13837
26881
1473
10637
19288
32121
2542
3935
7135
26712
14449
30271
553
6031
13937
12085
5277
1369
9752
20447
10751
29735
32118
17402
31090
16061
32613
24802
5631
10145
5357
24037
4
32133
29546
27908
1103
21550
31916
3113
25369
5191
10078
6364
24342
364
27976
8328
20849
13819
2364
26208
3602
17829
7995
4513
5329
26764
10908
3641
24351
1154
32264
7419
24311
18670
8396
21010
19567
2927
3608
15395
4659
32411
14762
5546
27461
3245
15663
12926
25993
22454
16674
4273
20607
31216
4800
866
19126
905
4829
6627
3388
21783
9967
19419
18460
6267
16316
10589
4187
29090
23872
29044
18000
16568
19677
10730
2607
7691
22112
5861
7009
17824
2810
23412
9208
26989
20244
13611
2805
9068
4071
18890
27356
26131
22316
13388
372
18536
18239
7258
31190
19368
20089
14902
20648
19234
32105
11714
14123
8472
15931
5234
28192
10689
15854
29771
9656
16751
10178
11735
21857
29116
6136
3181
2211
23095
12054
13943
26581
28939
4176
22719
24214
32199
19439
17738
9076
5418
18849
13440
8054
2948
22827
18387
4340
12966
25596
13987
1147
9321
27713
15455
18376
820
20148
15612
20320
11861
18954
25473
22116
11141
25981
23870
2082
30528
21487
2927
12502
2383
4712
11151
26256
19081
12205
12208
417
7458
27093
26188
26947
16620
21695
15782
25014
7111
3494
14241
15383
29960
10672
20114
31676
21987
1244
5381
24399
16810
13678
7064
30866
14169
25471
5850
8788
3838
14004
1025
23937
26875
20665
5244
10961
17272
31183
12809
9238
14454
2107
18987
19093
3190
31191
27776
31019
27891
20598
15404
30891
24322
27661
20625
6127
32073
25368
4439
2127
22030
24625
23640
5255
23947
25873
1300
529
7600
25378
701
4686
13303
31442
22659
28002
28433
18506
5695
25949
30250
27637
3948
11577
16686
22600
27300
3305
30902
2263
18025
25421
29650
5889
25299
18843
424
16812
25962
22378
15967
26320
28593
19261
23913
13947
3462
1605
11268
7531
9526
17753
15847
22622
19325
8691
26632
11174
4302
26594
27028
1178
31542
15059
13251
27778
23324
20248
30721
4842
17336
14029
29799
21447
29199
1855
29683
13802
24133
17365
20683
13090
5972
21126
5248
2401
13377
20096
24062
27781
28041
26571
14479
28554
2655
25570
28302
30659
27829
1917
7792
24248
29482
7953
16962
29159
11355
21603
12963
9527
10422
29289
12111
22082
18893
543
3265
3453
13450
31210
33
26532
6059
3505
21007
23303
19592
1288
32482
11412
21599
26900
20859
11601
11344
4700
20163
26094
24309
28557
12915
6117
10429
17616
21803
21616
618
31417
19507
9150
28900
22948
30720
27486
30250
12
12090
10493
10844
12773
4511
2185
18002
29509
31535
1383
16591
31460
22873
24762
17065
6096
13262
9854
5115
29470
23640
15953
13523
9921
4103
8730
18694
24491
13083
3002
3074
5875
28152
25632
6669
31247
18968
306
5523
25559
30901
25927
23794
2698
16310
7227
27853
32706
17287
1606
13219
12674
15278
17530
20484
1819
31545
12789
21284
2609
25221
19382
15576
31716
2289
26589
3437
14245
5860
16673
10491
7138
9564
27859
4844
19489
8684
10188
1923
19668
24144
8311
13135
17528
17544
12295
24945
29826
8058
5790
13163
22504
27496
25197
2343
6306
18276
31764
5997
24250
11771
23085
14831
18226
9700
32256
866
19019
24458
829
17787
10732
28786
13890
6779
3525
2989
27933
13333
15860
27836
28661
10629
14172
16037
6186
13354
26967
31691
13047
21746
9477
31876
8124
11316
6353
5827
6650
9744
27591
15773
11238
10361
13736
13520
23748
6702
16925
30608
181
14444
20008
21302
31603
15983
32148
26666
24760
16886
20597
30697
31555
29054
7360
2107
6341
13469
9011
20595
26726
11725
25925
30577
30326
13638
2255
1877
27565
11800
4103
17879
4505
26914
3812
28667
30662
4518
138
6144
28426
20004
794
31380
18964
28531
20491
15717
25810
27282
9914
3007
23642
16448
21949
28602
10972
31447
32196
11445
26428
4199
24152
20864
15765
15843
23747
11614
12848
7832
11033
23037
29091
10405
10294
27050
10887
11136
31456
17283
21917
18811
25452
20594
12320
29000
14829
28948
13838
23029
10906
26376
32736
31264
19203
24921
26705
14442
28255
8190
13002
13385
11182
25958
9928
28727
4582
6594
2805
18426
9054
27785
7063
25298
12435
19222
9919
18396
18267
11721
12979
18611
20021
25551
17243
17637
15208
25288
23318
12376
6081
1062
13424
7603
19396
18708
18130
25944
14808
21782
13085
20555
18441
6281
22017
13384
25914
12221
18537
30554
434
12895
24787
21189
14245
13715
26088
19681
31771
30758
19404
12580
8731
31736
22381
29451
14767
22170
4978
23157
3407
15665
18842
16024
6508
10046
7819
28557
20429
2567
19288
8158
18827
16290
6444
25839
20853
10465
29546
19238
31682
855
17666
20803
20610
28094
3638
17962
7331
30682
19255
7778
31201
12592
13757
19578
164
29678
14097
6615
754
18975
25042
10961
18587
22010
23854
29628
22990
25287
18284
28477
14326
13206
14801
25173
2696
12371
2135
6948
7460
21656
16990
16849
16216
4874
26530
7931
23732
27607
22737
31264
8681
17047
22639
5993
3143
14980
10718
9961
15176
24792
925
15417
31103
9422
11494
4388
4974
30814
5964
3966
17698
31420
25634
12331
17056
17609
2556
23282
29503
1676
5531
6016
30441
9742
12892
20110
20146
12695
12967
19430
2212
5217
151
30954
22462
22642
12822
19777
15088
7628
21278
8386
32476
2022
24616
21815
21959
32491
4245
2093
13920
354
3192
3791
10357
12982
7314
16736
13049
26133
17681
1859
10873
27359
22894
30756
8008
5566
26469
30809
25026
7410
14315
22277
1391
28754
5552
30910
20493
1538
26878
10193
29480
18463
20742
26164
8050
13086
5867
16259
22993
28107
21354
7416
27392
2669
3056
15452
18185
7700
7944
11033
23371
16669
137
27101
30086
3406
1463
18401
12788
15481
16220
31662
20620
17787
1979
23641
3789
14068
12584
3555
21804
11682
8447
13640
7459
11908
8835
19668
21419
28729
18258
27152
5546
1879
29377
6099
20935
23448
12505
31572
13950
25539
8366
8468
22215
31643
28674
22144
21471
24433
15536
19769
25994
26064
20632
28331
2734
8689
10573
30350
14344
21526
32312
5791
32588
13734
2610
31185
12173
20363
10377
27171
17440
11864
23768
4109
29988
17284
16898
29132
27815
23179
23434
30620
23256
11172
14895
26313
1508
486
13148
15468
27072
29874
12186
12954
13467
26364
12185
17682
1802
27553
18168
7034
1064
31937
26772
9059
11838
26616
21441
32599
11807
32120
27318
5134
22891
25389
23040
9864
27195
32300
17792
24563
23178
18838
4694
23444
28208
26317
31347
29882
2299
31314
1803
28239
8042
24955
28731
25156
13698
17605
19223
25006
24003
26827
8774
8937
19432
24678
28054
18271
3265
21900
2944
28464
16008
13294
3586
23016
25103
2556
8360
437
31253
29758
21073
28001
6489
10439
3668
15040
4312
17799
32351
28719
2032
15492
1413
19650
14041
15798
13577
4721
2
2711
17516
1518
2225
3916
32273
24448
18506
3051
26297
19186
31588
28872
22273
4279
17532
2006
32706
6187
12137
20741
9162
3039
29303
7827
30569
6487
9756
28724
2990
31929
14440
622
22254
7748
29189
6450
24972
29929
24462
28930
432
22093
14454
17923
23493
12295
2491
2187
5883
14503
26609
12075
22015
20626
9096
12841
23667
31842
13829
17215
13088
7701
18692
3105
6476
31795
1668
4557
2513
31219
14635
27065
1180
30881
6836
32223
25990
783
12644
22159
23415
26489
32727
13275
29443
5832
11025
11991
31156
24098
18931
15605
26948
26826
20017
12079
2831
9414
32057
25623
27262
24240
7465
9783
29531
17
15143
5028
14883
5081
12755
30476
6785
24300
24452
13376
27189
16803
22636
23863
27282
17270
19484
18667
6987
16161
28289
13806
19448
6310
17810
5698
2430
31628
4027
17110
26441
10332
31478
13350
25392
21608
29624
17725
29038
29793
23815
26500
11360
17995
19322
1947
2093
22704
27026
9426
26070
19266
4370
6225
13849
21092
9378
30758
11016
26045
11666
6377
26715
31174
22065
12521
31045
24227
30384
10312
4517
31778
8717
22157
10094
4853
24905
17875
8171
17344
2965
25370
1968
27560
25747
21066
19623
25517
25859
3976
32744
4620
27801
8080
15528
392
7850
28164
26484
14769
18442
17719
29414
11461
9546
8907
24954
27845
27082
31890
10407
10231
9772
23883
4306
8245
28096
377
18755
30680
15309
3575
4463
555
19553
4052
25279
6669
23714
643
9953
12527
28781
17379
31988
5973
24632
20155
16974
21945
29977
14393
7487
25574
2229
22725
30562
23379
27741
1746
22125
26651
5854
19598
577
26547
838
10542
20853
8865
19584
30185
25428
17533
32636
23945
22891
22923
16318
17830
26206
2033
30509
1847
4369
24004
27091
30467
25572
23752
14696
9932
11264
14450
31276
19077
32382
26006
32649
23000
2166
29322
1472
690
12841
3952
19757
29009
10294
21619
19741
28517
18399
27126
5061
1467
20237
20609
23471
2412
4804
32276
19984
13658
16553
2608
16737
27051
4442
10739
29022
29891
10968
10607
18409
4284
16398
10702
32759
11212
8212
1917
4183
18632
16182
6537
20118
28583
14086
19556
14655
1018
23206
15059
21782
7301
27599
29494
9050
7640
26705
3048
19160
11862
14022
6795
31900
18638
27328
3316
5970
19726
27181
15661
7325
6596
4960
11845
818
11401
12583
32565
12182
23865
1938
6063
1958
2786
18973
28801
18262
15115
23979
18569
25744
2800
19627
28800
236
26817
3275
25934
5090
18122
21498
7503
24226
691
18493
18277
31367
29613
3764
3608
2824
16513
15968
26378
4648
26509
29490
10135
84
28009
30831
11862
3755
20505
28124
21383
20014
12791
16021
13389
17794
27162
8190
240
9098
18715
28862
2951
9659
12572
121
27132
5807
12843
23758
19010
6477
27389
18317
3210
516
27803
20056
1479
2495
28685
1190
6585
3523
13926
1995
18139
17499
22321
19126
19629
2732
11106
2393
18264
32383
21746
29535
4243
19369
20344
25027
20042
27482
12026
28470
4792
30021
16785
10945
15923
26904
2956
27909
15239
27154
18334
20908
8027
17072
1845
30625
15527
18196
30596
18427
17541
16485
20992
30804
23835
5062
13156
20846
19220
21803
5085
3571
14978
5791
21637
22706
32165
4306
17145
8374
2557
23651
26166
15300
26288
13660
8080
25897
8723
21214
7004
18148
12074
25001
29038
18868
25402
10003
24047
25366
15403
11366
32406
14651
22744
14131
11446
26874
25961
24080
31084
11419
21012
1856
30821
15051
5495
24057
17857
14365
16713
28529
23
25025
23216
20191
6023
28137
27722
20417
31993
2443
17200
4122
10469
21407
31006
517
23582
15566
27532
15323
24226
21365
27914
5666
11831
17794
17219
20861
17567
31476
31119
5861
29391
25683
12189
16280
18791
23229
30773
8611
16676
27811
1154
26257
5293
25690
26488
8083
2532
14569
17960
18687
8528
14046
5806
24669
22306
22789
3054
22593
7403
9255
26684
29567
23809
1456
28728
7241
28827
8775
3896
2933
29103
27727
27198
6088
6538
267
29610
8793
24242
20365
31418
17149
32193
26962
5037
22265
19161
7955
21061
5527
8596
14829
20335
18256
8089
19419
14828
29722
17087
27679
3708
5671
24064
7513
25279
23770
22073
24720
14640
3199
30655
16929
20660
31609
748
27744
382
13820
1467
21855
15339
26379
3704
26475
1992
7570
825
18890
12468
20126
14280
3037
16237
7713
8783
1972
27721
17961
31937
780
20798
1545
16523
14225
19878
18025
7395
28277
23529
16900
20449
8302
3249
3955
27470
19216
4686
5566
22760
24372
26506
31686
18666
15758
12914
21331
9601
9203
32701
27519
17947
31828
644
2665
30869
2684
27844
1823
14977
10159
5568
704
31938
3929
29484
10620
16129
28030
25182
21563
23111
10033
3310
31634
9684
12705
31141
27282
19240
12957
22331
16439
22349
14468
8480
14137
29130
1643
7714
13697
19996
10950
20911
13719
20611
31780
23675
21861
30850
27069
23348
6745
220
25648
10879
4073
20919
8486
25845
1831
10727
536
2872
19080
26691
21706
24217
6426
6991
17983
22616
15854
30932
1967
16724
8265
29051
30522
6669
17708
291
28833
17456
5313
22407
6676
29019
10470
10621
9491
23098
7082
25061
9960
23466
2924
13877
32186
7833
11831
1085
28388
8075
8181
16986
9404
8589
13518
8032
29232
10216
8971
29523
22031
15844
30343
25667
20407
12029
11535
21461
14225
16045
21174
26168
1397
10688
24514
17745
22941
30452
4694
1480
14092
25502
32701
24141
13069
22872
29299
7131
14436
15137
1042
26475
4469
15264
12104
30527
19238
12976
9744
20209
28669
25808
15426
29580
4112
1649
17692
9596
1593
3267
18617
23118
30426
19588
9694
2244
8638
1993
7431
30698
7261
8443
2684
17734
30969
32108
10590
6212
2559
21877
4429
13289
17897
31150
17539
32624
13886
11005
10477
15919
13938
29303
31798
6955
17495
5309
11416
19379
26356
32000
15527
22035
23858
917
29000
26442
4703
986
1578
27834
1120
17923
3847
26262
3643
31055
25453
1186
9419
22612
5133
32026
7345
2241
7077
24348
6294
2721
9525
21501
25675
15124
28420
18765
16066
18969
8741
4890
29494
23345
30685
1360
4290
17826
3109
31555
28362
9110
12899
31814
3147
24267
5577
24568
7166
6353
8795
30167
12351
19022
11332
12971
25672
19881
20099
28873
20676
14298
32555
17726
26981
5068
23088
12430
27106
32094
25640
21247
24472
30572
16478
17874
23467
8144
19527
15457
2034
3572
18582
15430
17862
16673
1259
11681
30147
22009
22830
24465
24531
13743
5853
22458
14819
21144
1082
17435
20028
28333
21118
28411
20820
11380
1694
25989
2808
27287
19944
20131
1755
32004
15142
12301
6945
22693
4010
18625
8740
24794
21405
12865
2904
31363
17603
5019
4298
29906
18567
23238
1319
14530
31609
4809
1622
13450
16113
15366
30969
23208
27718
4484
4189
9087
21513
20810
6617
30704
7623
20686
1559
18173
23878
19793
6472
17968
19238
6959
10121
6109
24973
14054
8665
13893
22981
29899
29450
20886
18551
10859
7801
7175
19901
27433
2290
20484
25234
10329
25530
11722
28565
16908
5567
10163
26500
3640
26064
2718
11790
14356
25271
133
8249
31442
8945
13961
17892
22337
3836
21520
21381
19399
19828
15594
29695
10153
12317
1618
26182
20809
4258
26884
28820
20720
20415
5568
4562
29412
32065
2346
18802
12077
2396
9860
21817
16627
4615
7206
3046
8307
3041
14161
22976
3527
9291
22443
6295
30538
20339
27661
4001
28359
22353
12281
22837
25814
2524
23718
28472
9881
19260
18110
29576
6188
19971
4393
20685
10468
12587
10549
18387
6022
18622
12971
26321
4645
17581
27738
15403
5574
8350
23369
18180
26965
5236
18967
8789
18941
17520
17205
6237
12108
22354
16966
26990
25369
24654
4248
4472
3214
9039
14884
23466
15551
27977
24668
11645
2503
26355
1031
21594
525
28682
3717
32378
1346
32536
1523
23500
615
29768
8659
25522
10419
17486
19821
19308
17426
1676
17691
30631
29933
6526
79
21541
7281
9168
4149
16043
13405
10105
10119
16487
19007
21414
22186
5780
28430
18597
5199
10145
13523
32617
13841
3932
19678
28410
1280
30271
26000
15734
26876
31755
13929
14219
24003
29932
7337
4734
6365
31192
2377
17106
236
30110
3401
8307
26406
25537
293
18375
3758
24802
28276
31249
23195
27232
19548
11091
12679
179
29301
11887
25964
23049
18914
4487
29015
14459
24153
8039
23540
13335
1166
18412
30670
22771
23486
17266
32598
15456
30816
31212
3553
20292
22164
17446
13783
31179
13222
16556
17954
26888
27063
23079
23218
5034
14243
3991
13269
32110
17198
14957
5687
6442
31607
21406
29218
17209
4955
31377
15402
3604
25790
459
2511
25113
32738
10384
14571
26991
15030
28773
26849
30731
27971
5876
2550
8178
28019
1022
7654
15655
22285
26309
11434
30583
29936
6283
4512
7449
4390
9833
14823
28190
13750
5179
11813
13888
6569
1852
30639
23140
14381
12614
897
623
4707
30799
25634
32584
32177
27816
28883
3251
3651
10783
3278
11885
21045
20004
29265
15378
29403
3474
22079
10848
15477
22357
5304
6008
32345
3075
6367
313
3247
554
3824
23035
22722
23605
591
5220
3783
29224
18365
2851
23746
1130
13955
11206
297
22764
13558
32184
27567
27399
10407
30091
28926
27042
5747
12589
2762
14571
16382
25539
19697
1287
30336
15278
9814
1738
10106
27717
3194
16276
29752
13880
30080
19827
921
31147
1859
16545
965
12818
32087
13059
19086
10167
1399
15974
10201
11249
5902
29563
26398
20371
23295
17436
28466
23902
21713
1853
1060
19500
28519
11267
16052
627
10944
866
14416
1445
9034
26736
16159
11054
22354
21590
8529
21098
9367
21990
8646
11143
4281
1587
2444
8827
4182
21613
21984
29225
19532
5549
15209
11962
2055
3472
26756
7557
10954
4259
25248
13683
23680
26959
18292
30146
10713
7634
13553
30354
1937
1875
18011
31197
10305
25568
15308
11673
8295
29383
9623
9537
9849
15693
7298
3286
22689
7455
12335
25910
21537
7069
1242
29394
25279
28854
31825
17490
28731
26248
13563
20623
12552
3159
25137
22218
6154
9924
28423
7989
8852
29004
22314
29152
10485
28622
5770
27908
20811
17107
22877
22263
19062
3469
5618
8372
17217
338
4390
2736
12622
12646
8518
20288
29131
31392
11214
21116
28261
8318
9833
1843
1964
2167
31701
22226
6926
22547
8732
29862
8137
22450
7065
9289
11197
8030
27837
11684
12879
2198
12813
30880
20761
25005
1528
26322
1467
6423
2974
27813
1694
28745
7845
16894
26461
4015
22796
70
192
13326
17900
473
24485
2213
942
31700
26707
6602
22166
29105
12855
26064
32705
22637
23452
1544
4992
16700
13770
10009
7505
7604
16968
3817
7422
17797
14534
9445
20977
6011
19803
15121
25494
23369
15455
21806
15739
277
10892
5266
4160
14880
16309
18908
25422
1066
25173
2053
11266
29445
21855
30486
14229
17645
9601
1990
10784
29537
6995
4228
739
5011
32353
17252
13001
11782
15461
17072
56
21014
30460
10026
20441
13277
27795
27340
28764
21324
6148
13944
28285
29821
2605
7564
13560
20125
25181
31820
23982
26508
20775
7781
11948
13431
8988
9805
30521
7752
17539
5870
16889
4532
857
3107
18651
26472
19437
31177
25993
11878
16693
6927
25077
19342
24750
20802
14518
15329
7095
31788
4206
421
443
11510
32691
28783
25890
31146
12930
18504
6680
7291
4464
14302
5122
32617
22104
5558
14173
31562
3667
14926
21995
29035
16227
21453
24586
1578
11490
14560
20706
29701
26562
17283
23996
10722
15427
20187
18571
4519
19098
22493
4066
3331
24404
16851
30620
9078
27111
7865
27752
19363
26570
18558
6724
20029
30397
4742
25255
12575
3953
907
8604
11636
20306
14085
12055
31288
5299
16989
31512
26316
19417
3612
5032
7106
12902
17088
21367
6225
5986
5301
23609
32143
19964
2467
24132
13512
9751
23036
28162
2252
16172
30601
27821
6879
15029
21159
2817
10427
27345
4192
16090
11344
11806
1638
7676
3054
19158
6434
456
10388
14184
158
23477
13636
16100
24309
12437
18241
27695
13159
23515
25430
25543
27020
757
28465
11143
30633
27238
