3002
4659
15806
14935
18905
4759
17326
25739
1466
31845
19652
12776
24516
32143
115
3954
16471
30781
25031
5780
4937
13685
24868
13766
29488
15422
6147
1511
19778
19695
25555
12234
30565
22844
22378
25535
21421
25097
6307
4431
7567
19031
31581
21564
4782
6708
20285
31430
28193
14377
15531
7281
3018
28158
7460
16984
29370
966
22606
32391
31440
14607
31200
27591
31933
1807
27219
27420
769
18769
7201
22511
14086
17151
17041
9444
20547
27261
24950
29185
16736
2616
6943
18459
22617
1338
32476
28368
14662
23416
7933
11566
12944
15496
20136
11474
21443
5622
15160
19428
2623
4946
18949
6554
21318
31235
5343
299
3110
31340
4163
7108
11328
23941
14036
12490
8957
30088
1322
25003
11833
26753
25881
19078
15469
23090
16939
21874
4165
20150
31215
23762
28651
13890
19766
13127
3004
4613
25069
7389
1929
15758
7261
12863
17395
22396
22664
12910
3562
23845
24809
4609
13396
72
14014
31749
17302
22899
14564
25224
999
25928
10420
20780
8449
20402
2735
1561
4404
11634
32241
15506
27922
23398
8384
19719
1529
31517
32027
4243
9351
11287
8416
30361
47
9564
9687
18427
21873
7722
7252
29873
26861
26271
23516
15298
23030
30646
7507
29267
23051
32043
27830
21377
3049
3157
725
20350
20221
17313
7536
32348
17013
25667
234
2442
17918
16647
18656
396
4279
24856
5753
32534
25245
4740
8473
2520
18792
3516
10395
29148
24769
16968
23855
2964
9286
1153
2613
6357
27494
32111
13216
5727
14769
10629
4169
31432
19691
24419
28331
22647
29294
26174
17218
5356
13567
23535
27731
16535
17269
32723
24976
16470
30058
32223
27486
32434
30718
27609
16013
2374
27237
25305
29421
27893
25546
9639
18479
11819
18524
29060
17569
25962
27170
19081
14312
16593
31564
21924
29268
28437
31261
19804
6140
32187
16259
18653
17665
15590
13389
19679
23854
16210
31208
7561
4131
17090
8142
31608
27224
31417
3399
2281
12139
7352
22485
1111
30315
31739
19758
32100
8087
3200
15875
15969
11873
8545
30847
15653
21501
31614
343
28936
32641
31301
13082
14189
22765
10859
15637
1865
13851
15722
11800
10915
23008
544
1151
1846
8304
22486
29517
4152
29827
17732
18827
25724
20696
14652
2948
10960
27609
18092
19254
11795
369
23723
81
23049
7069
19633
13631
8978
11928
9032
20526
25134
13687
20133
2077
23156
31261
28428
9394
13879
12858
12496
30302
14308
29440
7313
5439
2933
21740
25252
20431
29525
29385
12013
31059
1233
3889
24511
17406
23850
7510
27595
20433
1043
12553
29468
2908
26330
13435
25109
787
9985
28231
3677
24755
30953
21481
17027
28445
8743
30814
12524
5709
31483
32038
10854
25781
12475
1045
15008
10941
28395
13503
1641
1384
32465
23139
19582
21933
1432
31931
31525
18688
598
25662
25089
10537
13903
297
13412
16702
14677
29123
30204
23243
31385
20769
19990
18010
26029
25127
10028
29939
12889
25680
9934
30751
29898
6745
31843
23628
9144
693
17662
10100
26248
6984
1082
20382
30547
6079
4656
71
29504
28380
27538
6457
509
27726
12488
20819
27583
4608
16089
20938
10270
23118
15086
7746
25921
627
9000
7194
21695
29573
17444
28305
29265
21708
30217
10850
54
29041
1785
862
12784
10767
28606
2991
4715
11704
32381
24572
12481
14074
5013
7006
1749
17445
20479
13923
7573
19276
24473
14857
25612
30796
12035
16717
10563
31460
26789
2217
22797
27309
10555
29498
16910
11773
4057
14735
17311
27071
9252
26650
12301
31292
4778
29271
13707
24583
24230
11712
27127
8542
27307
19331
5596
24170
19479
4203
10702
28962
21350
15207
26997
10046
23656
26874
21041
2239
20655
27575
26287
21192
27003
3243
29034
15863
19483
5493
8231
5577
4989
28788
23020
18230
24884
28353
19141
16568
31647
23886
32056
17635
6377
29710
3649
15993
5036
10282
14073
22866
7319
31935
10588
21598
14022
14129
19267
9436
17442
3471
21596
26849
14488
31041
2970
4091
11965
2453
27213
25991
21514
7214
18165
20346
22219
11041
29683
8087
31726
13864
31531
19642
18299
24151
32534
12049
22045
19302
5933
6488
3234
14038
29937
18267
10053
5909
7660
17309
13659
13463
24358
372
3106
24252
25793
32389
19076
22619
11731
19063
1707
2785
3555
18159
518
8275
20180
28667
941
5647
8866
11041
4325
13640
2266
8003
15998
25135
22275
23531
9882
18166
15256
17918
10171
17319
31888
6800
8505
8766
15388
6375
12732
17118
5317
10900
4711
17894
31724
1569
24261
4547
32159
29949
7910
8978
18669
16682
32277
27659
20162
29759
7371
25573
4923
11564
31029
30797
25046
13261
31533
29352
13602
13985
6595
545
24428
4763
507
25945
20936
8132
16306
3457
29580
29971
3068
17734
18988
26578
4101
21285
16896
28882
2188
589
28335
20422
24074
28515
2645
13338
28995
28227
16518
26087
1340
11565
8916
30729
27754
24532
3691
15968
7811
5618
4788
29511
2652
7090
16299
26479
8687
23935
7253
6666
6461
18295
14649
22210
893
21736
27028
20270
29336
31138
8825
6900
27690
4539
2656
29683
5543
28887
11930
25466
7215
10257
10678
5997
26382
14445
3144
8570
344
12926
6621
2260
8783
6992
27092
13947
4076
6939
14201
27370
14713
26917
14849
8128
17218
2124
28125
3500
14203
28698
14074
5930
12814
31404
3405
645
17916
12193
17387
26482
9707
28421
15358
29242
27100
12528
6195
10555
1
11506
19086
391
31233
12620
14293
26132
15214
22530
2298
10788
13126
15475
5024
21012
17490
31530
20988
10706
2259
30594
24925
3414
15523
4214
26656
13420
25300
25365
21249
31339
27783
32750
18053
31648
18271
1378
12946
4383
23676
15837
29682
29034
2069
1279
4106
2525
23920
23591
1126
18688
5419
690
2003
7229
17013
3299
8612
31773
11386
11604
30675
2011
26099
26866
25348
11671
6457
22041
30685
25823
13855
18167
28155
13634
30407
313
2891
3560
100
30525
13772
2772
25126
7634
13423
19354
23384
27314
27095
17734
14543
24393
15614
5516
6279
23886
31729
10743
3171
32560
20223
6402
29690
14774
6096
8800
2000
28727
10386
12257
4988
15042
31255
20099
2433
28856
26787
26971
24625
20980
27151
19008
10701
6796
7707
23206
7609
2815
9973
15509
8724
16229
11458
6989
26834
29050
11437
23679
23684
10293
22495
7119
1049
4042
28422
5052
26435
5343
26835
26583
16722
16589
11084
31338
11622
8047
13123
9675
22054
27532
13487
7398
3291
3813
16937
25168
5453
2417
13221
3316
16410
17642
6881
30144
27022
10759
10385
2668
31111
8249
32035
13010
16568
9182
15175
21716
14427
12997
16336
29740
25680
25150
25780
10908
31400
6873
24178
835
28742
26793
28412
11959
11353
2160
23307
12888
20504
11119
10203
1024
80
9574
11782
29316
295
4387
18986
27353
15686
23291
2849
22543
387
23571
3649
5350
14492
9119
27365
14770
23042
7286
28875
27489
8852
16250
11457
13121
27961
18554
26385
15381
7389
6015
1849
12604
13167
16852
5787
11203
14345
12268
24245
7328
29778
15597
13321
15435
6340
14672
10238
1208
8631
31811
12637
31731
720
12393
3009
13263
30908
11757
23512
5443
17019
29355
5498
5509
32356
23166
15779
20844
4812
25215
5541
26635
3957
15990
3826
3407
8816
27704
12416
21864
30725
2573
26567
2088
13019
20836
24232
11099
17596
24166
23355
7999
25898
8927
7864
16451
3586
7350
32500
10261
31147
4432
9264
24025
30362
3489
4037
26963
1572
12264
14269
21047
18906
21834
19937
25252
23367
12708
29935
23469
22599
25231
11726
5222
19743
28102
2650
15752
24939
31753
26092
28503
21037
29000
7304
8692
20504
20956
20685
19261
19139
20803
11271
20703
10061
28794
9560
26835
4610
15500
11280
4299
29870
2333
14790
2196
24623
2368
27069
32112
3629
24283
28097
5170
27861
12674
21728
24212
27130
29075
15837
14723
19135
10873
17133
11306
17387
27346
17887
30721
2554
25724
12353
22654
28607
2888
8849
13545
23568
18975
22870
21224
32757
24238
7671
32446
1051
15750
21196
8901
15967
4788
4934
20760
26421
21762
16278
7624
7019
6606
4170
3179
3656
19502
16459
12293
17298
22977
16641
665
20954
2070
14355
26998
25806
24131
29610
30355
4747
10691
13960
31360
26811
26343
13700
29812
14105
23360
18659
9773
26030
10612
14629
8031
24758
11748
27421
32387
29598
14834
8694
14083
17727
31348
11384
27161
18855
8986
25270
29435
422
8844
17684
11109
9002
4442
7412
20741
28808
9276
18970
9480
23764
23751
31520
905
2668
20620
20762
8441
22474
6985
27327
23164
17539
5129
14774
4088
32455
687
16801
906
11218
21825
31
25770
4554
25074
27997
30384
32230
1935
32631
22292
3914
23351
27092
3603
9517
9897
7930
27581
31216
15222
9055
27699
3716
19690
32231
1650
6683
27802
29874
30425
23549
18150
9210
13180
3583
25326
29218
729
28712
1535
14931
6734
14961
19009
19039
2969
9213
21864
28060
10976
29476
28131
15932
27212
15557
14909
22397
29138
30104
31651
30999
13060
1690
16615
10836
20387
23637
6383
11992
22441
14010
14816
3059
22501
2660
26325
12287
11829
25203
15235
5050
24199
18519
4445
15052
3831
18736
13540
24437
23434
11156
8664
28872
12192
30284
22034
14515
8707
29488
13763
8694
29952
15351
5688
3649
21177
15476
7959
5678
30391
17292
3260
8024
28232
30078
16003
16583
12930
6974
30310
29412
21848
5052
4144
2518
22553
14314
5164
4009
17274
22672
26485
16104
20992
9383
16105
2785
16697
19934
12791
21668
3763
26186
29230
22949
29037
9389
9458
9563
24552
29525
13651
9477
3425
14213
7083
20408
23023
13137
11010
13053
28092
29861
9435
6266
21533
24813
14961
12016
22475
25555
29039
12767
31493
21016
27382
13124
18145
2746
21827
22751
186
24926
20441
8267
10393
1617
16039
8144
19929
29460
21929
2052
23223
20495
1677
15832
16805
1908
28869
26432
27442
5921
2073
916
18904
8124
24088
29069
18440
7981
4093
7137
3656
30754
20735
21923
19377
1730
2051
2808
21155
2968
31446
4444
20508
31500
9792
18975
31623
13173
10430
8116
25644
3051
3443
25820
19651
2837
10496
14092
14545
23019
893
21103
29950
26209
532
8668
30704
6759
20842
26788
27639
18751
31023
11928
3478
18749
22842
10001
5667
19367
11279
31741
1572
13788
30706
3805
17758
7085
22624
24468
6656
30965
7519
13286
12163
7150
3505
549
22037
24330
12803
11552
32643
32176
29919
2852
10516
3877
32027
22892
18302
9016
9290
29990
21766
16580
25695
25589
15100
4092
7907
16164
17166
15556
3137
7149
17347
23584
7077
5580
8125
15536
25187
549
21130
8081
4389
5241
6706
4643
28712
18713
28723
975
7501
26098
20083
4452
3151
31216
29421
5546
17213
867
12842
28984
8426
23925
22751
20240
18046
14190
30249
13891
18568
18468
21913
20509
13294
15301
24981
15570
30033
25408
29005
12082
17822
6112
11639
3849
28531
31800
14938
18977
6574
28910
17914
9221
1256
31129
23857
18356
3752
28343
19340
13844
32740
7183
4416
6826
6628
24738
1922
21617
416
16719
10360
24289
11833
229
19135
1075
30688
27020
14640
11307
3166
32589
31805
2062
7011
14919
27716
32330
97
24442
5399
28024
15986
22596
8254
32738
9315
19243
31363
4448
991
32087
32047
18976
29218
28893
5753
11221
963
12753
8900
28980
5167
23794
29838
8660
26667
10489
17627
24739
15582
14099
21448
23662
25168
25761
747
3292
30372
13144
25421
6728
18074
30883
32091
27204
2102
18303
4382
22734
14674
17787
4869
11238
31364
26720
17143
32376
10236
16920
25865
7050
1088
8378
16361
2026
1779
12674
18114
1087
29344
1816
15836
5973
5080
13515
10865
9469
6685
18174
21009
14416
29828
22182
12349
9141
6657
25812
9468
5125
16876
21921
5231
12188
16185
32443
25250
27499
27394
27649
12268
15221
14223
6690
19156
4339
3695
24243
7731
5134
22678
24875
9064
25231
9887
25648
14298
18014
10138
23401
9094
388
18380
21652
17414
13132
13254
15903
18164
8999
6625
32511
5619
12217
7538
22685
24213
16609
2044
30568
29304
27229
30634
12809
10799
5706
2184
796
29676
1683
31973
6083
11868
1581
8636
600
16583
19182
16123
18046
25911
18676
519
15857
5660
7013
11513
10531
7349
8855
12133
29550
32707
25548
20878
29368
10308
31288
32389
11427
25540
285
14499
3433
10056
2142
14422
23658
19353
17691
27927
5492
18783
16091
7386
16492
2414
21490
8101
6154
10081
10135
19586
29074
31792
19007
7871
8584
27538
31003
17667
9259
9609
23895
16507
355
17056
26768
9857
15906
20577
18261
18537
18933
11627
22014
21208
9923
2783
3767
5768
14100
14590
20756
9047
2951
7444
32269
7871
17967
31375
17909
28027
2446
27130
25144
5795
23053
2217
25734
25991
31460
1695
31431
27435
26446
26429
19168
12369
26854
19470
28756
11983
13743
26257
17361
32004
1552
24794
20516
6056
7191
11149
15930
11244
11851
28675
5198
31978
6081
22780
8873
10649
7298
26883
16416
5265
18656
17070
16699
10253
32622
27556
18276
23872
14355
8049
27770
9681
11956
10864
29833
17885
25738
21266
12368
19057
31856
26121
30133
29305
14734
5932
13656
32309
32386
21939
27546
27529
23750
24268
4587
14793
17543
16493
7557
28687
8279
16650
10548
24986
28571
6689
3315
5363
23580
26394
25387
7340
18692
20676
29860
23648
10116
32537
22548
6111
11121
19236
27745
29178
32628
28342
22952
18060
15755
8146
21500
26025
28451
14827
15127
9472
23845
28199
23488
18863
25344
2091
19412
13594
16112
23325
13835
27066
21206
29159
420
22587
20443
30343
3160
14001
21418
3806
24989
12208
31422
13815
11500
13908
31765
177
26070
20812
13492
31038
21927
20037
29620
23110
24952
31389
10267
27738
20379
1432
28523
21849
22771
6030
4969
17935
20941
24463
4090
27176
21753
13268
9569
19521
11484
24059
31398
5302
2023
32240
25631
19290
19348
13385
19506
3531
699
28227
10080
27188
9140
17053
5545
22954
3893
1356
21568
1619
22028
19208
9609
29451
14381
22209
18857
30626
32115
10891
12186
13361
32105
5661
12502
12825
27436
28567
2665
5219
3935
21989
84
5728
9759
7804
23627
31353
15860
20198
8685
26984
8007
673
15585
6715
22805
496
24068
17205
19220
29548
28917
14712
8848
5228
5028
28
7970
13297
29642
10361
5843
10460
31630
26696
10606
15832
2825
5859
9158
1089
12964
4490
3421
4881
20051
14842
6670
2205
31431
2132
17801
28591
9012
10027
7162
18025
12336
28410
14871
20215
23848
20109
12188
15739
14808
14791
10792
28290
5855
26453
6050
32200
9181
30208
9477
17259
19514
20891
11159
18701
28867
21135
15775
18774
2248
6450
24027
28147
19548
20034
16138
1702
1945
27515
24840
32292
2251
1489
19717
15660
26964
15694
14082
8935
11758
8975
3108
15830
16701
13923
7672
24923
18841
3578
21264
29105
7919
13451
26218
25105
13320
31771
3224
9382
30384
25169
7326
12901
10531
29452
17614
22919
20578
21796
11807
3841
20563
23980
15462
22725
4327
1409
12067
31719
10141
14295
1426
11535
9306
22194
3687
30125
28651
28944
32118
28553
8697
6388
3153
8402
15783
21378
15403
31309
16123
16454
29504
29929
13799
93
6563
29620
23919
24784
17780
29223
28779
23737
18268
3593
28584
24219
10791
13135
19139
17783
28749
8117
3300
9886
13985
2682
8284
2610
24406
18562
5472
16005
8110
15426
168
13085
431
2952
17623
5886
31101
26887
9632
18762
24043
24252
24027
26891
11623
13515
22214
1548
29508
3622
9316
28311
2666
624
24246
20326
5827
24604
9611
13824
14595
30581
23195
19063
19098
20899
26557
22824
15669
20423
11459
23508
8804
18605
17778
15823
14133
11878
13577
26054
18490
15909
24741
13328
9962
12353
24882
30617
28598
12965
2964
17074
21305
20223
714
31836
2441
26955
25165
31427
19482
16433
983
21595
21653
22164
2493
19939
30462
10396
9096
29030
32277
21935
25273
9040
14035
15994
20139
32534
7234
2885
9843
19917
11853
24089
28966
29314
14105
21949
22222
32002
31570
23918
5818
15864
3385
18220
22881
16754
26154
29251
21347
13452
14064
25125
14884
9819
26343
1560
8343
4705
13968
23894
633
20992
15699
23288
2490
7128
1361
29028
6958
29505
12230
21589
9753
19667
8553
7395
28132
1140
6628
22626
16853
16495
3857
17942
1177
27342
11917
25274
32648
659
24973
8291
18248
17128
17327
13434
27774
2945
31135
27478
17464
24908
14998
7087
23406
27454
20612
26353
22215
3309
4040
8440
11753
11120
11033
31257
29748
4992
20446
1141
11168
21486
19863
4668
25884
8832
24056
27668
1776
20199
29173
27021
653
19669
14787
9454
5516
27897
21508
23865
10874
10205
11522
18002
31589
14855
19797
1548
16577
29304
21657
11868
17178
2182
6652
22750
3230
10853
8060
9961
30110
8063
29740
12553
16239
29112
12788
18439
15198
32723
427
14130
26969
21470
7584
10579
10634
23978
26482
15692
6790
3163
18034
9897
20631
14626
11071
29425
11768
903
28786
31574
27481
9260
9903
17016
12362
3349
16458
16874
30704
12092
30546
29157
18096
18354
10874
23081
19548
24418
30229
28112
29383
204
5993
28191
7142
11919
21539
10027
26316
4286
6148
17864
11551
6333
15779
6400
8002
17935
5250
26275
9848
4798
3967
23159
23721
29434
14997
23053
31816
3623
22930
25990
20570
7145
24763
16381
8554
22019
12432
3530
4869
3969
27524
10690
10356
9546
26437
8955
26618
5276
8902
8059
8278
4217
8227
28307
31229
20933
27788
29912
1030
13276
30152
27889
28681
28079
20529
31220
30841
25530
29017
12875
22287
32295
779
32407
8463
8592
7622
28546
25315
28348
18755
819
16113
24946
435
20920
18075
30072
7336
30468
27084
26926
27214
29244
8541
21655
25123
23544
5694
22947
6462
24449
26099
27238
27067
15671
30940
6836
17104
9500
28437
4093
25474
8074
11996
24940
5450
23700
18814
23280
23533
20607
28187
8639
25975
9546
30574
1731
8929
12606
4758
25647
24548
28593
280
20775
317
32029
17055
25574
19843
10265
30565
32098
11450
30636
13194
5442
10438
9729
2640
19425
31950
9643
28528
24021
26499
4446
6130
27164
16371
13569
17352
23368
9356
1029
26009
7527
16210
10517
25457
24550
9136
26116
8280
4114
24915
7555
31948
1443
9541
17663
22280
32303
25947
5209
16892
8306
9736
6566
18282
25976
28605
25616
15249
6687
13321
26545
12505
23155
5456
17060
14969
2497
11958
18936
8015
32266
15206
12941
2932
31873
22321
14599
22548
3589
15736
25777
7694
28480
5336
16600
14444
13704
5339
16872
12233
584
21395
2422
18655
26370
25470
30104
1851
9761
14725
7623
28369
26796
32682
11878
30030
31979
3232
17283
26475
23029
478
5513
20501
12038
20925
26704
15054
9679
32534
9376
21659
15689
31025
8061
2872
31515
21170
12765
2180
25464
7757
19440
21092
16460
2866
12101
27843
11771
27691
32466
16965
7008
22028
19211
22900
30244
2152
30421
29270
2985
6414
23528
8527
19040
2839
29922
24555
28220
21875
22152
3354
21765
22959
24435
14967
17498
28283
4592
22197
21553
17974
9645
30374
32632
25021
17163
11101
21919
10562
4266
2450
26689
969
22943
26153
14674
4877
21852
10608
21032
16966
1470
28976
31878
2316
10591
4995
7527
25790
6727
20793
16966
10885
29802
11572
29793
8600
23131
21349
1853
7629
9328
24821
22885
1658
22615
28063
16883
7142
17113
17381
11106
30544
27398
21709
1998
27773
13437
3245
28866
9815
17679
26541
29737
17166
6705
17306
6232
23938
18978
13200
15010
30570
11318
18098
32108
10639
5107
6584
10153
32220
22251
21779
6728
12072
31801
20121
23057
11678
32519
13589
9570
16070
10559
704
15966
29421
5350
4025
24359
9095
11117
9579
11395
27097
9484
23602
18703
1855
32723
21886
21606
3486
8007
14149
11882
7913
27763
18771
3263
16161
15822
31226
20606
21534
12652
16584
27360
1221
14499
10023
11764
23590
8791
20392
31858
29986
4983
28581
3215
29860
29337
15376
10577
6304
18737
614
30238
2057
27674
122
19162
8214
28329
20895
18524
12126
28765
9445
25121
6300
19030
27767
1725
2569
22661
4903
27110
24682
27597
23356
22193
22465
31348
16627
16351
20455
6469
18834
23474
17643
23692
29444
24276
32240
28979
3608
20037
5922
29681
12781
6594
19991
32380
17166
22540
24263
6478
30929
3199
14317
9288
23594
9809
5852
26021
18055
31628
24175
2267
25011
9281
21951
23496
24863
29960
29196
27956
27657
17974
5948
5258
7441
4315
1559
3058
16514
9945
4090
18766
31415
2352
31545
20597
332
30599
16554
11562
18314
4728
24115
6591
6955
15327
19379
9099
7469
18539
7359
13567
31868
32446
21298
12505
6272
25840
5493
10119
21297
28891
23830
29070
27094
8235
270
16091
20544
9181
25564
17286
7496
23433
13332
18727
8268
4940
24531
23264
20992
4085
5028
10995
6066
18597
5302
17106
28099
6682
7666
14113
27753
20824
31717
28714
25830
26296
20209
14324
22037
29561
21006
13367
22863
29638
13112
17000
5870
10515
6357
15937
15880
22714
16816
23593
2540
29182
31426
1723
20816
14483
9445
23809
16292
25284
28257
16627
29355
20599
15564
31637
21521
28644
4528
10357
16773
28407
29026
1872
23040
12301
8791
11066
13085
12689
29265
22835
26420
7357
8763
10961
22257
19205
15150
9768
10399
5049
25177
5691
9704
30393
583
3868
7092
25617
10949
8080
5288
22454
4935
8116
16374
32304
16900
5097
19490
23766
19059
19882
31542
7500
16364
5213
29476
31826
16526
10375
2532
16477
15924
12220
28286
13706
26324
9408
25549
25069
1657
27170
10036
26286
18373
2090
10333
7592
3438
10554
2294
1623
5258
14829
993
2089
20588
28288
27960
11314
12466
11312
15724
28259
31788
12525
6774
10025
29599
3086
30422
18031
404
28318
16255
6701
29777
2694
27253
28269
29512
12103
16618
26164
30533
14575
8672
14747
4838
12466
31662
15271
3955
20278
25604
32095
14098
25796
342
12244
26996
22207
28169
29890
11566
30617
4337
18466
25414
32623
23572
5614
2904
19353
5127
20575
11543
15958
17111
12966
586
12753
29770
15841
27109
29477
27663
26854
4832
18472
5250
16558
26983
7321
9282
6818
1926
679
15583
29063
11906
19072
19508
21107
27294
16192
15626
7117
30568
4869
6503
12110
1910
6318
13693
5737
15672
25707
3386
23131
31332
25955
11072
4209
28333
14663
7947
21574
19271
10311
6893
3625
10334
29145
24779
1157
22115
11777
17491
11307
29397
24035
823
30438
10123
10786
6662
788
10389
9535
32642
27062
9807
30659
2860
21973
26179
15274
4687
23421
935
27538
375
13584
30753
18469
16662
22604
19656
30397
10649
10793
7675
24786
10575
13043
24617
11491
7703
7853
23525
12086
20989
18765
24162
23997
3202
17637
12049
32497
1108
2077
12219
17000
19867
13169
6078
17779
26304
3165
23918
32603
6150
23229
20643
15232
13012
7343
30054
32315
4520
15553
13120
22868
23369
1878
10517
7788
31238
22854
903
28303
11192
28859
27627
274
14573
8711
30552
2627
18385
32527
18083
7913
23168
15769
8521
12305
1812
26655
27756
31221
9621
15731
1992
27550
17765
28966
12030
30164
29383
5033
2573
18445
17493
26137
21908
3079
18925
5128
13915
22263
7150
15737
25854
31446
966
23960
18120
29006
667
21362
22702
19845
28100
4814
13759
6517
20208
1515
17216
9355
15180
17753
6927
8474
13861
19190
26534
20979
26889
9811
26280
29044
24649
22789
9652
13255
15523
9992
20390
4348
12403
31214
15023
11897
16353
26818
20242
25788
30830
23151
31921
5319
12753
24872
18013
2370
1423
29647
9899
11716
78
3923
11624
18847
23955
21780
13506
10287
32138
17325
3797
14829
20585
12019
30532
24040
5120
23756
9558
22101
4578
26925
30342
12390
6657
22315
27587
25293
10287
9772
19519
18995
20444
23253
3805
11036
6169
21894
7540
29998
23208
3090
3954
32254
16973
11398
21018
14913
24046
24511
31439
19373
7752
31765
6477
2115
24281
7202
10597
22299
10417
2442
25282
11922
2392
7755
8412
7283
18299
25907
10316
32158
23540
10983
3232
30360
15053
29983
6753
436
12473
15406
9512
518
20826
10322
5776
17094
31167
20683
20770
32028
30409
16160
1759
24526
26235
24139
2966
21104
15065
27160
1289
23683
29567
24892
7121
26741
3347
32542
19035
10885
1358
32350
31954
6197
25351
17532
18870
12218
18661
22116
22750
30724
368
24286
17213
16657
32096
31088
22837
7701
14363
10012
9739
9354
15072
18601
23300
24570
17988
15357
9416
26422
15944
30480
12017
21759
15069
3276
7773
15146
31980
32214
12483
29887
2905
14605
24396
25123
19459
29884
12467
5094
5934
11172
10021
29771
4685
21417
6973
23615
9281
26707
26088
31965
8294
15494
21008
6007
10828
18255
19196
7099
20623
31731
3315
22724
8916
10546
13829
23695
9968
26261
11689
26859
12839
2180
31726
11187
9803
8973
29500
24730
14837
24159
98
26679
9949
5671
31294
16292
11742
26358
17714
16988
5897
10185
12012
7808
28887
16468
29149
11021
11051
1569
3579
21507
3244
15092
9160
5118
13717
9455
30973
16121
1361
939
11785
26496
5000
24478
28301
7736
257
29012
21210
21713
31773
7892
25087
29541
6514
11261
20123
4881
2859
13557
32471
21626
15748
5761
24944
21671
16277
20000
16394
9889
22728
24183
7785
8607
26415
22828
2824
28422
9857
14147
5786
3366
2951
11507
22664
20937
9809
12190
4702
13232
4509
24878
2998
777
16032
25153
28446
8775
19727
31456
11365
16407
32612
21733
29447
9831
24182
30129
22843
27300
5543
3066
3951
4389
17467
2606
12102
12042
21547
22736
32259
17443
14661
441
27570
8936
11161
18401
12317
23167
22461
16349
110
22842
21561
22641
9214
9086
25355
32066
23628
1719
3112
1522
30437
21305
30954
10308
1606
23606
15822
14802
4569
29268
18790
15622
3581
20399
14470
24672
32498
30208
11051
9607
28443
20579
12109
18520
1247
17717
11265
16214
3004
26001
15929
3085
30282
20265
9886
13233
13689
3361
16861
14340
19581
194
123
180
4752
48
27193
26769
21191
20974
7160
10287
20635
20001
15649
23828
29356
22232
26336
5332
14177
15962
15006
1924
24866
25248
15098
27026
13498
6372
4585
26939
28545
27867
24377
30010
22979
16266
23366
31703
322
28022
31261
14073
11962
9904
21473
1287
29585
2809
23062
23071
6281
13447
24946
16514
7615
29638
5267
6045
20338
21982
5117
32160
3212
732
25299
6185
12841
7020
7648
14467
20130
3690
29606
27397
17946
10274
19073
26802
18737
19324
7227
10944
31634
24995
21398
28269
26981
22414
11062
19845
2213
4436
15737
17189
31648
17270
1568
5454
14700
13191
5077
13926
22376
4392
28087
27710
30081
7019
22450
22770
26005
4242
19161
32753
29402
28031
30274
12210
3398
18096
16643
563
23778
15881
8083
11169
16023
18216
24233
7184
21141
2062
17198
10606
9739
30724
31577
15371
8946
13994
24064
1378
19841
17561
1623
18937
5606
3254
15173
29946
16957
19981
24376
1010
31271
15742
21085
3705
8035
19785
17498
26895
9941
17374
19324
29976
29904
6209
22090
21796
27328
6332
16234
744
2286
7763
5239
27131
6929
29781
29355
29361
12780
22935
30847
14826
6361
13245
28780
21975
11022
2605
1949
30724
28091
28877
25962
25666
19182
3809
15132
27596
14097
6209
6425
25580
5496
27835
6313
14057
11372
11254
9475
17375
12277
15388
19356
4554
1021
30290
1374
9042
18621
29379
2927
20134
4016
12371
15924
14870
17011
17683
20232
27227
3870
30625
12553
6278
25266
10226
734
16408
8288
1911
802
20002
19591
3754
32
19756
5375
9935
24859
5736
31651
13881
30240
11176
20462
6936
14411
23109
5387
29686
12819
21814
5207
9960
11900
18232
31782
29468
8859
4255
12442
13116
14434
18225
18504
8157
11454
7999
19143
3617
12943
14902
1232
3484
14490
21996
7365
3287
25374
4852
30690
23387
14
12745
19944
27620
21723
17017
20196
13691
20625
32127
15898
8166
7767
18420
11931
30484
26971
30730
11807
22779
11148
10255
16611
31052
32263
22809
13782
22181
30788
945
23722
21125
18087
8037
31470
8451
20081
1763
18521
6509
29360
1310
19754
13247
1310
20114
22277
4207
20210
22959
13404
5493
3211
23017
24853
14649
22725
19613
17078
2823
19161
27887
23548
15602
25397
2067
3942
1122
28808
30343
30766
28344
11992
5949
13679
21959
28659
3285
15189
17332
27738
15734
2365
19812
11671
13613
6425
16899
28278
13355
5372
8745
3363
26861
3401
26550
18072
23221
8794
9679
25806
13470
3759
32228
28729
28782
19268
8348
15753
26653
18564
21289
19552
22035
15032
24857
540
14991
30232
587
21282
21751
1651
20231
16356
6903
19131
30836
2120
9145
29810
30134
16802
13525
16183
17345
11836
25291
29750
14707
8151
15945
2471
23226
10050
25479
23839
5253
19864
28722
30777
21951
8992
645
16422
5741
22848
21193
28837
29901
30453
30872
11173
4763
9732
24817
8459
7912
29296
192
26284
8747
10099
16352
31125
461
7005
4584
1932
27956
22830
6456
28609
25754
22521
6411
2285
16084
1011
19657
24448
10319
15086
1387
31090
1546
27934
16427
19893
9300
29763
27478
17174
3215
23965
385
32729
18444
28742
14013
25603
510
5765
27608
6326
28838
14442
12319
15335
6774
27473
8142
14980
11658
16280
12389
1395
20299
1914
14887
24726
18836
13636
8523
17355
28305
1776
26475
16656
2828
10623
919
14787
5949
13940
6482
12000
20577
3881
17233
12350
6330
17727
1559
2139
8858
32400
977
275
16585
26596
2940
6127
19247
32299
18490
18258
29719
25562
19249
3365
14498
3038
18612
8546
12277
10480
27253
27563
11333
30242
15242
21952
31465
17835
9795
9586
16553
6516
12141
15924
26901
27559
26540
4536
20474
10920
16594
12260
17403
31576
21711
22906
3409
8502
7538
6597
30708
20386
720
27592
14981
12154
4732
5205
17386
27621
30068
27377
30628
30708
29010
27730
21347
20892
21584
3603
64
2689
13245
10549
21993
17032
17693
27514
32114
18910
14696
29468
347
27330
13632
1496
14835
21354
23766
294
9022
2976
3230
24827
12343
15646
18592
13044
26191
21156
16294
3135
29464
24055
874
6839
20017
11351
3723
29436
19739
4274
11146
24767
7984
13312
22122
19844
27275
12496
27588
8550
13667
28307
10166
612
5828
15024
84
17236
22183
25592
3793
4648
14507
5341
32253
15387
16178
1761
25529
15906
21950
23825
2426
3632
19956
12976
1526
28920
19800
7078
29450
17148
7360
21332
3622
19263
18061
22519
28512
7882
11624
28756
5680
22929
3429
441
26899
17568
12455
26924
27027
13666
11060
18468
28310
20686
8749
13902
8488
16611
9190
2754
30688
22128
26634
5308
2685
10655
18694
1441
2264
19495
29813
7589
14610
7125
19207
16219
21544
19598
1325
1806
22844
7639
31608
25504
25993
23330
15078
30302
4384
28906
12367
1473
29492
11615
27147
17976
24139
4044
21774
29947
21864
21334
21310
29068
4686
15584
21817
332
9619
7992
9983
29971
20005
17918
21752
12067
25681
17111
28231
27685
21110
30663
31746
11415
12820
31719
4519
25738
5869
10786
25563
7992
6208
19024
20366
364
28703
5907
13351
1643
19127
6263
9907
18213
25445
15890
7485
28735
13720
5978
21942
16211
22174
3701
12679
6938
13798
9309
5555
24125
5584
32205
1494
16119
14137
22609
19190
27033
6616
13666
3266
11168
29146
25374
22437
28472
9265
11642
18926
13002
3773
28625
6574
29684
30832
21369
24849
13386
29115
12250
18025
764
31534
5440
26749
15826
5365
30644
22209
21793
21692
3467
2790
20177
26863
17430
1701
27389
18390
28186
24196
20329
26729
29129
15603
32662
30275
27032
10736
30106
4480
17197
12053
22239
7732
2890
23344
10361
11698
2711
9103
20111
24551
24719
17147
588
18105
20315
31844
23064
16482
12484
10638
6963
5676
2103
7457
22292
32761
26992
23719
31432
21499
29782
4981
11056
14232
7670
24656
6767
12484
6505
6213
10441
2352
2149
12289
25174
15244
5073
30950
19159
15210
21389
18353
2954
27276
16909
13879
16851
23073
13194
10698
6114
20605
14742
31412
25329
2520
1026
21608
20394
25816
5208
496
27406
9157
11407
6406
6375
9439
13685
13275
10906
14065
17791
32577
1953
22078
15197
24880
13987
16931
6180
7221
22985
9399
10182
23486
22851
684
18967
11738
32651
15517
8110
9924
26928
19500
18353
16160
24962
4660
11041
19851
15771
31531
30926
29337
10134
26359
6613
9984
18170
13618
17796
9753
16497
18119
12571
4142
13596
16830
2760
18939
15766
25823
22355
18956
207
10466
4577
14358
13229
27813
10838
10991
22042
3162
7276
32468
6325
31464
26536
3068
28710
10139
15454
5579
18819
948
12947
32147
24840
23071
13429
12478
28695
27184
24839
29999
12048
19448
17287
16382
3531
8640
13061
10271
29875
21268
17175
11155
19800
9899
20144
13541
27138
704
3405
29042
22295
25605
4538
32199
18107
12720
4602
6122
28310
26008
30385
20154
3761
2270
25424
28301
2330
8459
18933
6932
12045
30976
12485
6904
12962
16952
18649
1145
3974
14877
22067
25217
22309
31561
2069
32080
7264
18601
19161
542
25576
8516
20653
19050
4870
4276
10075
4867
26097
4720
9912
1668
22503
17080
29671
3067
30479
8732
10238
27693
5120
1873
26386
12215
10755
5568
13018
1505
15649
10169
12138
20551
8794
15064
18736
9134
21435
31762
17976
27083
28389
16534
22362
13727
30228
27591
4636
13685
31886
9752
24376
24452
28205
1085
25574
20394
12018
31983
10186
25603
4845
16281
9082
4169
5767
7015
5458
7099
18801
12617
13590
32230
8520
18519
24196
32444
28853
8431
29057
32221
4206
15948
20427
13377
16731
1168
3831
49
9019
5835
11218
3432
15974
5341
21800
27194
26515
24689
2063
15512
7472
29668
30958
9480
10644
22876
15795
18911
16715
27874
31147
21746
11100
31976
10337
23888
6859
27100
12005
18823
7292
11954
18988
32167
4615
21843
16856
15300
489
6693
32028
22989
18965
3946
12352
15936
242
20839
10931
1551
8469
8082
20402
2924
17788
2124
27307
2152
1909
25695
606
2181
23882
5822
25399
23306
29059
30967
14416
9186
8081
30935
21347
3800
185
25707
23679
6099
17283
18969
11982
5515
15875
12745
739
20632
19680
27396
13800
5235
9934
27778
7690
30694
17165
15033
31256
32762
7465
30908
3944
11841
28732
11781
11777
28216
15670
4352
6968
14178
24512
22762
16875
11827
28730
369
4903
15097
30331
19083
30268
3465
18784
4584
28372
7105
1662
2959
1519
28222
23610
26635
25695
19133
8725
22480
26004
25436
25445
6971
6489
16973
29808
12057
23545
25438
19188
12883
22044
29552
3460
27279
18566
3829
14208
7265
12012
23257
27795
19147
28354
4548
31388
1418
28953
12562
30191
16988
12524
13055
28800
539
9833
1421
6931
24637
11749
32264
26471
1989
10699
26022
30742
6620
3608
19030
9261
19677
26329
14796
22519
1755
12115
17877
6025
7407
23417
15627
3118
32377
25697
16150
30071
14088
3201
26763
31613
26904
28155
10777
25061
30291
2909
5318
779
7671
23300
1518
12586
19444
13832
2322
2310
12230
6746
14423
9678
23231
26123
29866
28160
7793
510
14259
30657
8672
4650
31735
131
2709
51
25382
16974
30137
19743
4681
13556
13805
6519
19611
5175
10529
9301
16741
7697
14299
23855
5822
947
15304
1432
8615
4555
10979
20203
15654
2570
6871
8417
12836
2515
5531
31220
5203
23710
20585
7966
9512
2820
879
17312
29005
19739
655
27720
2366
25589
28953
9900
22124
22462
31737
3391
13618
1867
26373
1272
26633
16782
29440
28990
18618
4392
18082
21449
18154
24673
12415
23351
17310
25515
16632
1400
20446
15752
13788
23956
15702
27453
17715
15422
17063
13496
28566
16933
6372
23231
21215
32534
22596
9109
18252
6478
3633
3537
29830
22089
912
6788
21883
8438
29056
4471
31694
9621
651
20699
10428
10643
6789
4927
13332
16429
32504
5495
30742
2692
22419
6774
18600
4216
30158
29394
9214
26830
26032
8000
11901
30997
13758
30152
186
3943
1193
23192
32627
15064
28064
7420
27248
11173
4336
16134
12259
16026
11
23637
23959
21907
1437
20281
12409
699
31805
4123
22256
31765
1602
6197
29302
24668
9973
23524
25802
4876
3684
25304
9285
27010
28750
24932
5629
12479
10514
5065
16543
27533
19966
16652
31216
4108
29444
13817
11121
8138
27867
2681
881
6770
6162
20408
2614
24753
20327
27118
19159
30059
17653
10871
23954
31775
23252
3094
1350
7141
16527
22180
21977
13479
20457
8982
11614
23600
28795
11831
19068
32455
686
24731
26672
12798
10229
25633
21242
23927
15859
10026
16488
18896
14632
21020
997
4953
32722
20655
10043
6203
18891
2486
29532
24170
32598
27560
25647
32262
627
4428
2343
23989
29593
13362
4369
6410
30293
28093
4912
16562
595
28333
32714
26956
24902
95
17413
31139
12545
3330
7310
32344
21718
20495
17324
19670
31447
13935
25823
3589
946
8589
24565
22033
25230
6637
20867
18353
5411
6907
26759
32554
20485
11031
25018
14456
32299
28325
24424
20443
2481
17927
3847
17626
20059
21434
3135
2541
2318
2080
29320
26004
26452
31901
26451
5408
13840
12197
29672
20062
4596
22874
13863
9182
7043
30101
12511
15423
7022
27118
19511
10682
8224
15686
19065
29950
6343
26675
5631
6266
8643
13184
32436
1764
12354
14177
8364
27306
2725
12743
76
17411
4428
8519
24500
28798
13431
13290
28340
24985
25674
13896
12792
5755
9379
25754
21785
2425
21543
18541
4432
25288
14185
5589
23752
4796
21174
15121
19490
32275
21289
15774
22132
30486
17698
26289
18526
7119
5878
27828
3386
7599
7613
26588
3130
13794
12550
14519
21143
5609
25016
138
22116
20200
26804
8297
1577
11323
23517
29224
7001
6404
17277
19137
21621
16359
7536
20812
18601
6716
4656
21866
32005
19154
32029
561
20212
12948
17494
15736
17386
29282
1578
10056
9545
17877
5057
32329
12033
19131
12960
32150
16524
7907
26523
31476
3251
15690
30057
15212
8693
19857
31993
4583
3589
16394
27893
7155
12387
23992
25069
21160
26441
4976
30944
18814
13847
12850
24601
8463
23337
10063
5066
26921
1394
29520
1805
2781
9967
32027
30295
27403
150
27296
12021
14397
1108
11183
13368
3098
15116
25648
27334
26321
2233
10768
6707
29040
4015
1126
13735
30387
29134
19170
31820
21643
22479
25896
23250
16701
29873
23310
4191
19234
23309
5879
27944
17928
23169
11792
9498
7056
11562
4823
4100
22548
24639
17638
25111
5364
27940
13454
22787
16294
6082
17736
30730
6289
5159
25566
18802
15614
31272
20955
4689
22327
32451
7566
20010
17721
12216
11086
7246
2606
24993
17412
23453
25507
6217
22045
23627
20299
1181
29390
31262
24010
17652
29595
6920
31588
27319
5606
16346
5995
31428
23067
30147
10183
2246
13129
107
5215
15090
12698
5040
17478
12567
15216
26700
5863
14588
24739
8199
7557
14097
25968
8881
17136
12648
14096
7506
18501
9649
8285
15674
26238
9619
14654
18527
9892
19764
21581
22197
90
23776
31030
24708
27189
15285
20167
16104
20216
4146
26457
2709
13552
24442
871
3614
22019
1954
6632
19510
30345
24452
3491
27854
2951
4060
27425
10742
2174
23257
26717
1184
26809
28823
170
10107
30015
20218
4997
198
16886
9406
6108
13254
29503
880
3680
12919
6573
31133
15119
20801
3382
12236
16399
19121
23733
5234
8962
10360
31290
1341
29949
19609
1642
24644
28584
20210
9938
1079
19934
13591
7630
2159
4979
1536
28057
23353
27648
1058
1764
28497
824
16545
420
2698
22700
3434
12779
29922
13382
17550
4893
20991
16747
18946
11236
2869
19656
1199
2441
3422
19214
11013
5765
11111
8084
5044
1361
19720
4106
14914
19112
14719
12458
21803
32585
14820
24362
5318
16735
11514
5484
15334
31386
9730
25470
21182
27021
15415
50
29839
28041
6889
30212
24959
17480
31194
30462
23007
1539
6213
4888
31129
24776
15579
32189
20175
29899
17890
27424
1053
28726
30240
7612
202
11172
24988
17799
3756
6124
8620
15703
30218
873
22653
30254
31524
31921
491
2963
4510
2325
22290
96
17259
24897
2668
25677
26853
25965
14263
1262
15133
32281
28768
17264
21821
7054
7718
24240
5326
29727
4344
13950
21709
7444
13836
16563
2304
2622
28152
21079
21411
26835
13459
19454
30794
24592
20750
17235
22987
13995
12507
1978
27558
29485
6430
27646
23600
29367
13957
25230
3210
21821
29155
20623
19292
2816
23187
25537
17973
10456
22396
20045
3917
8301
29232
21370
28996
3594
1529
9109
19697
30793
4581
8091
14770
31022
32703
5523
22818
14238
18983
23785
6112
32355
15871
14084
21912
12172
18051
27684
28101
7033
1057
28038
6508
30437
12776
23067
11524
23123
25295
29104
25913
13451
5762
587
31143
20450
7170
7711
12612
19124
12073
30967
25061
26294
17258
30320
20089
6070
18789
28393
12498
3327
5197
15572
26402
9764
6067
22663
4283
3155
9330
7903
22238
7970
2683
27745
29830
20233
25773
32448
17396
9486
25235
21679
9037
24410
5227
6930
9326
26275
12264
11996
18271
16735
26112
28487
11496
11749
886
29045
2270
10294
25945
26447
23380
10156
18893
6021
10921
4533
16031
15249
3039
6735
31867
24212
19226
7138
8509
14589
8588
29814
21773
17257
11666
15992
16555
11899
15129
25589
28430
22936
7008
14540
3284
26623
8917
8094
3819
2074
9478
4699
5627
22352
10346
19563
3424
5240
5266
29874
29612
16705
4101
26025
24131
27930
4115
26768
19641
21785
30652
18688
21480
29517
22054
13106
27175
27216
611
10827
11880
21313
25312
22536
20968
29001
8260
21794
29966
21863
21318
32221
22255
2427
18793
11660
22577
25753
3144
27744
17299
6016
10625
871
5668
29115
27770
1749
22353
27512
12397
32511
13034
3397
16057
6085
7250
9058
32072
7043
27860
8630
25197
8943
30112
22941
21234
5928
19398
31983
24144
12622
1795
6397
28233
28238
17261
17433
23743
11396
6648
24439
11414
11501
27631
11606
29375
23217
1372
16775
21944
32326
32572
25927
23176
25305
2501
1467
13494
7689
29980
4754
28611
18932
10092
7382
7929
28219
7615
30568
23933
2398
26145
13111
12284
5914
20222
20005
29488
32346
9486
7922
16006
14613
15835
24880
2544
26781
25248
7210
26762
730
14756
30827
24070
32395
27520
31127
3612
1965
27717
22617
29839
12228
20063
21620
21197
1409
12868
14490
13270
30879
4572
12170
6797
17807
2681
32105
2146
6952
24096
1507
24868
7812
15963
1955
23099
11634
12206
21078
25271
5040
7542
24685
32491
27676
32270
7745
17750
24295
30967
1188
19664
31794
23232
4791
2006
20831
27852
4449
17033
22766
32313
22248
7098
556
29585
32023
9591
67
23570
4465
24987
15420
4015
8797
31789
7191
28505
31162
8721
22140
7024
13048
3026
8395
7360
32449
2218
29050
11373
25227
30616
19977
23217
4188
23635
29530
10980
2166
24042
25384
5035
20025
12430
26809
18024
11094
10482
10956
11889
19556
12124
31376
31183
950
2629
23797
12171
5564
19162
265
16907
17852
27892
27855
21088
25924
7209
22489
32035
25371
18148
15193
22535
20271
21368
7983
761
8746
29497
29499
24715
25038
30813
11926
32055
13209
638
20668
27251
14763
25624
6339
9256
19648
27302
7380
20900
19913
4094
5200
23103
16363
28136
27705
11185
9795
13142
6561
22161
3741
16010
15507
10859
17760
10335
13079
22339
14959
11366
17615
7273
11156
23013
27279
31317
156
1942
19944
13397
18195
28708
29123
11383
2546
6247
25162
15105
1087
12401
4701
10313
12178
20654
9111
23945
22565
11358
22059
17431
3991
17291
10244
11729
22719
32376
9836
26972
27341
13976
12673
27989
11038
24099
3785
17796
23826
27616
25128
24490
9225
25105
16519
3469
9559
12658
11639
31898
1509
20209
20207
13680
24420
23912
25640
16044
26569
25073
31677
22520
22036
13161
24878
20599
23938
10682
13453
25673
12794
15091
10104
28482
11545
11070
19335
30838
25057
17500
92
24341
12359
16086
18555
20834
17863
7187
15164
29543
29041
447
30003
10034
14618
16408
32594
22290
30259
18883
14291
7364
12059
22110
21147
21692
15689
16534
1827
30068
1753
15988
26741
4333
14
7922
14389
17529
19763
2398
3980
1656
5365
20782
30740
2860
23417
17161
17236
28450
1210
2202
18964
19100
1460
22867
8882
19763
30252
13062
8772
31710
1297
19632
5648
19880
5628
21831
30342
12382
19263
31978
26924
19148
19136
32684
21179
11782
9467
21002
4290
8778
23421
19898
21674
14055
23005
19317
1094
1259
11281
24676
19056
22705
4171
3619
25783
17777
14863
18207
19175
25837
9001
16103
25190
30449
26686
8102
23774
17205
28415
32643
22729
31377
12162
23875
9289
19205
11876
14865
7263
18622
19126
9760
2704
27110
10708
11839
8016
20262
15273
24601
16192
654
30257
31326
27626
6156
6878
16668
30899
4658
20947
14941
28962
13759
590
27081
29468
23358
3911
29980
9472
3674
27587
6218
18561
12487
13268
30912
19023
23427
31503
27201
24846
32383
7311
10321
17856
8177
3663
3036
1661
30462
30024
16524
2019
21725
12487
24076
29014
17395
21436
11461
29949
16391
9501
17300
27212
22990
11477
23934
19723
15046
29361
24559
25168
24816
16220
19933
4651
16193
21756
12907
30963
27183
16994
2721
20555
18491
21379
17398
9639
12995
14379
18096
20737
3097
18774
17382
3343
31199
31710
28335
32663
28533
5238
2431
27857
4855
12607
7693
21010
7996
9023
32317
13858
32530
6301
21706
31925
30960
6243
12118
28569
23931
29510
8823
7862
27502
24021
22727
30230
13985
19454
1994
28394
18487
23789
22573
24321
7735
11822
31635
14502
30374
11002
11042
22511
19055
27218
1576
9408
18869
13973
3716
25617
7135
6526
574
28280
10878
24928
19907
18963
5015
7828
6802
19079
15883
6906
6022
20003
8655
14134
21450
17242
11873
11818
11167
19605
9945
40
21811
20792
29656
13728
18901
8950
28194
22233
25455
26095
10929
13258
31089
21063
14677
9038
31123
7528
3701
20593
18172
26541
32361
12528
25056
23373
25506
8256
30711
15798
5413
10064
29760
7583
12157
27233
1532
11873
27499
2776
23278
22349
31927
21511
999
15717
15815
20916
10551
23363
7902
31925
30136
19696
27935
2795
23959
32526
25494
12692
3850
23643
19698
23291
15352
2624
1469
11876
20895
10946
1359
32666
27418
16993
3788
3662
355
9102
24181
3492
3882
25394
16469
2761
30465
31388
30292
16668
25829
2199
28836
964
22710
23993
15548
14269
24035
27658
21129
25179
32705
547
23135
26162
30863
18205
29684
9435
26876
17366
8765
24273
1263
15841
7665
14332
21385
8305
22902
28421
2515
24030
28833
14423
5274
3717
6045
13935
13356
12979
25377
22413
32024
12450
3320
16950
32336
29451
1852
26382
20246
29588
28591
11118
8067
7692
30585
25590
9796
26
15869
17939
23429
10778
26538
30451
31134
19468
9685
5580
23325
4454
14822
32751
21693
18732
13915
12557
11456
17070
7245
14337
21767
27683
15471
16957
28708
11350
24639
22698
21423
25730
31544
3848
7020
27385
15542
30607
31108
22089
19735
28842
2927
21923
6615
3545
7335
28907
1577
3805
24295
12858
19035
771
18862
1814
17174
14674
24899
8960
17587
19828
435
9042
10126
28435
26188
3545
2718
19246
31565
30009
14406
13697
27105
3832
26838
20460
16961
28537
20047
32012
9894
31710
30239
11246
18125
12916
23753
24293
3056
1684
7458
10499
5633
4114
11747
3647
31117
20455
23279
27542
22578
19540
23108
1356
21514
5070
20946
23494
6839
11534
14822
23127
8443
28489
28246
532
28881
18650
27806
28039
21200
27979
18760
20813
30974
14116
3015
6577
8610
3739
9511
18473
5565
24547
10905
14993
23343
27414
6365
10729
8113
5892
6609
1712
24452
1226
14251
14337
21359
20542
20481
17218
11872
18112
29431
18433
18125
19047
15090
20507
27855
8191
4197
1322
24148
1833
651
2429
30163
12885
15229
29153
28147
24328
20071
1704
17244
20971
2931
6046
16059
30883
19789
6740
22823
25148
31017
7066
11333
384
8827
22535
12905
8233
19432
12892
17467
31031
8643
8393
14613
25783
11117
17725
17950
13910
2690
16882
15149
8865
26723
28763
22609
31446
18582
28180
23928
12856
9151
13125
31862
31327
5770
19100
23027
31367
29593
9659
10216
18522
11265
23950
5851
8791
16165
27439
15986
22577
17793
24899
596
28386
26343
29670
27188
28082
29434
31319
10653
6777
29126
17868
29581
9543
10314
22910
9765
27800
17281
22570
6078
19446
11317
5869
7814
17498
11649
12084
9505
15979
11610
14288
9418
6924
13078
6917
23240
17043
28289
20014
6335
14088
6814
23881
17534
28362
15626
24927
28486
32449
3633
23176
6152
31845
28294
20938
23100
9267
361
5619
7285
2561
15419
13680
29829
17966
28121
23693
22922
9052
18267
30492
21695
13336
23792
12616
975
31861
11404
21983
24685
6909
18052
32453
10295
27067
29256
23652
5180
25672
30265
13015
17552
4464
354
2614
22591
24863
24794
31023
26414
23375
1717
19177
25813
5558
3969
9175
14171
26312
243
11985
732
4400
2716
32178
25320
20666
7945
25608
15059
8972
25088
26756
14638
18318
12329
12499
7150
6171
20578
20467
31508
30655
10354
10482
10679
32581
31311
31011
7156
9754
8611
30010
24783
3836
8412
28924
23401
26159
6441
3523
9551
26478
20133
9722
13786
14048
22743
29802
4020
30821
29339
15839
22654
17058
563
10896
3339
32360
11563
8087
15020
19644
24790
12504
5753
13930
17398
31004
32748
26512
2970
2289
9595
27762
13517
24567
26824
25270
21616
30672
14928
23901
18021
29307
19347
17871
16186
27046
17817
30232
24534
18975
28314
8835
5749
18141
28798
29188
8273
2836
8356
20876
573
20033
24104
25118
31297
16948
23785
7272
16362
14194
25185
13182
6156
17166
27672
21860
6919
9847
17426
908
8778
30297
14383
24602
20626
30431
25640
3046
22339
8465
7282
1888
13043
110
5241
17611
25488
13802
24009
31357
15926
32716
31981
7100
11744
32386
21758
1344
9466
1965
30933
22117
18109
15184
17360
28767
579
3417
19451
1241
19431
28077
2444
1472
7960
23563
15154
23915
27731
32202
2330
25328
8235
7412
21603
19612
748
6631
4532
28206
9613
30995
7175
10703
13629
8
2958
1570
5064
7404
6755
8423
24565
23592
13348
6041
18091
29064
717
5366
5348
6931
15147
14286
3034
14040
31013
24375
31184
28874
11368
743
10555
19970
4142
2714
9857
15999
2881
2938
19775
18962
1244
8661
26037
30513
3635
22433
1205
21242
12677
13459
16734
24959
13975
19113
21680
14670
15101
27261
9602
31340
13017
29540
6348
9723
11460
24440
3283
15355
15865
14109
24957
17665
6422
27217
2031
32599
4138
23907
5147
15269
20310
19338
31262
7234
1094
8428
31204
6860
5321
23430
14148
23931
16467
2732
21355
28263
24398
2306
24483
27458
20330
24698
1463
29726
16040
4462
7004
11072
23408
15149
9759
11146
22561
3181
21738
894
29943
9441
10733
17408
7599
30903
758
17466
8225
17377
16987
9332
30183
25601
13157
29010
9887
29163
14731
32651
6368
3894
25825
5319
595
22941
12247
20238
11115
19348
20627
17633
25894
593
1431
7716
2589
3433
1128
13322
11013
24295
14634
3510
32037
32632
16799
25846
2781
15990
3749
13081
6345
16704
27647
28414
28743
9246
2583
19458
22550
22983
25558
28030
3707
13877
9737
23697
25671
7768
4890
5351
23605
4831
15108
17353
16474
20455
20423
6019
27139
18127
32064
15427
12212
22360
32674
20476
6275
26149
24320
983
28304
24420
28203
16030
10858
9963
26264
11551
30113
3232
25656
26434
9456
31429
9022
15651
29270
7927
14471
31684
14226
68
20582
27945
1444
17844
6275
14774
20871
11081
17400
27050
10684
7835
16365
29154
5178
26105
30021
5434
621
21949
31286
28026
13895
18763
27675
10749
14278
886
15613
8179
28150
31234
20258
30403
26615
8156
14002
4531
20848
2361
25983
30227
31190
28672
23100
31660
2889
11660
11412
1626
32006
4846
29623
28992
19170
27945
12157
245
21918
18420
28929
13356
14978
1179
3718
22054
8907
11943
3358
17577
957
6885
24217
29870
3029
25652
32502
3344
9682
13974
9336
13896
10107
4801
8227
26902
6412
30208
8102
16069
5131
10660
26164
17897
16152
2919
22660
26508
9277
2848
17760
23229
23903
16179
10198
31775
21803
18977
17932
19116
12120
29039
12229
2195
2503
9808
23048
16972
26083
19965
16458
10548
17013
11183
792
19011
32594
23273
28543
23852
2299
12923
25638
10367
27221
1381
30404
12363
6529
23190
1192
9709
17817
17559
2516
27814
31906
20244
14449
25015
2740
20609
26013
29950
24795
20444
30003
26524
17104
6096
761
30935
18619
27269
23247
4657
6455
20174
28133
26048
24086
1620
29912
15414
18919
17629
16821
14666
11195
23731
22453
28779
20744
20881
8896
7546
25176
10480
5022
31362
27882
27456
26259
20009
5882
8985
10028
5768
16591
4062
11206
21961
5172
3969
9996
14702
4345
12964
28522
18352
8796
32597
1416
27578
19730
11366
19987
26898
10808
734
11317
1459
14653
22244
376
31419
26140
15993
10246
6410
23438
5927
22379
28759
24554
21233
14003
12775
8619
11595
29634
6893
25706
23019
1044
915
27121
26779
16997
15160
11245
17198
1708
15555
28289
9494
4598
2654
24843
31044
31556
6617
11878
24626
17465
32657
22795
29779
26121
27075
28572
17527
27235
28157
17135
16337
6944
22609
20821
32171
12852
11340
23130
21046
1366
26429
17438
7409
17597
17455
26894
10544
27469
5375
22832
16161
5180
25347
22732
6875
30262
5104
6258
19372
21461
11344
13520
22295
24471
21067
8860
5171
22669
1483
10433
32148
32238
440
8601
22049
12098
26252
8288
17771
5721
13134
2943
1115
9913
5724
15734
18330
20496
26485
3505
21430
20561
4470
27562
22748
4617
3666
3244
8429
28299
26255
13512
19803
18794
23268
13131
20669
10321
30263
10382
1275
31216
15006
22019
20576
11675
19059
23319
28070
31962
27807
27431
6555
8398
8022
27038
12644
1760
25324
405
15552
13288
27608
13650
17712
8365
21870
2493
11961
27536
26278
15674
26842
6518
21107
29347
4164
3956
3945
29098
31474
21680
17654
15949
27452
23754
3689
28374
15900
28790
4321
6072
17385
16307
6068
5495
25180
14014
21224
2581
18038
3777
24805
32494
18545
26096
4970
2098
6274
26206
21171
29021
29744
3926
14393
31030
16066
28595
21400
10437
213
32618
14638
22511
9300
30347
10972
30925
4435
15452
4423
1728
31553
24240
9722
7863
15003
8087
18679
28916
4546
15721
3179
10008
5699
29062
5710
23120
9119
5469
4349
6418
7563
31698
24619
8452
14465
30391
4106
10039
26120
32639
13336
5810
9850
7639
26139
4550
6400
10973
21910
31015
20805
31119
27047
21314
11230
3741
142
6126
26480
20488
7751
10325
25852
29525
21581
15658
7684
31183
2142
5636
4562
24530
26155
14591
2392
22145
21408
1244
6384
21329
32006
22434
18480
7892
6376
7066
11526
24602
2237
15440
2111
8230
11432
29050
13415
22826
8268
15426
5523
12430
1712
708
5829
27647
23516
811
26317
32527
31815
17808
25916
4579
27613
15277
29222
6503
7524
31947
18575
26410
24517
9480
18929
13916
15163
26395
21862
24762
9906
3
22658
3517
28555
19324
25783
4155
20487
8131
19374
10396
3834
1204
30937
20505
7180
12788
1338
3913
11686
23602
22655
1381
8853
27780
8777
14783
32507
25933
24700
25493
14704
11704
7226
448
11590
25676
28975
28649
21786
16244
19886
27870
27553
541
2112
16186
23987
24378
16017
9125
5483
9170
3404
14897
1896
31423
7012
25161
29323
24029
31027
26137
19551
19467
30997
26821
30195
31026
15342
23173
2145
14974
6914
11952
26768
18645
25271
28867
27127
30687
29460
27364
29330
2202
29522
16585
23287
22867
26792
9204
25974
32698
26417
25987
28579
14476
8161
16555
29279
17823
5548
21326
795
16551
24993
2850
16319
1461
12191
13472
25569
26822
18378
2525
5092
17978
17341
6570
20892
30393
16909
17293
18493
12170
13297
8314
14932
13120
16445
23208
26302
11182
30241
8369
4634
11701
22605
23724
13640
32754
27253
23351
12234
19073
24596
13031
16527
30389
26809
7260
18943
6181
30422
31835
2043
12018
10234
12847
2150
2994
17896
19469
17899
25235
1760
16504
5025
24148
25558
8445
8091
32114
17765
19347
30008
23246
7242
8360
8058
25215
23958
20407
18732
2774
24444
2337
25305
24630
20539
15827
31996
12100
32392
626
19431
12150
17049
7453
24751
27791
19885
26922
25036
12738
6420
4277
22251
2335
20610
32238
17228
28913
6046
7748
13114
26956
7626
10885
1037
17598
24297
5100
17905
9109
8864
5022
9963
24128
7632
32411
28777
31461
24521
382
15212
27458
21443
21344
15583
29450
10399
25519
17745
23985
8867
21450
23896
16290
22969
10947
15562
7852
16053
7916
5737
10572
29615
22200
15641
6160
19642
3208
2320
3830
9074
23657
2710
32189
25170
3466
9361
24327
9530
20082
25404
17620
13656
3181
1260
14467
25187
16853
10254
3098
14156
28729
5994
24584
30109
2566
20031
1818
7938
14216
25683
23152
2137
30983
12750
8841
247
4702
6330
24782
4834
7909
1028
12763
11738
30865
3829
14813
20153
21188
10421
4987
21229
17257
14949
18553
31624
21627
29137
19485
8782
29371
20813
32322
11661
13540
2154
25220
16677
14604
16780
3506
12588
21569
11060
25215
10252
6145
26589
25921
21134
4190
5947
7342
12474
12573
3659
13014
30769
23673
30370
8505
10176
23451
2284
16940
8488
5865
7002
17220
12965
32043
3436
32198
1607
15548
10180
7447
20859
10631
14988
2704
20261
2579
6487
32241
11598
6249
27223
25044
265
22871
27411
7005
30693
28069
15119
3453
7970
32468
2314
12236
11212
6594
26050
5823
15585
23825
28630
26767
9461
29525
2460
2363
31773
20177
31842
8480
26972
31687
14992
18694
16658
28295
26136
13752
29285
17821
6701
26323
1926
7275
12660
23040
32096
24163
27297
6265
2875
19797
1650
28135
11660
29009
8597
22641
2341
24656
17526
18804
31610
4952
5275
28920
11977
2401
10664
7137
2998
4406
13094
3823
612
7565
18054
19253
10602
11474
13469
22999
6614
7588
30780
11017
23858
15677
20818
21142
24272
21411
25509
11672
22937
295
29721
27411
1435
30900
6709
10384
30670
2147
25146
22331
7065
31119
16834
24480
29557
38
30945
29563
16543
23723
26419
17603
3363
8314
15248
24743
2661
28192
25386
29910
25865
15162
3607
25510
908
6969
4820
20210
26710
1937
1950
2438
1702
19539
27878
19981
25240
20039
27942
19614
4500
5714
19435
25619
18031
6948
12167
30178
31474
24383
9510
21851
17427
5601
16726
32607
20792
2758
21767
17622
22363
17828
4497
5825
12051
1875
24046
5419
5751
25879
22010
18197
13188
24938
3123
22278
12805
31199
31180
17461
9163
29829
9047
8411
25326
31847
2147
27403
31513
25061
11008
13982
15448
10632
22160
25982
8946
25966
4268
5203
1753
17358
29759
23209
15012
12843
3378
2803
3993
29411
22023
5572
9210
13696
13120
306
12145
8138
26019
3725
31983
19045
3780
30202
4837
7714
19629
1902
19833
2744
24819
13380
21752
8551
23229
1264
28317
1304
13028
6512
16402
17695
16024
30151
32580
20501
12929
12365
8437
22485
4840
8223
2451
7613
15680
20971
11874
18753
18049
11651
28467
23135
23365
27368
8189
7587
30494
10753
11560
8414
11947
16163
12973
27422
6204
504
4721
19657
20256
5408
30968
16272
6757
30561
2753
26559
10254
14254
21375
12101
27566
15743
10759
32520
17659
31101
28420
19271
27953
17892
19559
22214
31282
12913
15700
7756
19235
20917
17412
21468
29088
2937
8086
17588
1210
3483
5825
23076
26971
13112
15255
2733
18747
15989
10057
22259
24036
29984
4963
15675
28548
5241
13336
9405
9902
13957
946
13520
2630
3735
9582
7946
22814
9406
24135
24778
9576
12202
11604
3279
4974
20479
26988
16199
28819
25258
5637
31343
6141
18119
23923
10194
3157
15604
4500
7741
15237
23670
26734
12713
10855
25857
14292
8354
8670
21483
25993
8062
27429
18045
27062
30434
16991
5533
7297
16641
8861
1796
3492
19471
16897
26855
10997
15030
19120
13889
15761
12525
1377
16601
8996
26219
11834
22987
360
28959
9191
5052
18026
22181
32357
23280
30466
9530
29484
16600
21663
2389
13651
14874
268
9275
13266
23053
26646
26791
25382
1067
8985
22701
6182
28614
28403
28483
26427
6623
27949
10396
24701
2916
5971
20006
28171
30734
5522
26220
5240
28233
22264
10750
19420
19785
30824
26743
32238
1969
19089
9793
20288
6013
27825
24119
7071
11777
9946
16059
25759
25712
13175
24595
5067
12792
2960
13182
17136
18649
26283
7404
25421
17908
1783
10578
15005
1492
30127
28921
8733
16345
18251
14753
25757
29074
19918
10474
20139
19488
9339
16191
8485
4339
7184
23487
30877
17191
11866
14496
31151
1454
23925
12874
19665
3318
4163
8630
18924
12219
18010
5593
24846
17384
14878
20618
311
25045
12853
28506
4420
29376
2761
1598
25453
31609
21781
29570
10286
12485
17775
29441
18548
30276
19183
23533
29144
1032
32282
5436
14913
12614
13779
25323
8629
29321
357
19160
12750
18892
31795
28487
32681
19846
23118
10948
23092
14053
27746
25604
14801
16910
8832
5498
19553
23977
30412
27560
18300
17107
3169
1280
28612
29082
2572
2267
32034
3795
25317
23171
1179
19322
19036
27641
26459
18032
25807
19755
25986
1144
29419
4678
23613
8225
20219
23484
30442
11291
2761
4250
2003
28037
32705
6370
11936
19543
25162
7150
3818
18779
6087
29672
28360
2093
19418
21019
32637
6432
17453
21436
19753
14409
9749
6171
23316
20670
9845
31773
24974
15808
31801
20850
26272
6078
3936
18933
9634
20748
14237
15644
4338
17301
15857
29472
29945
22395
25526
9329
18682
9175
27993
29570
2840
25097
15629
3498
13363
6888
6020
16661
6438
1683
29821
32573
17312
16081
24103
26632
17489
31169
4108
1165
30396
13993
32521
19452
9647
14649
4582
26100
8344
18606
18646
24883
29730
3970
11517
30165
2403
22159
31760
28458
14317
7304
25303
2539
15194
7502
7178
3960
17889
6107
19535
9851
27426
15806
9242
12770
10633
32220
8278
12451
14994
9786
27537
24711
8674
14927
24991
13160
8880
13910
5831
6901
17133
30494
21869
30913
30939
25879
22328
12481
14890
22473
4568
2599
30893
1170
2578
29584
4756
25379
30609
31646
32716
1783
7276
14032
8295
26750
20036
22658
20858
14113
3523
20987
17072
27401
6149
14934
16414
18055
27931
5366
995
6909
12956
4226
25101
28421
29940
23933
30957
28358
22464
30763
4735
10395
31535
31784
22153
25208
10099
4541
18563
20816
13150
9685
5662
13845
13144
25673
20214
29104
14926
11833
16703
24478
2389
28989
19395
3398
9235
11870
1244
25107
22893
25758
18479
5563
12517
18507
26166
21355
16227
29415
25627
17704
4243
5031
32478
24007
26995
17815
8815
32684
14732
3460
28329
