32668
28472
23504
12305
319
1179
13238
1494
24131
10035
20978
4989
2765
13940
22935
30220
18006
21702
24636
19313
31818
23919
1350
19118
7798
21155
19467
9282
24232
26163
27495
24796
22980
22472
17622
29881
27522
7674
4654
1359
17961
24950
23883
2228
13841
4027
22239
26351
1802
11585
892
13207
31578
1421
18804
29320
2145
27712
25602
9331
11094
4567
18089
24154
30185
32105
28246
8082
10799
4360
10578
7632
29154
477
405
32556
30291
13282
9217
23312
17909
15288
27280
28942
16080
3676
10418
20710
11956
7306
10213
24107
8850
1602
22761
8521
31079
9712
3825
14887
22905
31545
31368
5246
11923
20698
16911
1630
3408
28569
23713
22393
25034
3407
30893
12632
1110
30840
12636
14955
945
18694
29508
27056
3024
8280
13098
18745
24253
6676
24704
8058
6864
3925
4894
21924
9079
27419
26159
27307
31699
1719
17168
25591
31536
24479
5226
13950
21588
10783
16889
3526
31169
27965
2038
930
10234
18885
28023
31115
30453
4111
26286
32202
15556
2957
6253
21512
14514
3026
3851
20037
26391
30633
21199
1501
30745
23860
5011
22385
7778
3452
17058
2939
7044
11703
7191
9591
11844
21249
17445
11129
10376
18891
18751
12846
13409
9413
4567
4181
13125
7707
4856
8254
1302
9961
29283
1743
5282
24945
6982
23773
7021
32153
13058
26996
29428
14293
19217
21518
15412
3253
16933
6822
5580
20174
22888
22568
16796
6130
13968
2266
13088
5056
11128
8327
32065
6484
17488
9623
19674
378
26887
24971
18450
29710
22578
28933
10393
7454
19418
15337
6446
15629
15748
24226
18207
3401
6581
25870
986
23340
11739
26174
9486
6247
30751
6210
30734
19636
14725
29614
21101
9011
13611
16044
21773
23162
9778
13905
14172
6219
23012
10169
20500
4948
18571
16050
30297
3260
21226
2607
30763
10656
14855
18568
32294
22848
9166
24356
30699
4133
19029
1
21516
10249
31235
18390
21503
21737
5656
27898
10969
1664
26730
7355
17724
1353
12364
22628
29474
25466
15925
19140
27708
31805
16874
9748
3106
32330
16943
18134
18817
4932
6334
5104
27432
24228
10531
5908
31907
1302
31739
30958
15137
784
20114
19159
2902
29423
8077
15314
28157
15244
6881
4103
19125
9230
6639
21830
25212
8245
12128
4015
4435
18591
8089
26660
8794
32602
7102
19606
2446
9188
23059
29163
32298
30151
8946
3255
13818
31440
28566
22418
24226
24196
2414
30365
1521
20932
3663
26778
16184
4922
2581
17735
13145
23885
23221
32297
23197
15264
22455
27001
21591
4442
31711
22728
25956
27863
30429
8726
12975
14983
32334
31284
15893
19315
6028
4641
29312
27669
27945
7199
14741
28645
18620
7138
7723
23351
9144
8344
12499
25125
13835
31166
10659
875
5039
9520
20327
21479
23273
25051
26062
30162
28465
18489
15008
18431
15351
10051
9341
11384
19091
10635
11062
30872
15022
13416
18979
10615
26744
1249
31014
9708
20036
1084
13437
19630
738
16564
30874
23765
9973
17291
14479
1925
16498
10042
2291
2790
5856
5580
3914
27011
32270
16858
27385
11113
1669
16672
476
3391
22195
12586
14254
20573
14708
2695
5965
29687
18121
19114
6492
14301
22402
16207
19002
17962
15611
22230
32725
21585
31445
20420
31897
27252
24772
12874
2709
29807
4952
27255
32195
13013
5132
3061
18195
22810
32266
24521
10378
31865
21624
32123
24672
14644
6887
11085
31433
28135
16856
24489
18617
6664
6002
15856
5862
10857
14358
25178
14095
30162
5099
30057
24201
7692
31214
3694
16920
26914
24020
15573
1402
20212
17095
3019
11036
29357
11196
3560
881
16308
5198
31619
20248
1006
25152
28677
6382
26808
21048
15789
17730
3962
28650
22936
5864
22211
15302
17305
32521
22482
13073
25494
29249
27666
3569
4403
14842
11425
24168
21265
23263
501
31613
7093
28733
25864
2696
18414
26711
17966
19283
12074
1699
27673
15553
18671
30336
19419
14826
1356
21811
13061
29748
7463
19672
22786
17664
1451
5365
29083
4914
28267
22505
21118
14603
27185
10747
5785
30802
31413
2349
38
12214
5921
17672
25430
22598
26320
8428
2887
6375
25615
28377
14383
210
25397
21182
14726
10750
5836
3387
21222
30907
6767
11854
22270
5489
20853
16266
8221
17881
27084
17232
10510
24907
6097
28499
32710
32529
10708
13247
22650
3874
30413
14846
24327
23573
22306
15145
836
19465
27888
7369
12877
26236
28165
3574
4019
8307
30518
7453
25753
10642
8331
2465
15381
28711
3478
23894
611
25605
12992
15421
23473
10873
8016
25090
4591
16220
11153
22010
29290
14922
21966
13364
19338
31330
14945
13771
12625
15000
30113
27737
11553
31736
1924
4558
18558
16017
10393
32346
4179
17307
4352
32545
14892
30293
22016
3107
27828
2332
5039
17590
10837
5170
20553
30444
844
15691
5605
16355
29112
26253
4458
30436
3035
4168
21908
19916
10496
14678
8000
9499
20679
907
12749
14894
31147
11709
21546
2710
26988
2329
25537
20013
18538
30831
19265
22942
10888
31626
10265
9989
32646
20814
3467
13989
29217
22514
25514
30164
31409
22051
15825
18022
31429
25119
32584
13107
14564
29393
30768
22937
31740
5387
22080
17794
23193
25197
27071
6563
20305
31593
16866
281
17044
241
16650
6102
22143
19621
6560
12707
1291
8022
21880
9539
32318
3955
25170
13940
6140
14476
12725
31608
10680
32440
8207
31864
5685
21127
19336
24444
16386
25287
29051
26454
3217
22698
28125
289
2884
18770
4921
29809
9240
27341
6906
22089
24905
22401
13373
5486
5708
4717
7391
15292
31456
31619
19012
17891
13365
25572
13971
16231
17708
27460
10177
31246
18503
543
13205
857
5104
19961
17671
11151
4995
24204
16738
20457
16202
9528
17360
16827
32452
30849
20684
1389
27475
28653
18258
18388
21189
16849
13943
6610
16520
27006
4417
3219
19371
27764
30004
31949
15634
5359
15040
11562
20440
1506
19223
8798
20324
21346
4568
27726
3444
17424
27372
18427
6811
11602
1808
12110
28699
30995
5592
11798
19310
791
14739
9253
19772
5681
14976
20668
3165
21915
10396
4591
27248
21436
23458
20242
23903
2116
21713
2340
19642
421
19070
16552
2640
14243
31857
11938
27426
11686
10450
10383
18480
7728
8030
21451
31870
19020
8016
19965
5436
24636
17873
16161
19592
11731
14093
20557
17107
7668
22618
6777
1292
6242
23967
29872
20888
21642
1430
704
8915
31026
24912
13515
10231
31037
30133
17398
1914
21836
19138
459
1154
13417
8452
2679
21512
11673
16040
16595
28363
21037
17543
20078
8918
13140
24587
11657
31467
24162
22536
2232
4271
17154
5371
26959
8200
8661
1389
8325
11369
24801
16704
21014
14812
9909
3226
26924
19397
8247
22398
22733
18068
22466
25237
30551
23429
15410
8273
9618
27966
31891
23765
13263
12646
4546
29082
12516
7267
11996
12612
31886
12457
20561
17761
10746
13000
10388
20259
248
14757
17788
5095
25303
27690
10619
2964
4899
5496
1588
21809
6764
7408
19180
1672
23103
11531
15937
23998
10181
30538
615
10809
11407
8016
8235
21464
220
23871
29923
30533
6059
6486
8030
2833
23198
4057
32229
31694
11477
15979
31832
23294
864
17314
24755
21624
6119
4818
16307
16098
27681
4954
2385
21508
10008
5358
26816
12726
29933
24318
32466
31295
18213
29915
26420
23036
984
21133
256
9539
25296
4284
5377
79
9369
31957
18489
5392
18475
19722
12754
14295
6657
13124
21273
4144
6584
8516
28868
23858
15482
15921
26763
21790
25012
17527
4527
7600
12192
26929
30623
27518
32676
25706
7882
19692
11069
18302
28605
19098
25589
10645
30163
22018
3448
16892
15179
15726
18165
28200
6612
2110
6956
21143
5008
16865
13964
23936
31952
20740
17934
14043
19259
4447
31732
10790
56
30095
30370
10704
7078
19400
16242
11881
8101
31026
6403
11519
23925
3423
19162
28535
20433
24424
28330
7021
30397
504
27386
19823
14719
13687
23752
30242
5668
2577
6543
3346
7286
27417
4474
10610
27964
13850
13254
3426
7506
2018
18846
18683
2490
19270
13515
144
28329
8872
32669
32151
17254
13108
25940
8416
826
27316
12267
15186
28826
17472
13830
26649
1897
7846
620
28164
11528
28357
23481
3357
1726
27003
21051
24542
30085
19410
21015
12239
24275
19954
6080
13928
24194
32394
5234
18175
353
15605
15113
3565
22227
28450
12142
20253
2591
25947
29237
13424
10397
20969
22278
2583
11613
16789
7439
15594
4626
11365
14174
7182
7200
30096
1917
6328
13273
26979
1399
22980
19503
30540
2738
14006
711
495
6392
22657
19314
23374
16813
22138
2152
26990
14393
24294
26264
12872
11553
29560
885
22810
10455
26480
15706
14926
12629
23410
19332
31047
18836
18315
16427
7550
10503
10521
3952
16684
28007
12501
1967
8842
17077
12155
19597
22096
24537
20832
5819
10875
7812
2865
13640
28581
22037
11183
21322
19848
3816
18039
31518
18983
18724
28556
29045
23890
5439
11960
32603
21115
18983
15830
22193
27500
763
5793
11781
5982
7788
3605
22660
27128
29378
6933
4190
7116
9940
15828
6580
4576
13759
18046
14180
25697
29411
30171
23018
9767
4261
31230
22455
16191
3506
7602
21364
3334
11169
31293
26234
21015
1233
18549
2556
19370
31139
7376
9592
22975
18114
18588
28377
1716
17613
31247
17026
32563
23657
19345
3540
31489
32621
6051
5080
19188
29862
13951
26001
9236
16789
15389
20822
11172
28296
25448
22420
10486
10169
19700
15903
29429
15407
25652
11466
32295
6483
11499
6888
313
2197
15427
22500
16273
32586
9958
2089
10757
29168
6297
19483
17495
1383
23041
12450
18551
12931
25911
21198
23745
8896
17893
13390
15773
12573
2107
6701
9086
37
29804
13578
29752
23663
31738
3811
27320
25403
18845
18200
8611
20095
27248
11783
27585
17474
6887
12024
31172
11535
10281
15775
29530
1558
29197
21957
8369
17161
23775
11453
13192
5383
9632
26004
32747
19532
14194
12831
17685
30081
10592
1489
26108
11909
6034
9480
847
29994
7077
17998
1651
29655
25512
17023
27090
31621
19439
14748
17770
8077
9277
27525
12483
19999
13837
13217
21819
22902
2973
27071
15973
28943
9957
27811
289
29069
12538
252
3564
25603
24552
17185
18452
10100
31987
23994
10209
1542
15152
8952
4127
17725
25258
4113
10879
9989
16830
21230
25641
13242
8004
16736
8646
14400
6715
24712
6981
486
28501
10389
4637
8000
25937
19777
18663
19285
3581
17255
3376
27821
6349
22251
15444
22717
19356
769
1739
23898
15069
17213
7648
21302
7966
558
14519
3357
30406
17352
25146
12205
28506
20662
2511
9604
25371
29524
4965
30190
28877
31888
5019
22001
30130
28955
12332
14284
11611
29219
26437
5216
1250
23372
31439
27343
31513
25670
22180
11893
19771
12232
5703
17989
23381
26211
13125
27985
31039
22706
30380
15842
24172
1382
31873
9966
22970
12389
31745
31812
26579
21761
200
18544
30019
24522
6143
31661
18271
21144
4842
15658
18853
15103
24473
258
13791
17882
29842
10272
28513
5454
19971
20612
30204
19617
31079
20791
1434
21652
10669
13995
23619
24467
23683
8145
12911
3888
15165
20881
6591
31061
10556
25843
24121
15104
11614
14776
10847
9220
8066
3535
5946
24174
13026
18372
31952
21079
5712
6598
11505
15875
6142
32645
6131
13915
2559
28801
10943
3531
23276
6589
27905
8876
31450
18814
9215
12138
22265
12951
20224
16601
2796
29795
24004
4993
1091
2946
14709
28973
11435
19941
30980
19124
18021
2897
1297
7964
26752
7827
22940
21807
30996
9600
22897
18504
3575
7844
7216
8245
29336
1035
5788
26804
1471
6070
31459
1637
16030
6368
7011
9013
21793
7
20096
13110
10547
21235
22171
26881
25906
31859
24478
18845
1135
21377
7778
26881
32370
4948
8874
2369
23209
18337
8116
19897
11485
19429
7789
26940
9068
14328
5247
26943
5439
29042
659
12229
3595
17073
4034
16798
1731
26619
8111
18397
18759
9563
4600
32357
11817
31306
13841
27474
20412
22412
10410
8464
6
4336
13056
16915
5189
19018
4146
13709
26624
1530
20934
6932
10299
16612
27324
8219
20461
16872
21113
6083
30366
14180
20902
19032
28118
19623
21131
23259
13849
7009
28753
5264
804
21239
22537
28966
17321
12223
17411
2930
25743
13175
1736
26720
25035
14426
4351
16748
25016
5863
3363
23926
5766
3281
7858
29987
22601
19097
16419
6251
6410
10102
5247
20566
15001
29569
26975
14463
20753
27027
1902
857
15197
18378
14469
30424
20023
19597
30335
13941
13194
2963
14063
3313
2661
29054
30480
24638
30350
19881
11712
5143
27302
26613
23779
24787
14430
14689
18904
16236
23249
10480
21513
9432
29142
30948
12651
2689
21609
23745
8060
13736
31076
342
18456
18278
282
8123
20957
15102
14665
5398
30547
20742
22105
13794
16087
11944
31229
24447
10719
29675
26994
7164
22613
23186
11515
1609
3822
31055
1031
7559
3352
4371
25947
13646
11470
1996
3712
24204
15772
28104
14743
11659
31375
21562
27336
17115
8394
22647
8444
9642
11568
14815
9524
15881
6195
26420
25262
27514
573
25946
31288
12669
8229
19225
22275
29433
27286
19820
23867
27707
2802
10027
20396
26102
7045
12047
27530
6202
30198
3189
19995
970
24334
16553
31800
7937
5390
4436
21300
583
28145
8996
3538
5981
30140
12034
20902
26784
23247
8197
21651
1355
31172
28607
20092
9839
30081
3234
19051
14008
14307
31579
6802
20329
950
7035
3860
1627
23678
1169
15696
28229
7672
9415
8033
10428
15596
4828
16817
28060
24067
9325
2021
16766
21691
30006
6555
9879
26550
1403
17645
7527
28524
4495
27517
21395
26993
2832
19104
16310
4103
24234
9396
3945
3721
7008
26498
5072
31092
1631
526
6914
1691
26559
19681
21569
25786
12833
28945
30190
15916
1862
2058
13554
23540
29311
4950
15018
14531
10537
32127
10590
25390
7154
12761
19928
9053
23777
20125
7057
5430
31954
5590
11230
4234
17067
1035
7566
6264
28402
14263
3193
20472
177
17081
266
27184
27498
30282
7990
13666
20602
28705
18196
2623
396
29429
17150
16795
15236
25970
1965
7177
7130
13646
11293
29283
7954
29692
11496
1769
9444
3798
32251
25458
26127
6261
22269
10377
17081
7578
3602
26992
17583
31149
30153
13585
18980
4141
3837
2249
21511
17526
15236
416
19985
30374
17481
18876
12527
7377
12918
25526
9091
3711
25458
19941
23947
31879
5454
17971
17018
29001
27705
16605
13542
9057
15427
22189
17208
25049
15883
11671
10960
13076
14719
11836
8781
22273
7944
31064
30019
19166
30233
16434
28172
10715
10994
21430
5296
2709
9757
3969
30399
8340
9551
24306
24620
4378
19144
27852
20581
15932
23672
22976
4733
17368
23306
1176
11893
18802
30429
12203
6767
10604
15405
10052
7282
27448
4699
9450
5965
30894
11958
1170
1412
16099
12537
3012
26540
7014
12732
5287
8451
22344
31881
27074
13820
22880
28511
13591
13253
11780
2273
3145
3703
27755
25489
6721
26053
20748
10415
19692
26899
3041
21518
15211
11456
3650
29707
12310
13426
30844
3358
10280
778
15945
623
21005
12443
4105
10359
27199
32528
21984
18242
4451
6819
20938
15517
15458
19558
3835
9263
9166
7634
27082
31435
3116
12564
25139
29709
25734
5595
28803
2894
2636
12557
919
32161
27014
31220
22258
116
30647
16342
5129
28388
17856
20457
11158
27597
11051
32488
1064
19227
19910
10125
11271
16073
25054
15029
20647
3651
25798
7255
7043
1927
22637
28350
8826
5604
1608
5715
18464
19287
724
13927
31662
27518
32744
22233
3315
19352
27346
14130
24053
29400
5233
16870
5188
31118
3317
26187
31402
28360
26598
12140
3523
31725
4869
10344
30938
4031
4818
30980
8932
27437
30120
27277
21663
26000
27961
2105
15767
4542
11575
30749
5319
622
28239
20538
1372
15923
21597
7449
14141
26024
4512
17615
11103
24821
2204
14084
27684
14003
32096
1135
5642
32329
18038
7428
26722
10952
9508
8522
17841
18966
16501
32739
17528
25534
20173
28818
18818
20265
15521
27609
13653
6566
15751
26720
13219
5563
21000
18159
12990
23521
10618
7996
29900
31001
8634
11353
18484
3488
30516
20797
25186
21171
23979
17816
27793
2991
6539
4389
8291
9319
24291
1832
30875
19554
24846
30684
16979
22150
26914
23955
31997
16668
25576
9286
4865
16754
131
9482
21914
13958
19082
21544
3568
29414
8485
30956
14701
22895
7507
5824
2298
9548
27032
12812
14710
2771
6375
635
28109
20309
26765
15424
31925
27833
11450
23782
8739
1059
21552
22975
18405
21469
3863
11643
32740
19447
20306
21844
223
11842
6772
8086
31959
12085
2389
31920
13419
6458
24100
24500
20472
113
24360
28947
10080
7668
12004
24967
6187
3209
16780
23222
4645
28886
29570
8948
8449
14544
16228
3390
23614
30758
1250
3705
30155
11804
12230
7692
12816
4201
2156
785
13202
26447
6714
30347
30284
5282
31365
6695
2435
480
23846
28192
12014
20576
16256
5236
21740
10550
2656
20785
16032
6175
32565
6348
4379
6866
15222
27873
9491
31495
30466
16968
3912
24371
14165
4628
5166
5469
30370
26112
930
29718
15965
27283
3844
11648
23529
27688
9408
13551
7234
12101
12069
8201
4780
25535
19340
22628
15394
14346
9615
31839
15924
29656
3149
20824
10283
4827
12304
20755
25223
22281
14934
3132
6329
29830
21737
5584
21042
27724
22118
16454
8540
19239
2581
22397
16250
23718
14428
25818
17213
9688
5626
17390
28851
21384
1907
13489
1653
8512
20258
10
16153
31458
13358
12041
15956
14108
25924
3918
24946
4820
1186
18199
13791
17543
15864
9548
7456
32469
10415
3574
12264
30027
14836
32337
18618
20112
14079
11749
10528
1661
15876
7634
24166
32426
17365
26399
1043
3342
27275
9276
10869
970
20624
15693
20590
1925
8894
20153
21398
32414
29413
9787
9869
21810
31381
2946
15086
31101
4841
24263
5113
22004
17098
32231
12229
18057
13974
22158
13436
25268
4122
8345
31643
26036
17536
19938
9232
2344
20216
10552
15351
17435
27080
7231
11728
27055
13873
11796
11912
27393
976
5320
19200
5498
29282
10106
22928
12833
2244
8529
32696
10167
550
20692
9024
30080
22164
23163
21681
18421
7790
419
677
13914
21577
1449
16471
30889
5678
11991
14902
7064
32252
28097
8676
23400
7482
22390
5306
30251
6325
16447
25704
23992
31622
27913
1043
561
8590
24946
27282
20451
18975
24764
18326
598
899
6405
10857
11827
20444
17715
7438
11927
25034
1166
12664
10196
32533
3341
32099
22709
23030
7735
22713
8642
26506
18465
23858
25141
12068
17179
8070
23270
969
17669
24140
4168
25420
28628
4751
11557
14147
18523
16674
29716
4562
1234
32405
26157
8877
556
23697
29586
30220
31058
5272
17132
3551
13502
8764
17550
28648
28
32243
21791
24083
8681
14203
4499
1221
18239
28686
4244
2548
8214
4693
3463
10493
22613
13174
14544
9912
20473
20033
18715
6258
28218
18807
28160
15280
26820
27674
13164
7421
22661
23678
32104
5774
14608
16538
6601
22681
30994
24393
6483
4581
19683
21238
32611
4432
6174
22360
27598
7093
13859
4861
24491
20824
5832
7582
23955
30911
26291
30091
7681
27329
1895
26372
2164
14117
8491
7050
28056
14204
30403
2232
20405
32415
29332
24771
31103
2161
13466
14616
26265
21297
10114
11341
20112
32671
13128
6647
30581
30034
6259
17396
30595
290
709
15375
25368
8547
5952
17513
25324
10633
4728
11843
2940
15911
14443
14796
24680
18793
13984
19482
4648
3049
2390
10596
7955
10273
23958
24937
22401
7933
31772
19724
6778
10694
1229
11582
9389
20737
20402
26829
17621
25694
27663
26818
32302
17434
18746
23516
21645
1883
17774
27858
28026
20014
31248
29203
10978
8422
22464
1577
14950
6563
9389
5659
26463
543
28763
2694
19380
28381
30900
15793
30608
13081
16215
4763
6337
30121
12489
17904
29155
31096
28430
24922
6126
1738
15885
18596
7441
23011
22618
28069
24308
16208
3095
1093
14518
28288
20377
13368
3184
25680
21816
18594
12888
15837
8335
12748
22031
28031
13728
32621
636
24438
15757
22786
763
32654
28408
9612
23902
22934
4149
31547
16263
7628
4891
27768
2220
20980
16763
7155
28208
11685
12706
16652
879
2555
22417
16141
261
21283
25556
8511
11155
12858
23538
11167
24660
16841
25749
32087
32622
7512
6410
5209
14212
11894
30872
20976
23230
5024
1741
4523
12924
23427
10510
13100
22317
26831
27895
8868
23675
5134
25597
27828
13449
22550
13298
8801
1560
1539
7127
20900
12098
16523
19329
14788
28137
5907
29267
186
17783
21517
2551
3836
258
20848
4939
4038
7085
6192
1445
7808
31391
30298
23709
16895
23946
9008
4479
17698
30674
9120
10688
26328
9607
15374
28128
4792
863
26265
25799
3847
8654
27002
973
14985
30041
28856
21828
15092
13045
4299
19140
27309
19335
3905
13025
10561
11122
18092
30416
3936
8583
22068
30376
955
17328
9961
14766
18170
17797
28599
7944
19616
6263
24273
25862
14943
17826
7821
18940
31210
17308
27557
30982
19260
5872
14851
21583
1767
10888
11949
31672
18606
23964
1575
13135
5958
14238
23883
25545
31899
19879
25664
12792
10016
5674
17841
4872
15822
22677
6478
32544
25021
26779
11345
13776
26662
14450
29802
29825
13876
9178
23764
6504
12944
26088
9335
7785
17654
894
11305
29817
26796
1878
23040
3672
29665
20485
13491
24065
413
23203
15252
12189
10250
25925
22884
29630
18845
29749
13981
4896
28327
15532
21667
26991
21552
21545
14257
23590
15438
10928
11280
17331
22446
24807
10450
8956
410
25955
24899
19060
21029
25191
30221
20118
6340
22730
20076
18470
21103
3157
32393
22261
27630
10879
11418
25876
9665
14020
10885
16671
4771
3057
8116
25211
25337
16206
17827
30892
10554
4423
3394
17124
8877
3246
27582
18116
10295
32115
5475
29299
7705
18109
32740
25863
32034
26489
1773
17677
24929
784
31782
9978
141
10181
4182
237
5682
8591
19825
6222
15042
11549
32389
9791
19309
16266
32084
23683
18168
27897
11919
16421
20966
15676
1122
6043
2251
6416
29503
171
10576
29823
2370
18187
26399
24435
1656
5737
13380
17705
32225
5586
10851
21617
622
13942
11651
15446
30952
15585
27716
29023
5020
22117
16245
30437
21668
4850
30572
29685
27203
7383
19467
29742
31669
11599
27837
15548
25984
13339
24422
17128
31266
16075
17879
20313
19466
29617
31901
1088
21989
11993
15936
17677
645
10050
14335
9859
29301
20439
5695
8905
27927
27521
10367
12332
12485
2286
5279
32252
28847
21688
26390
924
14988
29958
9015
965
19951
20229
11956
19855
976
11526
9941
2114
17114
21056
16308
26613
18910
31922
24343
20498
23505
9925
13267
13274
15075
9602
27214
15605
3616
25691
17985
1492
16494
2969
26326
21946
21895
6165
14209
10171
6424
28618
16839
19957
15178
16964
12065
19595
7144
29757
7501
19990
26872
13928
20529
6708
6035
734
7992
17378
2751
841
26360
26272
25939
5527
28883
26383
1760
5009
22605
2387
22828
11372
22889
20429
10482
4183
6203
28191
24594
10555
31424
27219
4156
18459
5288
10133
9718
27707
9864
30617
27499
3363
27075
32753
23070
22272
26985
7279
8813
6062
11264
28956
28589
27110
23809
29015
30404
22669
21980
19640
7802
18016
14357
31265
3616
29990
9069
12043
8429
25248
3252
17508
5673
5335
2875
30153
4215
32282
16501
7306
20857
20419
19090
10783
20046
31172
25368
20195
4873
18791
23257
5782
13009
3378
26770
15546
2631
15864
21169
14648
29936
15645
5224
28061
9707
16061
30038
29714
14073
32017
9074
17922
29362
19006
28944
8710
14505
3179
16392
8118
6423
13773
6751
30040
27062
27017
7418
1646
16201
4104
11340
2278
4994
1842
5769
4584
16040
18345
11968
19468
10680
26445
10208
18540
23890
3395
10996
19325
1430
2129
22554
5406
23711
14043
13817
762
14087
7358
31959
13207
22354
20885
6004
5077
21007
3233
12861
3565
1191
29810
17829
18297
14187
13884
4655
6359
31112
14409
28194
31187
1360
25980
22024
15915
8217
10626
10241
15765
22556
24985
29451
15177
14438
8392
4731
23913
28368
21105
14370
31980
5792
11513
9958
4494
10396
20802
29789
9088
1758
5729
30362
20824
19134
18208
15418
9991
9808
9542
31871
8049
3907
343
20411
13361
26879
25800
11502
16205
4618
3979
21928
31574
19003
9970
6368
25951
4052
16325
23502
31555
7111
8534
10696
28822
5206
22580
19526
28690
9608
28936
32305
28932
828
13226
18725
7609
29034
19721
20510
21226
1236
25864
31776
21352
15076
24520
31710
17793
4889
19302
666
5072
162
6464
23403
1042
17785
4838
1819
1487
6327
26320
23536
299
4880
26388
30716
19861
31265
7313
23876
32191
3005
25126
9840
26561
8199
27411
6913
21303
15427
5763
23517
19488
28797
3436
31866
20931
25657
16672
19568
29165
27458
10400
4393
1276
7648
23742
6134
16336
11201
12266
17930
10390
25587
1346
18563
27622
15659
24025
30789
7616
27747
8514
31930
3518
17111
13748
20894
26781
21307
14234
31892
20189
20954
13414
24048
26485
4490
12748
1114
24086
24270
8403
29956
24618
27760
222
10795
29065
27784
15341
22956
15311
5189
20025
7001
26141
19488
15079
13584
25767
9730
1637
19413
22059
5917
29927
11049
24005
14526
4972
412
32688
9576
26704
20841
1568
12813
12610
30768
15241
14414
18990
6565
11789
32351
1489
25161
4856
17641
13419
30003
268
32624
30604
10420
4324
20689
8533
27978
27745
12102
23562
32213
26661
15546
5716
27563
23344
18351
20925
12555
9207
32439
15332
19270
2475
14212
18393
26800
15027
25658
7995
21188
16805
9461
9132
906
22986
16689
29059
9443
30083
2371
1743
5656
24434
21849
4492
4364
24051
31976
20672
9383
119
10351
1965
1280
16178
32645
25548
3173
2789
9501
9912
7457
23132
19353
19024
29927
10127
21820
13580
9463
14978
9558
32107
26096
11260
24622
26258
20643
6706
2775
13737
27647
12930
27394
27146
19319
22869
16447
4196
13379
823
17885
14423
12795
16077
27526
13935
23803
14189
27294
31949
4946
18940
25917
15114
22668
31016
31146
3406
9327
5188
27507
13739
7688
30581
7026
18203
4850
32245
20462
1603
2246
12212
11914
27530
5938
11573
32544
3059
14022
16064
2734
9731
27966
28897
20794
32500
7304
23138
25768
13402
856
24501
5765
27884
19167
2220
26769
4605
16220
25777
27235
16173
27218
7980
26514
16474
23429
5816
21498
23969
5854
13168
7866
7940
14451
18765
13932
5603
32242
5951
16469
24196
27228
9816
23845
19222
19381
29185
4889
11761
25623
9456
8236
10310
1911
13102
6294
2634
8256
19484
22069
12678
629
11378
10908
14705
29393
12548
25693
421
23965
31951
12339
8710
27830
13704
8937
20152
28751
1215
3155
25090
25089
3933
22439
15881
13725
27546
30343
10161
9456
18391
16846
34
24751
17568
11357
4928
11338
10401
14786
3457
8061
10446
25411
6431
17176
20805
27521
12872
15947
3620
22824
23822
894
10697
12050
29106
31913
13497
3258
26146
8558
4421
23218
25660
6607
32403
18149
24553
895
19422
1745
11259
26277
10526
30682
14700
1107
8572
14931
5701
8844
1990
3640
29097
2051
3341
17159
28132
27866
23268
11519
1680
13574
5451
32252
17588
31
27199
10161
6816
6313
16618
13879
32588
15456
13859
5776
29841
31383
28635
19820
22719
27592
24362
28459
25072
13842
16095
13877
23684
20408
8791
6744
24037
12101
16556
2965
19784
10451
1383
19016
26415
7808
31030
12270
30307
8656
8058
21823
22664
2701
6716
7514
4262
6570
3335
19764
19426
23911
10139
9956
19404
17237
7497
21473
30329
10132
31444
10239
32512
22542
11791
30208
7571
5904
2355
12958
22827
28931
9619
1278
27327
15624
26200
18605
9320
13602
29244
16340
23907
17304
29863
22753
18407
30654
24069
29540
18862
9926
15531
21202
2561
27388
15285
22472
17990
16998
30202
21155
7653
17888
16684
28907
5487
28319
31590
102
20939
28778
22366
9086
1699
21522
7941
30617
13510
5959
29758
11344
13113
8607
8837
9135
26516
10836
6164
12015
5785
18610
11052
28128
13300
2352
28278
11566
23896
5321
6610
30555
24176
11618
19112
16839
18012
28662
13959
10596
11447
27448
9852
3586
3388
17730
31277
6169
30415
28779
29849
16091
32190
16247
23976
23712
2939
25372
14728
15505
30549
74
2761
11727
209
25359
8520
17697
13019
12009
24140
31479
24841
30254
4920
11793
12762
3720
15101
25270
12644
20187
29084
13466
16969
4766
24059
15376
12002
15760
16808
18553
23927
26974
12948
10213
4054
16182
15459
26754
6463
20575
28221
10771
26180
16169
11155
25926
26042
24183
5720
20898
30732
3989
17139
1807
20167
25502
2762
3586
13591
13594
31628
19600
2511
23636
16042
20625
28332
19193
18905
27124
20264
23666
13717
17947
18897
27766
28957
24626
19019
3856
20134
7899
18466
17154
14486
3799
14062
19069
4591
13967
26596
32525
21885
6409
21115
5550
17469
17862
944
191
11772
23339
32674
128
21881
14438
27352
28688
23383
5355
7435
7943
3623
14598
17947
21591
9085
24799
9813
18310
24898
1795
30399
12238
19784
6684
31380
28885
32178
26901
11514
17036
7576
23623
27
24696
8573
2126
18917
19539
31307
9665
31635
4980
18744
5751
15377
30002
18114
22803
26536
27506
2501
12345
23693
16961
13965
2689
1884
2815
26910
31281
20729
28171
489
25309
24130
12239
23761
504
1971
20428
9507
26698
24179
21530
14218
3477
20929
28747
26198
21998
15379
29900
309
20089
19489
6885
25014
10111
2825
19259
7563
18894
32502
26256
11958
1156
29427
21878
18684
26097
21486
18268
21407
14494
17596
10187
15679
12457
10045
32186
28224
280
6836
22911
5183
22180
9021
26329
10853
2646
28095
25788
30575
25726
12458
22539
30476
29361
17715
14114
5979
23241
23392
29711
4504
19315
18168
16402
11206
23582
19272
1419
32722
4224
20686
5714
4609
28268
5645
7623
27161
22358
31158
31399
3087
15487
8508
27370
7583
13294
30982
11681
26500
14051
22424
5766
32
26451
6339
10228
19459
13068
6338
9346
13331
9057
29617
3629
28724
17625
15273
5260
13445
24997
2025
7022
25235
21941
24346
5004
28423
15308
52
31315
23516
437
12232
2863
11327
31803
4049
9555
6555
5729
9509
9518
11114
13049
381
2469
17806
28960
3149
3501
30370
20594
28913
8674
12294
16427
11614
10221
7049
31623
3376
21883
7985
14660
10513
9868
3383
4266
18621
11430
4329
706
30160
23646
12564
22906
13437
30681
17256
26664
6692
25289
12134
32465
22342
26662
477
25972
6134
16310
32314
5315
14066
13372
30509
19719
22828
5143
14211
21481
20936
23836
16980
12400
15230
26415
20882
16835
7737
24229
4187
19952
4443
13139
489
19102
31158
13310
6081
16671
22245
5301
31118
29487
12573
8152
13522
8030
8277
9664
24303
6835
10350
24383
16326
17688
2587
19999
17569
5908
22046
6216
25830
26511
13536
20461
24332
25350
9049
16127
23005
5973
30809
24838
31462
4467
15949
4148
13064
32303
8071
20805
30245
27084
22178
31978
23545
1697
8740
17498
3158
30950
23408
20762
21711
2087
17922
29572
19321
21810
10898
32724
4892
19130
9892
13539
12466
27734
20993
5308
25739
20896
27612
27267
10169
6758
700
18455
16391
25947
9851
14258
30216
12257
21623
22867
1568
377
14009
26065
11313
10909
23929
2174
8969
3163
26338
9980
15041
13313
3261
31936
18697
31767
461
22658
3538
31555
20538
17170
23211
886
17440
26292
1816
11361
13324
12652
9068
11353
10734
31402
20122
4157
24060
20692
14682
7201
28108
8192
29875
12657
1707
11555
9819
9794
2411
4514
20158
6810
2478
21171
31500
17861
28842
10377
29109
7525
1169
7253
19690
32646
8829
3979
4946
22895
1045
27533
6034
1868
24858
24959
15613
4530
11350
2148
18477
5278
31617
30967
7856
27726
20284
28091
13413
7010
1086
7454
31224
26761
31515
11918
15804
29270
766
6164
15872
17471
29427
30415
14698
31538
26238
27950
8395
15216
12569
30246
22413
31481
22341
22873
14604
19921
31765
4750
27202
18994
15939
2450
20347
15504
14885
15541
5313
25741
19705
7328
28878
6641
22430
31220
9800
26416
18889
24096
11124
13275
10393
5366
846
29034
6494
20145
6780
17205
2256
3761
13958
12658
3248
27403
4074
21364
24685
27932
28657
20855
19223
20068
4262
30053
17358
10624
9281
19549
32217
7573
16507
10556
7780
4031
15581
5867
3893
5735
13326
11320
24466
5209
32668
684
1708
20740
9433
27534
13780
15401
32662
32540
20743
27126
19395
28071
17395
8273
26460
23141
16697
22365
15576
329
2941
8772
3492
2402
5656
18325
23941
26218
27533
13175
14228
19647
22110
14394
31144
13271
17309
22222
6554
844
17636
26138
9980
16485
29369
16078
5200
22760
7817
32087
7749
31700
15618
10078
18529
9616
5822
5024
22619
30497
4981
22939
16090
18172
15307
15899
31954
31988
22262
3037
12083
13621
24351
28933
22126
15797
3433
29736
563
9120
8037
7467
687
28645
11507
17011
19383
28044
15994
24887
18183
21162
11822
9168
21532
1998
21715
12715
12412
28650
18367
15278
21237
16448
7102
27532
27483
2088
19227
22194
18471
25137
6331
29956
4176
22043
19575
29495
2654
26678
9886
29081
12598
19090
6336
26814
26816
28341
21778
13056
18349
15791
2791
6720
13626
15824
31251
17017
29166
20723
2981
3084
28614
21191
7067
31299
18405
4415
27922
10106
21747
6130
16850
18097
8862
19567
29973
6327
15114
6597
16840
27570
4364
24332
8542
24943
7738
23288
10040
24454
19205
1113
17841
19370
11000
28715
27011
8169
3180
16433
32126
29399
11092
32618
21041
28972
47
1665
8039
30215
12498
30124
9424
7839
12109
12765
17570
288
22062
29859
19429
29897
2180
8338
27983
20251
427
15243
21475
2838
22884
13920
8796
8093
22731
16563
30552
13158
19804
7934
22846
19980
14457
4633
32678
16758
3639
4224
28185
26556
12393
14701
25292
570
11544
10574
18967
21914
27753
10606
8728
20893
29026
13598
17623
22675
11677
1762
7797
3675
20607
28031
32077
24808
427
13393
1865
2389
7768
319
22429
321
23698
14037
10306
26663
14948
32643
2124
4711
30945
3203
28569
7603
17686
7946
8783
21627
14050
29896
30082
12149
30521
16917
17781
25861
14135
22919
25908
11037
19728
2832
8673
16388
18905
10372
21958
8521
8383
19291
30843
4456
13414
10711
21677
8239
18999
4221
7661
5462
14249
7624
30325
9609
743
25405
14258
18425
24514
2592
17434
7949
8603
6602
12669
13362
16911
18056
23242
20394
911
5723
25634
4474
20879
2897
27941
10111
15979
1918
9929
21508
17951
25954
5418
23633
14896
4366
31122
10825
10325
12348
23763
23754
21932
12024
26497
13062
22116
18543
1336
15104
11132
5132
10203
23106
29929
20568
20395
31736
22543
10073
14239
6089
12521
31653
18633
16226
13402
11940
11742
6854
32348
28951
13653
18321
9602
23616
18203
13924
6764
20260
5134
4096
21876
12083
31616
20089
25500
11282
25559
1315
3793
31499
30972
4750
24870
5359
29788
7332
17219
26489
12192
10420
19629
8004
17786
26864
25665
1854
31261
21759
16930
27988
9586
3200
12419
31080
28753
27015
13973
6618
20965
18559
1489
2179
18521
32153
31340
9479
1158
4384
20228
18619
18601
20879
19440
26750
23636
22741
3781
111
10513
23795
24038
28267
12806
27808
28634
31158
11592
27671
19899
15315
10318
25205
4738
26775
8640
26306
7322
2801
9371
24900
11231
16175
10991
11049
18277
3412
2640
4305
31223
28853
29901
10509
552
15584
18330
14785
9861
19628
11494
8811
26750
20706
29133
4705
6058
31300
28923
31784
1666
15404
4273
29689
27516
27501
24731
12557
31435
20115
929
30464
16296
28752
28382
15061
14226
21809
6335
14183
20704
8824
4327
25612
27933
2940
19210
7148
3536
27723
13970
11646
8356
30153
18850
25610
26096
20208
8360
11878
24457
18364
10999
3389
2517
28672
25912
8009
4251
11049
22424
6539
3086
14548
24751
28701
7862
9473
29265
15386
4666
8130
24504
23343
10243
21673
25490
27225
13116
3399
16929
18310
3038
2191
17180
14281
30703
22678
25638
29162
3199
29665
12948
998
3073
31294
30584
22615
24439
28163
30478
26818
5409
14017
6755
14063
13692
13844
7513
9012
6739
14941
18001
27739
23136
30576
15893
27287
19297
31838
29799
3937
12189
2940
3461
651
17935
14897
6105
3910
22648
12651
29134
24808
8687
16064
15039
12680
10500
16485
11835
9876
20292
12190
17921
18611
13631
15811
29335
31485
31717
13503
16863
28839
1139
11171
5911
23953
4577
3897
27569
3095
2367
15375
26181
7781
11638
27547
11598
11970
24457
2079
21550
13713
4182
5150
9122
16609
13041
20347
22288
28902
15573
30289
12257
26003
10647
15432
18905
19318
27846
5383
15602
25997
23359
8997
11242
16911
25870
2200
11113
19963
4356
23481
12985
7414
9280
7466
10720
28161
25202
26341
28042
13744
29132
18129
7464
26555
14632
22928
7001
4997
25873
27944
6677
23503
5295
6130
28916
31529
31511
6755
17360
27388
23578
670
18875
19892
2146
11861
1221
16426
30914
28130
5989
11306
22914
23530
23683
32323
10152
17728
31124
2228
10492
5118
5086
19410
24067
19324
28427
320
20034
3158
17922
3835
23367
8196
19446
29592
10886
588
649
6374
10605
13760
23276
5656
25980
15020
13626
11931
32730
27887
18470
25949
16674
18791
32300
31645
4585
9729
22467
2882
31627
2432
24669
28453
686
12749
29745
22018
16596
30952
26775
10787
5499
22937
20968
21572
32050
14724
1571
30842
20386
30061
30435
6509
17096
18812
31503
29401
12708
27189
24569
28044
3175
23067
20926
30342
1164
15818
13396
11832
3432
12449
3540
26439
5458
11680
25374
28030
16396
14749
6929
2185
28914
20019
22338
24239
5612
8059
12309
2498
11993
26795
15753
23308
6210
1158
32073
31314
12308
10157
26017
25151
29434
14186
4179
9270
1132
29160
31985
25948
4328
13860
32216
9972
21934
4570
23918
9834
9037
27335
24383
27913
30312
11991
9900
7907
19813
23226
16808
9815
14129
16480
15793
3311
21116
26795
14904
7539
27412
23922
3294
30506
31266
8541
21663
22671
32278
11174
894
5161
14099
13488
17374
12656
12713
16262
26260
21374
1968
29002
12619
12330
24327
24782
17198
29349
8587
935
22920
12350
20187
6161
5629
10501
18691
9747
21091
30522
14286
23762
23727
18640
23127
16468
28325
31463
27734
64
24628
17248
15336
15281
4510
23800
10143
18575
1472
30885
16101
12010
26375
27935
14791
21334
21674
6793
14943
24244
26116
8509
18305
5944
19317
15947
26402
32140
23542
17046
27835
24290
21544
13944
22464
1513
28476
20794
14181
13773
1863
2909
12341
12270
19154
5611
19386
28549
17079
22960
32651
8408
19048
29133
5919
10441
18054
32338
25347
18965
15297
26493
15646
5035
7903
1350
21690
22705
25677
3926
18245
7013
13836
8429
4965
8419
6622
29273
32600
26717
15739
15364
25552
26093
17278
25112
10949
19461
21770
10915
28544
21522
20152
25724
4534
14300
12620
15373
9119
28022
20205
1702
1273
5311
5378
25149
15076
29223
1852
21908
18835
3085
8332
31497
1368
27785
1942
20248
13117
14450
14222
607
28047
7711
27663
30021
156
16723
13311
16316
31702
10061
19093
24772
4506
18783
6207
32038
16082
27971
19678
19605
20230
25785
27017
28323
7299
27295
17018
15823
5859
27436
27103
9767
5648
18966
3156
14159
15050
19977
25106
14180
30558
26712
6771
29332
917
32709
14068
32761
3457
30494
32054
811
3646
29455
10215
23608
12305
5691
32436
19143
7264
28034
1017
2126
19781
2292
26982
24822
22904
24737
2895
11333
4295
456
13526
28967
26848
3120
15104
13155
18746
20768
8741
25014
5624
17041
30855
28911
23359
11838
27419
7505
28982
32642
19970
1440
22595
1899
28363
734
3623
15614
42
16815
17452
32758
15283
16039
2635
9147
24979
25934
2719
31299
11102
16827
30378
10467
21972
30636
23908
9880
23544
15385
24348
10894
14027
6552
1697
10719
26414
21058
11882
30703
31168
3327
4094
22448
5765
29830
20468
16058
8145
27771
27291
22369
616
26431
1924
24474
32243
9819
25871
2190
9710
8777
1887
31773
27351
18459
18694
9890
22064
1911
1904
19852
13814
10010
26289
28890
19953
18816
12477
8397
19261
23454
9922
12287
9423
21459
16121
13916
29414
29690
30379
17632
16840
21325
31125
8399
22696
7190
12412
2242
10815
22783
18107
19877
20459
11259
14882
6866
14111
3722
5463
5053
1418
7228
13595
539
12169
28914
11271
16221
20511
2297
17185
29057
4593
15368
24129
9199
27514
31656
21533
21655
5634
16230
30598
21294
28149
19374
20297
12225
21262
6440
2774
7506
15016
4866
17979
3614
1458
17682
5495
11924
29217
26865
18632
19571
25329
19562
8943
19562
28833
32747
1847
4553
9424
2549
18427
8076
8774
27327
6980
13898
7989
19845
25773
14335
9101
24688
14924
15170
14697
5487
5266
32440
14867
7127
12830
32054
19336
25015
23787
16606
20148
5086
15486
26129
7211
31808
5894
23306
5859
3233
6659
27853
29907
22129
15320
11889
5297
312
17033
30283
14247
25398
11171
2429
5390
3934
1676
26163
32160
20732
4060
17226
24242
29918
26572
27019
1362
21661
9640
12345
12731
24837
15384
12744
1925
20203
24787
14326
6213
20119
23309
22820
24063
2791
17952
30486
25584
11798
9825
13091
5222
31026
9647
27150
7265
16541
28017
14359
15517
21295
12328
2190
32461
26034
9673
18763
15464
22039
15293
764
8849
20938
19068
1298
12061
16303
18874
27731
21734
31368
13199
22500
32045
25123
30599
30082
10960
16409
3671
14046
15986
16938
29348
16742
28506
871
24793
20085
10071
15803
20507
11070
18592
22097
22860
2016
12734
6508
22182
12003
1125
21057
27508
12523
17603
3074
6523
14634
29844
21444
28954
27749
488
20650
28064
14466
30101
23607
8017
23705
19472
14018
12075
4729
16680
28609
16085
12601
22965
10133
7977
1002
23139
23352
9942
1910
1930
15211
19723
17426
32526
9435
16981
17959
31008
21432
27993
6235
19015
17056
21713
26817
28271
19047
17008
758
29341
7850
19282
20110
23280
11394
8822
21708
5588
28314
2616
21671
31321
5955
16778
15021
612
70
30632
28112
29784
27031
8577
15724
579
2196
16272
17652
8588
25629
1712
9340
31004
27077
22993
21419
7662
21449
30144
29956
3824
8570
4266
1179
29397
13851
20981
18041
4713
30963
18431
17058
1475
23888
21748
11588
3918
31856
18598
1669
3975
4840
20123
26290
31142
13885
11508
19623
17972
28754
10658
7578
2210
9097
9702
25875
619
24730
6646
30271
29545
22328
5412
32535
18969
32604
20836
24293
5914
12390
12599
28070
20732
30432
22862
4239
2614
30068
30666
30808
7915
16499
19124
22233
16766
17508
7773
31945
2876
14332
4094
14910
9330
5951
326
8365
11821
3142
8468
14150
8576
13358
21048
14485
14042
19004
14668
23864
23310
25214
20772
27903
10299
18309
15573
12038
25599
10758
10675
26217
13629
18643
19608
22524
27769
5565
32365
20339
25830
16149
11153
23974
8931
8286
26151
26784
14425
13244
4471
5495
10127
31239
8942
14076
14514
15824
12594
23871
6016
7423
4989
14468
32257
22800
17574
29841
16625
29419
21210
16957
2278
23326
10456
31282
27884
21870
28726
14597
12120
837
6786
5589
15631
12456
21734
24755
6675
31344
6518
27468
6120
5550
10139
2604
1001
23170
11874
29260
5632
2804
6140
27639
12613
27019
17791
15871
4499
929
11987
262
16490
20774
10094
6458
18063
8950
29313
30957
6330
25284
10883
14390
17463
23261
28206
19864
29162
2780
25766
22520
18523
19586
22525
26244
1759
14046
22321
3917
16906
7502
4324
30572
8291
26349
25794
32478
24363
7334
12128
650
8082
21441
7063
27829
11924
795
3509
21763
30446
26057
27572
18951
29176
1209
30073
14764
16622
19791
30118
19744
15857
17430
26573
21021
8709
29175
9323
479
26672
9499
23985
20549
19859
20369
23218
3840
7420
16395
15564
12713
10481
30252
2435
30809
20975
29255
2183
22200
20976
2361
5183
16840
22271
1566
29120
7107
23896
19191
27454
457
30044
10544
12195
22436
19086
30274
29603
32518
31097
29792
16427
27455
3553
5084
18309
20009
11843
30135
1441
24543
15753
6570
19589
3207
1494
14057
29751
4175
11310
25184
5932
24075
8624
27487
23179
26972
19796
23617
24656
7083
13827
1231
25020
24214
12681
21768
28384
10750
21776
20646
24255
6842
20285
12413
27058
14486
17025
3549
13749
26356
5214
15653
7948
4574
18448
23918
25094
29572
25000
31816
5462
16095
3308
4107
12242
593
31272
12614
9507
21637
22002
20052
1795
28538
20554
29464
1989
16278
7541
11979
26571
30372
4019
30247
22067
3093
10536
2335
18686
6590
5308
5453
10234
25762
6857
21888
24225
1104
7060
915
22286
730
31291
27633
23067
20503
10996
715
21119
2916
13798
2520
17778
25018
11317
3478
15883
857
19038
31432
31344
17566
13742
10569
17345
21729
14198
27838
11806
9253
11572
25098
32691
31714
16578
22508
7261
28046
28629
27354
27831
16435
26520
23353
12091
22977
5726
30116
17226
9203
4065
23882
9723
2384
14467
20230
10502
27371
7176
28541
24118
2337
24670
19411
5489
7667
21605
28485
12613
1767
13985
20318
8206
13967
4739
17539
25134
1980
30056
13472
8925
20681
26064
21330
31662
1438
31322
31397
23867
6960
18114
4037
12770
11945
5385
29443
1739
24415
31266
29298
28498
15806
23533
6325
4231
8468
14091
6766
19141
31585
9643
7065
528
25123
12772
5107
22379
27303
30572
9621
31542
8612
23710
28817
22346
10704
29041
28668
19670
4895
32370
1233
14772
8451
1347
3280
16287
29642
9815
13521
21088
26577
6498
14825
10726
30675
32615
21359
17005
24823
24344
12052
22024
32298
5616
26806
30829
32543
927
17463
10807
7476
7107
760
15465
1509
10960
1542
21902
31085
24529
7826
19329
6488
7903
6152
25163
30280
26176
5369
16123
4632
25572
8473
28794
28965
27761
1546
5913
17196
5573
614
25001
14472
25883
11760
15154
31382
4128
14930
28111
24063
911
17873
2390
3886
28002
14593
14978
28907
27890
23831
8458
27693
23250
1011
21017
18525
6875
30175
8049
2821
28319
4348
19210
13013
22896
4252
28133
23791
24716
20525
4407
30260
19767
21521
14850
16420
29687
29262
6071
11960
15185
26285
18867
17654
6766
1954
3716
4625
24612
18904
14776
22163
10138
4168
20434
17764
2694
3317
25955
16120
9880
4426
4263
7972
8562
16706
12943
13515
14260
2983
23817
28053
7485
11708
3875
25191
9223
9083
26806
30245
27581
16203
12857
1056
28933
6191
346
4048
12297
26323
23106
25320
18391
26368
9457
30488
7110
16989
11912
31326
18963
2978
11853
14581
11100
29043
18860
30075
5698
29353
23390
17721
1301
22280
2594
26349
23298
9817
14852
14162
2142
31677
17651
2759
27333
8432
26724
9906
25293
20674
3132
23601
16412
4085
3355
1042
22223
14846
1553
2936
24833
20005
5362
6490
6339
26215
22532
21449
23845
3444
874
9328
13135
25989
17362
16253
23051
10958
4248
31301
25195
29058
12571
12591
27580
20440
18764
4742
19940
19032
9988
18700
18127
5235
13124
10802
12911
8191
12433
1085
5248
21849
32257
272
8763
2584
2660
20562
1406
204
10314
13732
32442
15213
4258
4651
387
25356
22078
25969
1525
18425
25702
26522
18357
14562
27370
17498
22603
16060
14673
30693
999
27550
2714
6011
15221
8059
9825
29832
19684
17855
31273
20266
23662
4408
17421
4076
10101
26611
23431
10990
11164
31506
26792
1419
17713
23955
12205
26897
8443
13693
5979
25191
8455
1225
7461
12560
10262
28858
21050
18967
2741
12214
23435
4721
27734
18416
31228
26517
27746
29681
25592
22467
30857
3785
11147
17935
1692
30030
25809
8859
31430
14800
4790
2232
26829
9148
31084
16505
16919
17338
8410
27289
16304
3410
21689
16148
27583
26495
3580
19609
22819
29119
1607
17454
27882
11111
31483
3272
14059
14374
11042
31726
4722
20706
23414
32310
16477
8976
12208
27399
1379
7798
189
23579
18880
5026
29547
5754
23475
7637
31497
18471
28011
8666
10919
26368
9651
3210
11650
22547
18642
10433
22188
9412
10041
18883
25038
12128
5156
11216
16518
16654
10707
3136
17768
31699
3174
26355
5999
24409
4874
16312
32444
29628
27000
15080
6393
2376
908
4480
22609
27921
8398
31224
20194
18619
27029
23849
8857
30948
12828
25720
5442
11726
23302
11212
865
24841
22145
22179
23477
31499
12530
28524
23478
18094
26322
1433
25836
19730
14631
16892
16370
25117
5199
29800
25226
16325
10357
11719
22203
8069
7430
11758
25335
4981
10192
27182
1148
9960
15294
25305
8856
1044
28135
30906
11111
27664
9977
27219
29107
4811
9223
3436
25827
6458
4542
8056
16541
24146
17716
22037
2597
13636
6083
15551
9899
13920
15168
14809
29490
9987
19982
4899
14914
6198
21553
23266
13796
27984
6683
26198
13122
32728
23914
29861
18412
11873
20083
13811
7953
26128
32607
31513
6712
22668
5947
29402
1202
29718
17590
16618
4929
24710
1243
7474
21939
632
17551
28334
14707
9753
26377
7917
8097
14348
9430
29468
26541
26611
13476
32301
3936
3626
21216
21025
15066
30255
19804
26679
8254
4621
263
26301
18185
26181
11581
14262
464
22109
25916
2468
7119
4991
20582
24187
31786
24136
30793
10792
4756
16236
25652
27972
15614
311
27212
16314
26466
26691
31896
12430
13200
23566
12544
30030
2722
31057
22295
11219
23628
3255
32405
19935
32598
11618
8923
8132
22740
32148
27136
14902
18327
5950
5980
32407
13825
29103
17799
4925
27560
18135
16547
3495
18575
17092
19570
26736
28511
17680
8163
30015
29667
30010
1622
28226
21964
27935
22008
10722
6251
22289
7176
15466
10197
21454
880
15058
18893
25716
23166
13579
7122
19647
31185
13989
28023
21515
15112
32737
20765
13310
9698
23883
622
26043
30974
20385
811
28525
30921
23829
2664
21688
29353
28932
23925
31293
17140
32405
12863
9691
20306
13500
13875
20155
21290
29680
16668
23396
398
29028
1714
12016
5686
18624
10038
25839
30840
10235
11792
14294
30237
22915
14541
1900
8572
1570
16378
1941
10263
23218
12752
31693
31267
18647
26149
9587
28727
16684
24499
3867
10277
3271
19258
32171
694
10654
29104
8847
24645
16533
17576
32397
24065
18426
24421
9324
11606
10687
24913
23418
7957
340
9515
30433
7708
26121
11024
25150
28755
19373
7384
29944
24610
25014
6227
28209
12178
21833
12589
32401
30583
27965
9940
11086
22082
27001
12596
7865
12980
21482
24974
24265
10016
6513
27183
4836
24520
9985
4719
28662
21156
23374
25855
8983
11721
24564
9098
9576
14981
28697
2254
4803
18610
6748
9049
13254
1823
15211
26883
11829
15355
26087
6842
5983
15627
26527
5135
3519
8172
11686
19652
11473
18765
15353
24609
27137
17216
10697
28919
17014
8764
17891
5674
2415
31013
9034
27310
29084
19923
19203
32271
20907
1516
21663
16778
30083
2049
6605
31405
27014
14758
12609
6020
28766
23825
16162
22077
19035
26852
5634
18221
3421
3096
30546
26705
15873
9756
24444
4940
30813
11301
14577
16026
17643
1353
23675
13289
11351
800
24266
16720
20479
23900
3857
17932
3912
756
17217
23654
4157
21483
12835
31852
24832
15330
6589
25920
7284
8178
31073
13442
1953
3213
14390
12636
9227
8152
19431
27532
11338
29911
22004
28338
2653
25627
18636
9456
10450
16151
27597
19615
6834
12501
3784
10257
5463
15496
2775
29645
5159
1824
18948
14861
26603
32255
15655
32252
22782
5178
16082
12980
16575
1777
20108
19293
20996
23539
10491
9252
30775
1673
2604
17198
2063
32532
24221
4942
21219
20026
16880
21552
75
19828
5163
3913
28419
16386
23571
19006
7464
111
25320
31727
25467
818
12609
3366
10927
11129
6620
6852
3744
30322
1535
6248
275
26981
7878
25585
8550
15032
13371
3818
31793
1192
8073
11066
5962
5384
7723
31461
12684
27511
414
24232
9711
16057
6257
4691
10010
1606
30383
9300
10502
17126
4031
15306
5776
2010
9070
9141
23549
1329
24511
2966
1636
23238
17440
26507
6658
19321
18067
20959
27434
8239
13489
26361
25742
20680
22804
29738
22838
7211
31592
25776
28402
10375
28992
16772
30778
29625
26870
12943
8450
30986
6386
7383
25486
16439
28540
23179
13395
24196
14607
27907
15903
591
16579
31439
32068
27182
21895
13789
11052
17813
7083
26356
5381
7449
4188
18028
31397
11580
25608
24999
8866
27132
3540
27557
31494
7553
26485
23091
16642
18351
8
9941
16723
22316
30281
3542
31984
30605
25765
10065
10600
15944
25967
7208
3643
27129
8790
6058
1147
4803
5887
16058
21542
23641
22095
26191
25409
6235
20784
28445
22103
21315
4472
25859
10055
22247
6625
12469
16471
3040
28418
29228
12319
17768
3357
527
8179
10242
5287
21607
12952
3143
7629
1094
23057
14096
13606
28734
870
15051
27574
2713
7412
3118
4701
6133
8451
27990
31567
12843
17946
22226
23195
1266
10445
10787
13491
31683
14685
15170
1920
17955
29851
28743
7803
19463
22420
5669
27070
15404
18966
30562
26783
22369
19572
5133
17243
1845
28358
15784
25839
15095
22598
5373
6534
13891
21540
32585
11916
16615
21493
25687
7547
15498
25653
5317
6587
24244
9144
28624
99
2588
20009
24971
24106
22643
7377
20990
17805
18839
11720
22218
30165
2527
7079
17775
4894
20593
7621
28874
8144
19233
5373
743
19177
21130
27047
18053
13595
25671
3266
17394
1346
32265
5506
13414
5216
14718
29584
23501
28351
8669
21136
28772
25921
30873
25018
31271
882
22055
28846
14478
24974
12357
6388
21321
14970
10073
32437
22231
6443
11118
18382
12608
2458
6537
4098
30230
4246
27127
8093
18248
10081
10837
27550
21885
23772
5541
2737
21697
30940
28402
3099
3414
11910
31843
18028
16144
20824
27292
3965
27881
14728
3508
25230
21609
28025
2269
24531
11009
18798
11942
25187
15868
7248
18621
14999
28240
1522
1985
19261
11568
27709
24140
3558
10895
16254
9035
23427
19594
1879
8862
25483
6258
9098
19751
27604
30994
28050
1578
27831
32422
13987
20423
6864
25578
31076
9846
7012
32398
26687
25943
31450
14814
7090
16656
809
16212
8308
21163
14489
6646
30757
5702
30564
800
6046
2085
14013
30181
15827
22294
14197
13591
24394
22642
6391
13376
311
23181
23980
16319
29096
16391
4891
19892
23337
16974
2884
29974
13086
5960
1142
208
22470
27819
18576
1478
5200
1194
30779
13160
31901
16583
10630
6352
22284
3378
19385
19445
15554
27464
24206
28333
24064
1199
18526
12669
29602
10087
3563
13714
10640
10743
13359
24529
12229
18834
7973
13659
15439
25626
31337
13355
14816
13459
13259
13911
31826
12806
32423
23019
9112
8260
15900
15016
27954
3163
12801
27622
509
29764
25558
23106
32345
18166
29225
21945
24923
10256
17379
30570
31803
9062
28995
21551
27846
14551
7252
19354
26233
29901
16845
19665
26019
20846
13698
12104
23207
32693
7666
29744
30615
26602
20189
480
2744
1429
13626
28802
2648
10531
18177
25494
29044
11783
4222
21799
5685
3332
32065
15926
9179
14837
6126
15398
16759
30339
21570
13868
24717
2329
5250
27363
11723
19573
1940
5361
32283
19288
2493
20192
8501
3726
7207
993
29121
12542
16076
11664
2467
27894
16478
13294
26866
16656
3181
11857
31904
25895
10997
19995
11726
27183
19699
14261
11146
3797
1741
32670
7706
27118
31265
23895
27581
15542
13375
14263
9755
15674
19025
9451
18821
20259
18866
31531
6489
7054
28655
24121
28261
15577
11181
23808
2172
26159
285
7886
7657
6817
22592
518
18410
8916
19227
31769
17409
7124
1855
15335
17432
20025
18677
1253
9766
21241
16826
17135
21841
14091
5928
7738
7958
26670
29338
21693
14352
12546
23945
20020
2240
8021
6525
14978
27820
11627
4442
15555
12335
13075
27593
13154
20046
15361
31303
21921
19041
6084
18831
23169
1400
27046
23623
11517
27979
18276
23362
24067
6014
29589
8217
18267
24658
24845
5165
15370
32168
11870
514
17073
9513
30944
8322
29505
21672
3374
18404
20129
6596
30053
19742
8675
9266
23248
15518
753
11438
22637
1777
11529
7613
12424
6493
21101
17663
22381
27256
2912
6424
20871
4143
30067
6569
23344
16163
20901
18355
19529
23378
19097
8960
11220
11308
17299
317
5278
20716
18198
5104
27737
22265
27597
1477
6541
4550
17634
32093
12626
30062
30216
20123
3424
26005
29186
24018
6127
25491
6009
30317
16269
27772
25938
7903
293
9934
24380
4132
27904
7814
16274
21736
1762
23973
1556
1905
15110
24600
14098
10320
32085
14239
3635
11770
2204
14795
20746
30940
27840
18372
22941
8286
12299
14199
16952
3650
290
4573
32371
24771
5516
23541
13066
6780
11363
9710
25758
31040
11783
30666
9804
10801
32036
2123
8595
29385
9388
9680
24516
1625
357
3277
20486
32115
18977
19219
19272
13574
23136
11426
15894
11524
31013
17510
15857
1062
29730
21092
5316
31196
28099
1024
12939
17791
5397
21499
8947
22536
19205
4677
16082
32546
28038
30984
8606
8483
28057
30067
25658
7238
25731
6508
11785
27286
9885
20131
13107
110
29237
12521
9754
6116
31473
27672
25978
24271
18250
10053
26394
20234
12166
25248
2094
7477
14505
2815
19537
6271
17883
30651
1382
25326
11192
15398
13985
31676
25159
12630
31710
6151
10841
13960
14079
24934
7566
31426
8486
20157
32197
18308
9836
21487
29999
31478
5474
14755
27274
4796
4033
2450
10022
15317
17977
6281
24593
23654
1884
10044
9683
19605
14259
24894
2969
16410
28234
27416
16341
26911
7453
5028
3448
12272
7692
6637
1514
2817
671
13071
21435
13262
24597
16582
16705
6883
32710
27586
12831
29901
13321
13680
31080
2253
29328
13763
7493
18433
24748
24816
14598
27548
7407
22621
15801
30080
3071
5122
9699
14362
15787
28585
28906
10383
7898
537
30034
27913
24804
27149
7488
17160
30284
18569
20094
10540
5772
29274
12994
31881
25695
10558
1690
27061
1908
20760
7415
26966
24583
15306
32434
7262
25491
22857
5934
216
24578
18815
3991
25589
10060
18193
5458
29565
22608
6715
32580
18987
9987
1287
12764
5784
32138
2719
21397
16088
6322
21225
251
25284
23889
24911
25287
25266
2580
4625
7955
14975
16509
31045
20014
20939
984
27888
17197
2088
7650
8559
874
6982
24506
985
7881
29326
16062
32224
2983
6599
14606
13996
13894
23260
1767
2366
31361
26756
9293
7446
4073
29728
5815
24983
12784
10301
20705
4212
24956
27322
17112
22755
24759
2409
22791
11833
292
1280
2768
24860
1990
2325
5189
20910
26896
15773
13424
23549
12376
6673
29973
4214
28442
28940
10152
19511
1564
17325
1491
16577
31396
7498
8702
12541
15833
23787
3086
18848
20284
2809
9683
22973
29245
16052
31947
24443
24146
25492
15723
11856
15012
24928
31941
9174
7583
20520
32160
27242
30179
3310
31850
1389
2679
13053
27596
9885
18896
10522
25191
14202
16819
3596
20634
22601
27247
18757
27971
5438
27139
30456
13797
19600
8256
5539
739
5864
18642
14153
8154
26125
15627
435
850
15163
193
1137
29174
5683
25351
22469
15844
10558
8070
3895
12908
16758
22908
8310
23256
14039
13697
508
12586
20545
8708
13756
23705
17439
9951
28663
10578
14574
24117
32526
29354
13652
31112
17047
14111
27598
31827
25285
23674
13944
1695
17981
26473
28825
26826
7911
119
26642
16350
27653
29920
28228
7082
22230
31092
8892
16825
5286
9692
11881
3325
15027
2077
30886
8044
28868
25946
24364
26680
11369
10300
29062
28018
28204
29586
8328
29316
11996
26836
2868
27812
23624
17150
32296
21291
13168
6836
24415
17474
8294
14191
26872
25124
2969
3893
15188
12109
16224
3719
3907
4387
16410
30475
22168
19011
30335
8063
31707
18142
28362
8212
20901
22076
19537
4405
16517
30720
28091
10706
25775
8330
8061
29492
21531
25080
963
27841
30940
26238
3488
25034
32125
32587
3947
22709
27484
21238
24267
27974
8393
2608
18126
31373
14539
11744
2620
16652
26482
184
19710
10006
28957
7105
15313
17626
5544
26196
4903
16067
15389
1579
31828
22222
9548
3835
31623
22193
21714
27538
2618
15495
26926
32389
6086
29313
21662
17183
18960
19976
2611
28015
21924
17091
21584
6498
4919
10692
18082
3821
11124
6273
31301
22750
22751
8856
13808
2364
3116
2561
9875
18515
29687
20004
28002
7316
15448
7344
9184
26522
12223
2739
4516
12036
6525
11029
32704
9291
3183
21666
3580
5894
10375
15709
22048
26584
10317
30547
1633
31769
17288
29955
15451
17469
21501
14162
9635
11099
29879
22351
25068
23885
5780
22368
12207
3419
29121
9490
30524
13510
11738
20474
32713
28057
26296
11710
11570
8096
8916
23773
17218
30036
431
1493
24823
7777
29968
28623
6844
24603
24786
5633
10318
1065
10674
29882
32026
16590
5428
15520
8255
26457
2735
27395
26708
24371
6560
12166
30626
12741
19178
27850
9824
31639
23273
6820
19131
22876
1545
15993
25185
25360
25490
27936
31224
20073
29338
13146
25045
29184
24844
17827
25680
1850
23469
19718
20549
20118
27444
3818
22374
28085
24867
26108
2663
26200
17527
19880
23050
2714
26750
27849
8696
4608
18532
19844
3668
17009
15999
23187
11749
15027
7643
5647
22569
8296
24737
18316
13754
12221
13657
4622
20250
605
7921
26481
5990
6697
14847
16927
13431
12727
16600
18578
9803
17649
29371
6541
28035
429
11832
1111
31769
29832
16114
24522
23704
18755
11893
12534
27549
4008
9341
27367
13982
31384
24091
30331
22328
23536
5650
7403
7374
16170
6537
11274
320
1998
2095
16569
4627
5532
8290
27579
15877
18617
1724
3522
5917
1618
27788
14630
13269
3024
1508
10738
13634
25445
23596
9356
11864
5568
13669
19773
6025
2845
11875
20050
29476
31403
27089
11946
14378
10473
10130
27266
10953
13590
3963
6089
25750
20877
32153
7536
20722
25603
26928
22423
4630
17215
15492
3298
26720
2927
7019
22783
8111
31792
8722
2522
30381
14656
21654
13262
61
11012
7558
23965
9243
30103
12033
21200
19420
26285
14780
27221
26017
10631
16831
2083
18870
20088
18335
16418
27175
17107
1603
10113
14328
7124
21139
9626
5007
438
30373
27126
1500
2529
22586
13447
18956
30148
27993
11481
11308
26884
24562
19708
13706
23946
23709
32347
11065
8716
24768
29945
11710
21685
9765
8385
21894
4628
20935
21228
24503
10781
13571
20383
2888
19428
16908
4083
30694
12258
20725
28890
27343
2007
15820
11653
7385
2613
3581
29263
79
18228
24852
15526
1213
9266
4955
11580
21379
8562
21316
7355
15575
14099
30237
29412
16286
15628
25725
22618
1161
25063
20583
16824
16869
25418
7656
28275
28583
30932
19222
16749
8682
10524
17454
7829
32202
27088
844
6247
7537
29262
7813
10262
32119
1699
31900
9549
25364
24319
23970
23259
1003
7626
26963
13577
29062
22865
15417
