20832
16615
13817
4563
24030
18862
14802
26873
29144
4237
3942
17528
25256
732
28218
7351
20159
6995
19478
19300
32251
2104
28926
14943
27906
28303
11904
973
18798
1443
22263
16603
13041
14650
5079
22012
14600
16302
7894
2089
28856
21682
2538
19050
15645
2363
6484
15240
10412
8687
1763
25961
31464
30575
19359
14237
32657
13991
12911
4868
14568
29154
21795
12779
29783
22384
24496
18362
24246
2309
17368
12226
7801
19008
23533
32227
28521
3202
28644
5243
22259
30930
4681
13311
29049
25624
15702
4864
28945
24321
23036
20485
10510
5142
2685
28171
18072
23803
21101
14041
309
15616
31313
27723
15038
21204
23766
7505
19601
22611
6695
7494
5325
28088
27327
18044
18406
29497
8604
232
27746
2507
12478
17095
6949
6094
11827
26393
30720
23559
4375
7253
1431
10915
8509
14159
1561
13784
8201
15662
7849
31542
13113
21863
28323
12944
27057
18670
31657
18165
6638
7171
8879
6246
2020
12530
30882
8887
21760
7198
9662
20111
5957
23641
8941
24390
6509
24895
24315
5214
30163
30060
28016
2495
10287
4901
17071
31211
30600
30599
13980
10522
27341
10811
18351
14539
19941
31042
15138
2015
11030
31518
20439
19948
4918
20541
10862
20212
24110
1207
13127
18105
7120
1608
7359
12064
31366
21345
2219
8639
1305
4522
11075
5911
21142
138
21028
13843
9082
5914
3022
25375
24438
9064
28592
23740
20679
22902
6090
11541
20651
19659
32050
10920
24618
7457
20733
7422
4513
9813
16254
20211
23536
12725
28831
11764
15640
28228
26114
5174
644
26031
29796
7767
14296
58
20348
7551
31694
18833
9601
18182
28192
13622
27384
28272
30353
19661
10403
22041
28979
24672
6867
16865
13135
2030
24624
8764
6456
26432
26228
25551
10655
18379
3008
8270
15075
24156
7450
22624
21265
31184
30588
30676
22725
29701
15970
31760
27676
19532
12402
15180
23440
5264
16995
31327
13321
6469
29082
20239
9818
16502
2907
13222
2766
3690
17542
6954
22494
16669
19448
30972
23485
5853
16950
803
1220
25807
12433
9094
10388
2306
23569
29683
6366
7233
12226
6576
7897
31610
23665
10972
19160
28693
23396
24249
18272
23399
8879
7095
10035
9920
13963
27179
26958
14231
11623
2277
6546
15415
25812
20653
12042
3985
21735
12509
17679
3528
26994
32004
10823
19004
1970
15434
9460
1714
31138
24077
22054
12099
7122
20941
6686
32513
12872
25363
20955
18431
12729
20272
9803
28061
26428
13305
1296
32598
15467
2857
28927
4536
2320
1734
302
4910
9780
6815
30180
5071
32342
21996
9913
27508
9691
664
17596
15386
17847
10266
12555
20824
28048
22686
25458
9411
14438
1481
18948
24647
12908
28209
3005
7072
19884
7594
22126
24235
12515
24624
14275
15489
20327
7772
29140
31749
4805
16300
18575
1976
12813
12563
5465
14227
15399
17107
31667
31023
27901
9711
18020
31955
2867
29800
10078
15084
6025
31428
29386
24257
8180
958
10299
20729
22415
27938
29418
17780
31589
10302
23702
30113
3885
31819
29948
26011
23532
881
17928
18061
22979
11748
26330
17717
341
15918
27004
5810
10882
27348
25243
12675
9186
21816
606
167
30464
16564
28202
16275
12822
485
32628
30262
5440
31019
3315
23788
20196
31401
6657
14146
24609
532
23757
23448
21825
14390
27242
19106
11226
4470
12777
32656
587
27914
25423
12301
387
15487
27187
18758
19074
31573
28166
19855
22088
31912
13835
10249
27721
18794
11280
4408
16713
10173
23865
28161
12188
15886
23270
6790
20302
20921
18980
6627
24515
12481
18344
28500
11733
3867
9065
345
17359
27981
3000
16323
9210
26380
6656
28139
28728
15384
10289
25758
17676
10549
31975
16300
9777
28046
5747
9863
28350
20404
22032
30568
12173
13843
948
20529
4572
6703
19611
27737
3375
13680
28708
28241
2268
7402
11684
13393
6548
28369
3812
17800
30015
32339
31690
7893
8389
21418
21351
32316
6433
28509
27786
14756
17649
5442
24990
25065
18639
18344
5112
12993
17106
17970
1986
7743
14229
30921
28553
10840
9335
25576
5461
25155
8359
617
8523
13061
16058
1951
31971
22177
29903
1474
6881
10909
27542
18514
19157
29975
26633
3982
12763
23525
1442
6437
30551
10108
10849
25797
17160
21398
29760
26524
16042
13191
5851
6586
13613
14158
24629
26912
12556
15772
4444
7394
15111
20585
750
11684
24380
6805
2873
20658
15834
7309
11744
2108
10004
11193
16429
32053
15350
30648
5022
31179
3381
4319
24624
14336
31844
29348
1283
1156
28706
1090
8458
4872
429
18635
6223
10762
3426
27576
915
21340
15672
22446
4852
22146
25253
13543
17518
19704
20749
2004
3030
8771
15958
7085
7507
23306
16058
10436
4595
18899
8461
30040
2143
22195
6746
11373
31625
7820
19648
27651
11222
21402
10860
21726
13550
5234
20839
12834
25980
21705
5226
28195
5045
22898
18627
11602
10374
9821
20410
1755
24918
18151
23560
21986
29810
13197
28874
32121
11108
24150
24902
6696
17163
45
5798
31994
27124
19455
15725
15878
26440
22874
13236
7929
31397
9818
2153
28150
4793
11093
2621
9821
9148
3723
14422
7366
11450
17974
23542
14760
5556
15003
23500
22606
771
24856
22665
18994
16883
9519
28401
7617
10172
5002
26976
12188
3447
9751
32575
8317
5658
15762
28477
11573
4062
2556
27703
3530
9816
27748
9029
19433
2659
27908
22216
31545
6257
2660
21801
8182
21244
20956
30908
10217
8689
30835
12426
801
8834
21944
22108
24822
16043
12895
17899
15308
17954
22227
13474
29510
1791
13825
18974
17687
1029
12431
13720
14059
9569
25221
30250
13303
24074
2455
22069
28877
27224
13339
13478
16328
22493
5447
13810
26094
23401
24407
8598
22044
2967
10363
4994
22339
30591
741
22893
8644
20701
22351
6699
4829
13731
9480
19573
32330
29728
9349
24898
31854
32254
6952
11446
30952
5948
23782
11714
31792
22727
8470
15177
5559
18592
14409
19656
23156
31962
27816
6293
10018
29801
26428
15354
7829
12658
13116
29466
28438
13707
24894
9090
26389
12087
19936
17520
603
6628
32028
24015
7495
24286
6317
23161
5501
20970
4776
22272
28635
28151
9128
31404
29912
22788
25397
22557
31238
10169
4604
30294
24646
14348
16770
10363
28692
29289
28247
3038
26557
16856
16220
20046
29088
10629
16581
17672
15990
4248
20821
17966
28335
7653
12565
17735
12983
3306
26219
31105
8207
21791
30189
24896
3625
28174
2870
31992
20122
7237
20661
14843
343
2252
5130
21696
14260
27825
4967
29240
14669
9017
2976
26701
17010
3626
23177
850
27919
5491
14479
11139
24278
9593
16585
24389
280
22903
7217
148
31337
11742
3640
5255
19370
18075
29153
30272
31922
8650
4350
15289
18712
7963
6420
22107
19817
23202
12373
22561
14987
12106
3679
12175
22477
3769
19307
12215
22994
5858
7337
26098
9303
15077
19260
28463
23586
20624
28122
8744
13125
10394
15017
7048
29942
18067
10067
8916
12149
23140
26984
32374
13100
26401
6113
3779
10142
13204
16996
10458
12685
7835
22400
7516
28218
16384
19352
13256
12942
30830
855
22404
1656
12972
18230
16457
8587
13694
571
30749
12321
6389
7088
12880
20712
27896
2999
13453
30503
16620
29482
18230
3618
9946
26679
8946
9307
6911
18113
29310
16467
18872
12257
25475
184
6362
15820
12931
3103
30025
22866
14727
15270
13835
24889
19058
24594
5017
26833
1546
24159
27225
22273
30812
24637
30239
2796
2102
7190
140
28869
21238
22611
706
15427
14105
3100
13150
8555
24197
15757
2344
18510
18146
17391
12147
23860
32704
27386
13787
2682
31992
13234
4208
19150
13904
12671
25154
8489
173
30789
7948
23368
15003
7296
30365
8658
14925
15497
31908
12431
19131
1828
1177
17880
2042
24741
17309
8008
32580
16934
14671
6057
4394
4703
30145
5980
4142
22082
10664
20306
9169
10557
29763
20250
21967
5882
1903
1791
6260
20351
30697
29711
17101
29736
23861
15282
1072
22055
9197
636
17509
939
3703
4576
19989
9822
5264
7990
5858
7641
8425
13876
4483
13589
24054
25392
24375
11838
10916
13449
20689
30334
5992
3658
19372
18611
29882
13664
31980
12133
22679
17218
22596
30079
15955
22289
27840
26033
31917
28771
24981
22058
17854
2113
18348
18277
14146
30275
10308
26258
25231
22501
25270
19134
7349
32250
6578
4317
3083
24114
29335
26337
22806
14679
16912
27042
1690
21407
26312
1994
7555
527
4224
5360
11274
9831
9217
23873
302
7738
30061
10305
27330
26441
3772
13059
21759
3370
24064
12409
17025
18315
14332
9020
24420
19469
9609
14848
24307
28954
29661
18262
29365
22693
24521
13321
6710
29674
3368
7960
835
6640
14562
27620
12839
25554
14577
16993
5380
12643
21508
20420
5444
14418
3706
19854
4358
4735
28213
16517
15156
16082
27687
11619
21394
26380
17225
27244
27236
21770
29816
6041
20899
22055
215
4674
23758
5166
20600
15997
29784
13686
6232
4502
20160
28419
24595
29677
14274
5667
5694
24674
12799
15111
26882
7710
32522
16176
18311
17644
27323
709
27609
8419
22281
16795
6176
1684
1019
7150
15285
16976
14108
3563
14200
5165
869
25113
13582
7545
6134
28695
10809
11290
4409
20264
29465
18046
7588
21865
3138
22862
23428
9688
14067
25754
32106
7588
11564
25535
11330
16926
28911
18896
3953
14583
26198
22738
14392
16162
30758
17848
16982
26046
16206
9455
8294
29473
2879
16814
8147
13060
2174
13190
8570
28086
21790
13605
4581
2227
17390
16947
12097
3914
12990
22350
26555
24138
14672
16117
9166
28964
9192
14729
21728
28897
404
15279
18902
10311
14649
29989
661
19325
2133
25729
10837
14581
11736
1263
8790
11378
28942
18052
8692
29174
22847
17837
19484
3079
31537
27436
21013
1824
29886
12719
10654
1357
1638
1445
21805
4817
17307
31522
2254
8263
27696
7054
6087
27713
10466
31099
4548
22083
13595
2962
5390
27360
11095
21324
29489
23523
5104
26430
1305
17704
15540
11063
7701
32754
21709
16033
894
14418
4944
4728
5642
5043
18206
8575
28364
25308
8165
31722
31947
13955
17456
25465
27657
22604
14050
2653
30678
11961
6317
20357
28079
1372
21312
27774
11817
13399
5955
6834
32051
24925
3384
5624
32131
28115
28924
10396
23068
20932
14510
26761
2070
21479
7363
8211
19531
9539
19085
844
7452
9074
11047
20401
11299
21135
7610
9924
8969
31803
29663
6973
2768
24858
32240
29576
16808
1945
26186
26508
1026
10083
16651
4109
30689
17536
2780
3553
22749
15456
14602
15436
576
19201
19146
14002
7308
23136
11706
1597
11936
13118
25712
1132
12502
17489
27803
10314
25945
32724
20822
7521
6353
12804
9469
19400
23720
30611
24379
4656
24566
10613
13655
32180
12855
23965
9296
6881
15939
15323
30594
9556
17531
14680
32763
29582
2332
17358
5912
16320
28692
12404
20904
6137
26056
7974
5272
10058
16051
18574
9216
2334
11547
25758
1710
3224
15860
19050
26566
518
19877
3459
13410
12996
31773
30198
11375
27975
1899
17360
32483
4299
8127
18542
13037
13893
23286
28144
31957
21956
23545
31746
3999
25046
3898
28230
18779
4856
31976
21664
12302
18192
6229
27629
15474
6642
23823
1618
160
31070
27315
27671
24942
20841
13842
7707
14030
19476
11835
20862
18475
7383
21130
29215
27078
10626
30566
5151
7593
7137
12940
13209
16974
28322
23077
21371
26673
16857
19566
21513
2192
11905
401
14072
13340
11269
19892
1591
28784
21007
11768
15608
17829
776
26606
70
10907
15986
3246
2208
9802
4662
26270
30763
398
11222
21707
14243
23727
8169
6572
355
19358
14378
31153
24561
19792
24026
14662
18145
19484
5477
27624
6522
24938
16731
29836
13020
27754
4461
5478
18751
23058
13583
15270
13264
10422
27339
16030
11651
17792
853
31161
19737
29444
18356
27274
14482
25762
23031
18065
16358
3637
14626
24581
30163
16989
3819
29676
22533
11398
14691
3221
7041
10210
19081
72
10471
23196
28981
27929
919
15259
11595
6528
12437
11346
3418
21420
18636
18296
25825
2333
28016
31622
6017
32540
21290
5341
23610
7725
32635
21542
27814
8978
723
2901
2252
12944
13858
20762
13701
26032
10687
4028
2753
1709
14799
16209
11899
24672
29898
26814
3214
14843
24730
12659
3159
282
27718
19699
14577
1288
10156
4416
27255
5739
6298
19599
11194
17286
13128
22124
28806
2675
11374
13283
31292
13320
1
17910
6254
18862
3458
25398
11475
28962
22173
8731
28392
31802
28733
8376
15415
1641
7009
1991
21800
29493
4746
30631
31511
20719
2194
11312
29765
16347
29324
27771
32507
18305
17510
27582
23249
32439
5731
3271
14824
4243
9138
7540
8844
1835
28994
17164
6225
30515
16581
16176
32475
3134
16271
6449
13742
24601
15595
594
24392
7391
21345
12851
30930
20694
21140
17764
1017
2795
20666
20473
25628
20715
28216
16879
32238
26610
25216
14117
17474
23463
22053
5280
7472
15069
4143
1670
23877
6111
2189
16742
28930
20678
4869
15362
24422
18449
22119
23
8902
6642
24447
12362
23849
22249
6423
14568
32124
28658
3292
23140
16239
28013
30695
25954
3419
9243
18572
4366
27299
19392
17346
15235
8106
11795
29902
10526
20366
26829
13983
7363
16261
12078
4293
24270
6687
28730
29586
17055
21654
4079
21333
9539
21335
7006
25776
17732
12971
8492
22432
3008
30586
15823
19276
32125
18840
21279
30503
12826
13952
17807
11245
29717
18869
19903
9878
19689
32142
16249
10523
29453
2507
4255
13359
3242
31124
30607
25166
25384
4774
12489
22691
1614
30640
31416
9112
32252
11551
1092
26749
880
10819
25045
14790
29794
15223
23064
12234
18940
3169
2238
7917
28779
8525
20718
30523
22006
27869
7164
6459
28407
25975
20918
22230
24299
7259
811
18713
5720
23078
1134
9896
15468
17253
7110
2257
19688
29065
1847
9708
10421
12505
23977
31004
11080
3832
24526
16817
15243
6388
15369
23481
18085
8609
5903
32200
15894
32166
2097
19948
7491
4339
30623
32616
960
6613
22543
6070
12434
5717
13368
14245
21117
19559
26793
17535
10326
9031
13668
4619
1251
5989
2361
20510
14077
32245
24562
15395
18939
15829
7641
21867
17474
15179
84
27365
6892
26713
24782
24821
19639
19362
9836
10800
30912
3892
19777
4332
9273
12590
9312
18703
5534
25850
20640
19038
17140
5059
20144
32225
7740
178
16013
30540
31768
11911
5173
29725
10777
7014
19307
28248
2000
31344
7028
14643
32505
13288
30687
1713
24607
26074
22821
16286
23245
11143
23311
24373
32235
22588
20933
30733
1259
4239
27544
16895
12745
1234
31819
4091
6064
6967
17013
1160
15446
509
14227
5773
422
577
12259
12134
9595
427
20060
24001
7246
21139
12725
9841
32732
30960
6989
6492
28929
17170
11124
17318
1510
8575
16497
503
15090
2459
4805
456
25015
30724
25133
23521
18765
27781
26375
18157
3958
31067
10758
30072
31181
25605
24515
18931
6979
26278
2997
17909
1484
9398
26696
18935
14613
19115
11211
18913
29083
16694
21688
12848
32107
32190
31627
19588
22410
26648
15185
5310
12447
6747
19589
18688
15287
6011
6639
10687
17210
13602
12539
22047
12397
9488
19521
7763
1771
26229
12681
19546
25431
29897
14867
20955
19557
20114
11297
13302
1188
2368
16840
16339
2220
23754
2628
24200
3152
24
6865
31313
25004
22829
9097
12768
4057
2415
30140
28393
28456
11957
29516
9803
21259
24602
11649
4618
19398
13992
1411
18639
32333
13086
22818
26938
23226
190
28376
29923
6570
9112
8151
16827
27239
18215
8656
29658
23746
2214
24350
5931
569
3269
6996
31830
3680
27983
14719
926
2231
25140
16975
19425
10140
8755
13435
31991
3041
30011
21177
26516
20130
21692
16113
22520
22119
23493
5791
28225
7691
24811
19595
21252
26845
8426
19107
27768
10444
25578
30594
2357
24908
8277
13334
5874
3421
21931
27506
17046
12787
3151
8859
30271
19991
17341
32063
19591
22228
26481
25480
9764
28545
817
1316
31456
19694
29215
1453
6618
10493
16145
11156
20335
9335
17366
30859
16412
18388
26978
10768
30710
7373
7150
29049
24143
32684
21585
24685
27011
22104
6379
21260
13397
25043
102
15219
20136
9631
27191
10665
15253
30754
6082
16092
16526
19887
30152
17041
31920
25480
12990
24497
17976
20555
14921
25549
1606
2885
5067
3950
6224
21000
5008
23138
4544
28169
23987
18856
4656
2872
24431
16372
4769
31328
12375
16508
1501
15823
12533
9239
21792
420
27157
30320
11846
6096
5033
17315
1770
20435
24699
17776
17785
6792
25138
9266
29979
14657
8788
5671
9575
12357
30511
16748
31763
7551
9666
22820
4531
26187
16057
6983
15607
6864
24247
24994
1553
9478
21295
9725
13185
25056
30317
10593
5627
17050
31769
24429
4431
21150
19455
2124
18442
19623
8829
28946
7683
16661
10985
15947
2316
6217
30133
22865
31128
14122
6523
21031
25163
5344
28962
28903
30230
10620
15982
22659
13045
29111
25804
939
16062
5138
1603
16084
5115
21374
24296
17777
31287
15793
22377
31040
10060
14552
27628
24258
8208
22212
9429
25196
13551
13878
14266
1838
10907
12061
25106
13658
22137
5211
7226
10355
30761
9442
28919
20909
32274
3515
9672
5518
8050
1338
19578
2291
8725
13220
22411
18376
5437
10151
8653
24366
28296
2588
523
8112
21260
28700
29453
22397
29347
26823
28032
22094
26953
900
30199
6540
23362
727
24074
29880
765
7916
7158
14628
32736
13424
11144
355
24114
27762
13910
14652
3598
22158
16449
14136
28039
8605
12819
16094
21246
19169
5239
5520
2715
7803
32642
30241
8153
17158
23954
1974
29771
10249
6001
1111
8302
4798
14658
23789
6397
22814
21309
21071
19856
30482
3935
15436
391
22253
16424
28815
18246
1757
24979
32341
24064
21055
15011
13257
16775
3966
16417
19936
17633
10822
30857
9749
16638
29710
10867
16860
7101
2204
26746
5338
2332
30309
10810
22439
17898
8764
18250
30417
12950
8389
2749
15054
7887
4757
13049
28847
31288
8175
25553
12909
9851
6535
4388
10014
23955
28390
7341
23362
8844
28603
152
25220
27191
4418
23160
30071
3166
20362
7028
3423
22614
22642
25246
27690
17359
20775
15430
8811
24835
30774
26717
20193
17791
20253
7447
31836
15903
29493
2545
20243
8147
22347
1180
30863
16881
29088
15042
3553
29648
9493
23201
10108
20228
30532
5135
2086
16983
9406
3458
19497
30226
4258
633
27904
20862
4380
7541
9465
27059
10076
19388
7533
27355
13624
17015
10766
29315
12528
6055
13064
12231
9526
27044
27458
27617
2131
14843
8853
19600
11437
8047
28572
7200
22594
24815
7230
11260
24213
14350
28328
32337
8668
22125
2349
4746
30220
30763
10524
22675
5564
22317
6936
4359
15654
6415
30286
27507
5645
14621
8153
4573
5405
1511
7377
26416
19377
31910
6074
911
20308
3181
2712
13513
28159
7348
17930
24179
446
3276
18545
8011
20520
5039
11906
2771
5308
17391
13699
23273
16246
25568
19050
12170
16558
16403
13140
3204
23
26046
15975
29551
27808
21376
605
32291
2847
13619
18016
28763
3948
20089
4400
3290
24321
6584
24497
17998
7933
23300
9085
20505
7134
14305
2313
1757
20415
5604
6958
22588
6435
28615
18822
31843
6405
30512
15295
16753
9182
25431
75
25124
12992
7422
18699
19409
32762
6362
6493
22413
18732
20241
28948
19005
26985
26589
19156
5433
15727
24880
23449
17951
32604
3899
5915
24489
10730
7935
11638
22374
12039
30998
18612
1165
5536
401
15941
31927
10830
12384
27930
29597
31041
28373
20252
3798
4411
6731
25622
24798
13879
3997
7368
849
6092
11058
5043
3580
7080
17962
3116
16180
21072
19994
18955
11494
4932
486
32579
23387
28446
288
6834
9865
6278
2002
10932
1346
1942
25994
23390
26723
12452
9717
27105
12423
21212
32718
30277
32291
31195
11997
14636
7616
29907
1549
1462
28250
6156
4144
24636
4489
3400
30150
6672
6265
28358
18422
1235
17405
25541
28797
7842
29346
2346
9765
17055
13491
26546
31160
27571
14843
12845
26516
18075
6854
15810
24035
29220
11970
26707
9732
30925
17180
24974
15891
28809
3957
8837
17462
28463
14646
313
20575
29097
9470
2662
27369
14187
20270
22882
32524
20955
364
1530
31297
997
1245
31990
2586
3252
6794
16754
23804
5368
28583
23248
1018
28724
16986
3463
14496
8725
329
15646
27716
17465
14985
1496
28559
14551
16418
22878
7317
15049
6510
32354
10432
20770
6657
3918
4577
27258
14249
20317
4541
30445
1550
31408
3820
27724
356
5345
16841
9901
20976
12824
686
32261
11433
20156
24485
19894
24560
14664
13326
24918
27097
26589
29922
174
31736
5782
23938
28438
5250
2047
17594
1638
3461
13534
31277
31735
21499
11541
28564
26900
1406
8062
21518
27562
19932
15847
2295
4637
15269
28846
3904
5244
24080
29013
14011
30864
11302
21314
2890
7161
23599
3860
7592
21396
22578
10372
20872
22138
2456
17642
32310
9601
2940
23682
31820
5243
22238
20923
1830
5688
17801
12169
20752
2108
9915
20406
9599
25743
14488
12930
30372
6464
15041
9433
13010
7977
32640
28309
23032
21091
11497
7423
10130
19760
17477
2577
13691
21085
4254
28195
19713
7450
8530
20408
6241
20941
7966
10453
23529
15585
6315
1598
21019
17909
25218
12967
2185
7894
15689
23876
14824
9757
5297
3112
21011
25839
12991
7615
27344
23989
12164
33
31036
27391
13735
4970
4597
3728
8272
12495
32036
4145
21833
8308
21895
25200
27360
6005
18208
7715
10290
8830
1936
32269
8505
24299
25849
12642
15208
76
3184
31895
17174
18247
20153
3368
3372
30319
23100
14116
25737
28255
11696
30690
11092
23921
12816
6185
7824
31899
14095
27111
22330
3688
14037
12198
1631
16213
20573
31947
20059
4924
4971
29547
13472
16876
10550
20910
26946
2107
19666
4329
4425
11753
27677
17478
11667
27092
17573
12740
21778
16967
32359
25487
29531
13892
2930
12520
19342
17576
12192
2288
12249
30099
28700
14446
1607
10515
26989
20957
22521
11623
3352
3577
236
14805
14842
32413
20901
6699
9933
28499
21591
13517
19612
6591
23977
2364
30472
12329
17896
23945
5349
26090
4936
11500
27884
31664
533
14328
7534
3582
28063
27728
27908
14881
19231
22808
31707
14030
924
8644
3376
16177
1580
8813
14549
2523
2113
13274
22408
10038
2088
16672
9186
23000
21591
19060
30874
16661
1032
27534
1524
13918
19510
6528
9806
28578
13564
18626
29414
5266
4891
5217
14264
8738
24035
20821
18577
4794
18237
17885
9106
29652
17379
13620
15536
14982
9451
28012
18877
22334
3024
17059
30029
4416
6900
21364
5663
7253
17892
31117
20315
27014
13208
24301
24961
29701
27296
13058
10574
18492
5968
13539
27925
28217
9226
31827
18497
5155
8482
30882
2509
26269
6524
6616
1642
6050
29371
10059
29183
14730
31910
29546
10650
2482
5029
18096
10304
9538
22166
30095
13482
20157
637
22645
5605
2281
3656
11956
6219
11525
27700
17004
24958
32497
23563
9769
12830
10041
17329
15777
11475
21443
13554
561
30674
23885
20630
25102
12438
19693
14177
14798
17395
10842
31103
24237
18756
15508
19175
24564
974
27137
26452
1263
30056
19013
24038
1333
16785
17287
11664
8541
29651
28170
6081
31738
23341
19865
14043
31515
13223
6035
13568
25494
29379
18571
31371
24932
11324
11722
25879
21493
12327
23238
26666
3747
30003
5193
13722
9474
29638
12595
28041
21257
6590
9473
31619
15466
30617
24675
8391
30377
265
27454
9584
21358
21418
814
30377
30597
10666
2708
11876
940
2443
30084
14721
31888
23061
11673
2636
252
21091
20342
6818
2402
246
18152
18515
16261
16794
29807
26652
436
3897
684
11200
14885
9837
30888
2126
20690
17445
14841
14804
31310
17736
27357
14782
30595
2811
15626
27142
15272
2988
9147
28106
12083
27305
21365
28068
17972
3564
23624
17241
24767
2014
27890
10289
678
18373
1942
28941
22156
4636
2312
27878
18202
26655
24173
5845
11100
12764
19218
25663
8945
15813
9607
2324
30730
16636
6277
31566
20931
22383
28105
25810
25993
2571
18655
32081
23544
8396
25487
581
29427
25110
3744
26436
11147
31503
14248
5173
6363
10233
10460
4576
17929
19548
12225
27298
9240
6819
30486
1065
5261
29486
32016
22928
7023
15708
13477
20028
838
17276
6704
29971
1138
7192
21503
21110
11978
12728
12445
14756
30155
20975
15020
16041
30268
26689
23752
7224
30299
24653
31192
28087
20992
32134
20225
13196
30873
10992
993
25074
7428
5130
29597
10385
11259
25909
10163
23370
18450
27648
2690
9717
5954
22716
26953
23545
8940
14461
5614
20392
15495
29644
12338
31585
16026
4176
30842
10537
28467
30461
23364
21224
129
5038
27378
10774
17501
25883
29285
14032
2023
29530
16547
19856
29213
22641
2431
4944
399
21924
15679
9382
15244
1030
10728
2523
23602
24885
7885
2220
19954
31013
29808
10291
25768
24741
20625
23718
12792
29701
1373
7510
6196
9797
30788
10477
3531
2376
31871
11849
28549
2114
10210
17686
28691
13747
6514
1230
31154
6931
9880
455
18039
14334
21016
16936
24565
10562
19244
16287
20396
30262
13091
15523
2616
11127
10370
7428
2756
26053
1064
30739
16057
32459
19766
5427
30710
29391
16451
8960
16826
14813
4849
21108
17941
24768
2919
25843
1782
18413
25176
28923
16259
4002
12600
20976
12394
23979
11486
20960
15943
2860
24143
16820
3671
28392
32709
16467
15773
8830
9327
4381
23496
16821
10085
30363
14142
17692
28124
14557
21001
20461
24074
19864
11528
7449
27288
18137
12122
4296
8442
5530
8940
11685
13381
9637
13086
27652
26167
21937
15616
10757
861
18635
878
19445
26023
17377
19029
6417
21822
23518
1741
8320
24969
24253
9439
25147
30775
17672
8266
25320
6977
4111
28274
17680
5782
18222
27422
13829
3377
25378
9331
32660
14802
23659
7737
3709
3078
17964
13864
18815
2108
12205
28079
17321
3017
31248
30694
14486
13174
19233
29360
15876
9430
23631
16821
6763
10354
9025
9757
27525
11323
30036
3853
6264
26379
7267
10813
29481
16536
11354
5943
4201
11721
26627
12399
23511
16353
27768
10062
14377
32471
4400
17368
10508
27598
9938
32637
12959
31410
26643
21732
14306
20861
18322
29234
27125
3991
5003
22721
767
7920
15969
32511
28758
8204
16749
20142
24679
11276
20536
27421
29723
4188
15096
17554
20242
19373
15516
6388
17820
5178
31051
12351
9969
5616
30661
4190
20030
11696
26455
8412
21265
21821
8617
30752
27739
18132
257
4880
7821
21723
11320
27605
13312
29587
18937
25912
18131
5726
806
6026
11390
20675
25729
9491
32480
32691
29774
22209
9267
11534
28581
12010
12007
10871
13335
11616
4359
28363
28434
31132
18750
12524
4283
28735
12277
1691
18394
11894
2679
30062
2747
26055
11747
20805
30903
15547
11754
11999
17510
20706
20848
28293
17582
24836
17222
7288
10181
14751
5326
5983
553
22473
10742
21246
25224
8302
18808
22028
18573
20702
13872
12098
16078
32264
27743
27218
32436
21200
27293
31329
11833
19515
15413
21621
2507
27100
2653
20572
1982
3443
23161
20642
29586
24061
10530
1354
12911
31333
29452
27591
11869
16610
9388
15958
15693
21640
22309
11089
18378
2299
7027
21578
2441
2406
15213
23689
11710
2567
14151
18518
28929
7288
11929
30120
3380
1835
8833
1766
15787
16746
17678
28198
27823
24174
2238
23564
8770
5177
12381
6500
22747
19195
10520
30549
19146
18897
22464
9284
13616
14318
2853
30103
23759
8897
31487
7502
1826
4630
26686
17552
32406
13535
7713
1991
26807
1100
21777
11715
10574
2219
28196
24138
22778
1483
31645
17010
9520
21175
27471
17555
2294
29634
4370
6663
15238
13882
11536
10487
7269
23150
9892
25255
14825
29362
29101
7016
2444
10044
751
15655
20682
27199
18021
20618
32554
11332
31081
10340
1713
20021
3341
22436
15124
25150
9009
6558
20076
26057
19752
5221
16065
23626
8226
29802
4533
1773
6565
1578
10213
27500
12810
16447
28547
7913
31625
31288
7650
14963
24073
3103
10732
27344
6530
23932
10139
21531
3349
23329
22479
12817
6093
24885
27321
31678
3677
4687
1120
17059
12657
27711
15997
4746
6117
28308
7737
6840
17310
8404
8202
31929
28247
23552
15630
10391
19188
25063
14000
24686
30407
11274
17010
24095
11746
11233
15703
31376
29220
4444
23456
12703
5638
2270
24627
8973
7448
10443
11123
21027
183
15138
22971
1136
20214
28604
129
7731
27509
18421
17424
11694
4306
31428
1927
3513
24853
4903
31610
2998
16656
9385
13476
20909
21504
16892
3673
10400
8682
5716
18739
11173
32746
20028
20953
19164
4451
4908
8163
17326
9306
588
17614
17186
17696
22977
2807
24095
13271
25665
20846
900
13093
28517
23324
11214
4367
473
23032
12147
9924
28293
25324
10185
24094
16284
18807
7435
26829
32071
30584
3346
6974
543
16459
7557
28787
10960
18453
15818
28548
23334
24460
3712
18654
13249
23714
336
16999
3539
230
2869
12633
27069
17826
2628
6117
1921
5104
16559
11898
26124
4404
21302
2373
29447
3765
10460
24808
8558
406
7305
19098
9210
9493
13510
14149
6618
10360
5081
916
5004
11755
28955
3722
10951
27514
4753
26583
23596
14099
32426
4416
4843
13609
21260
25532
27944
7245
3566
6094
12720
4400
17364
4923
9131
24442
1285
24148
12917
7122
13867
22137
22939
516
11005
31419
4692
17145
12054
13469
2788
14249
25711
145
6497
17725
12650
7583
20734
17664
10134
19934
26043
14034
21524
11070
28361
5577
6761
32451
25778
1763
8240
4697
25047
17970
24751
31487
30449
16583
10328
12867
25657
7991
30036
29680
22249
15717
19268
16370
6848
25918
30113
14400
18379
20784
24496
15135
3186
18114
32131
6423
3390
9732
26453
26213
24029
18532
11994
26553
31504
24893
27584
17874
31350
5698
924
30278
13092
30392
2090
30655
5074
7169
13985
18435
12344
5971
8564
30043
23896
12076
2685
2941
31992
28668
13574
390
30812
13035
8572
8177
24663
30575
22756
13056
23413
7942
10989
15147
22042
11964
9212
13737
23569
4049
5459
30204
10034
13372
548
11197
23648
18673
14894
11101
29374
23331
21476
30270
18260
3183
23948
9163
11446
19921
32576
6792
27243
25520
17261
18522
22884
30357
3840
21123
21277
17401
24846
5405
1565
15225
10841
19153
16084
28835
16067
25829
26697
31045
2891
29922
31542
20907
471
27876
3294
7616
16644
18717
5662
16649
5289
16421
1616
18974
1015
20286
1899
12180
6825
107
29866
10559
15934
24549
2197
16875
24240
25839
1880
15346
11898
12796
23482
766
18902
22840
7136
11812
12050
7692
12163
22355
3068
19396
2860
15959
31642
9162
28732
17096
5722
29271
4135
27749
14800
30313
7929
26175
8589
15377
15414
1738
24479
14451
28675
6114
20745
14298
25797
30153
1438
10305
21193
7667
18568
12555
1924
20113
1651
26581
2300
15630
25079
31102
14704
29631
19089
3759
16475
23758
22294
26936
18515
30531
31024
17169
15447
21887
1996
26125
26400
30381
7690
32661
24731
9753
31406
26853
20651
21714
6092
9043
19186
25374
26105
30085
648
11352
4070
16460
22936
19986
26370
20224
2211
581
28104
26102
30881
10908
18953
25146
31427
16973
6485
26741
11463
3204
27133
30520
16703
28945
10154
5431
19133
8113
2929
18105
15974
26222
3263
15237
24551
7924
28151
28504
6655
20840
13745
4488
26445
29934
26170
14303
17593
31363
12568
25839
27253
10038
17058
32557
24406
9054
17238
30178
30536
473
7283
8530
5253
20493
3162
13283
1067
7579
19673
32629
1643
31602
2164
13211
9693
11596
13795
14330
15569
1027
8073
14614
26875
9579
17793
25215
3656
26652
17009
25707
10005
10517
423
21572
9886
18600
2048
27000
30797
27794
26409
15517
12429
19919
19477
18909
31625
9029
9148
23747
16113
7863
739
18078
11640
12578
765
18748
414
18084
24476
1073
31478
6389
22406
26881
31230
9877
24160
7702
25364
6641
16934
27433
14483
4941
23722
9603
13413
7251
9680
19328
20755
30624
30188
9041
18629
6524
13036
12988
2442
22328
8371
17958
14014
29065
7988
20635
17780
28907
16989
26009
6472
17224
912
11285
30956
24730
21282
4242
8581
17944
20994
5889
4343
10083
6108
1143
23841
30449
18059
7976
8015
31988
27473
10407
19859
31910
4166
19506
32595
14961
19732
4554
28347
10983
10098
27484
19430
30158
32025
14234
11532
30326
15095
9333
11062
1545
8969
3580
9188
24458
27051
2235
17352
11526
808
8279
9397
24472
29908
5487
32107
3169
14590
31968
19225
31350
10914
16870
28061
22403
11000
3880
13825
13031
13453
7386
14009
12813
28311
22173
1666
27242
730
31317
18302
8619
30567
9834
3335
10272
20260
9319
176
20909
21287
4979
30849
12250
5352
25400
24789
371
27963
31981
24242
10277
4584
17195
13122
25183
15731
2637
8873
1467
7412
29030
22577
30127
21350
18065
126
14709
9270
23090
19073
23683
21647
25431
5126
19182
700
25783
15578
3980
23196
13377
32301
21289
17714
13798
32394
9590
5413
15862
15980
16652
17926
12508
7449
29798
21274
29187
13561
15146
30030
23920
11496
4323
7384
5131
20169
7985
18137
13524
3421
22980
7747
11646
23246
30852
1877
24218
2383
11603
30131
5418
21277
18657
16937
22939
24806
19163
21827
8127
12386
22747
25715
5611
25542
4493
22568
25615
23492
32046
2529
16151
24833
9586
1637
21574
18426
17708
16815
32612
10976
24790
24453
32106
30851
3059
20734
28907
1331
9193
21364
25531
9336
29706
9216
1765
21073
20478
10018
15416
425
3959
5550
4169
27118
20098
3993
16668
15862
15638
3031
26786
16190
16234
9358
20468
20929
28404
10041
4553
31050
2263
8548
32141
21296
22455
27145
23275
22826
15755
17692
21923
944
25963
14340
23197
10988
30947
13171
3060
7945
5279
11186
4372
29580
7154
3259
22350
24353
12800
21413
16449
24704
17464
13773
1459
2797
14877
29329
7247
13692
20977
11723
12390
6431
7153
19168
22078
10127
4795
5435
5762
19323
14770
22762
8889
18076
6130
23922
15069
30721
18329
15033
10721
5232
11803
10485
775
28321
28037
31097
3719
11086
7739
14893
12344
4839
12908
22424
25123
420
10876
27269
30414
20995
9587
13869
10086
1652
19933
27275
4026
24474
7503
12362
29955
25167
32158
7004
11932
18420
8215
26853
29592
29089
28759
29061
6626
11977
16013
15848
17863
7704
11504
29949
6147
11532
22780
29142
25816
14182
18175
10311
6493
9987
20469
8834
27333
26315
24974
3236
10438
30123
18532
17364
29705
11731
27555
15135
1929
8636
24317
20852
32509
24084
18475
25731
9636
14900
13959
27677
31529
21361
10510
29392
23412
18006
11029
23034
25997
14738
24717
20925
3807
30529
9645
18380
24550
16581
16052
18536
30627
3196
10192
28816
14956
31661
31727
4212
2515
5902
21315
18614
23233
9917
3276
17533
24052
10614
25694
19913
7898
4234
18077
23703
22675
8642
8554
16077
14482
1435
31649
29459
6659
27980
17093
11347
2741
31066
29759
14681
46
19603
4705
21552
12678
16908
2247
6171
13093
7259
25264
4567
16968
19528
14486
4330
932
7697
29290
31385
12034
11820
27780
9374
5889
31728
10198
994
29523
12786
21058
12640
7724
8451
7553
8713
25149
242
9237
19467
8463
27893
5744
4408
23586
23556
17017
2896
3181
4337
26621
12113
28612
15412
27538
23212
2463
15099
18014
25238
1012
13610
3343
29224
3178
31874
6473
2355
11262
17729
21231
32644
16987
24694
31858
3621
23988
22034
15732
28423
10822
14883
20391
14243
20304
24511
23206
22988
3085
31691
25473
28114
12269
419
14917
10675
5143
16197
447
11733
32472
3137
11645
29762
10077
22356
31204
30988
16935
4848
24454
10219
32735
10983
1942
14426
18070
20949
4938
9168
29609
9854
21380
23297
7846
30144
25206
7778
26772
2675
15269
3258
16011
5759
18736
27524
8513
15715
16097
21801
12002
10745
8803
2832
9297
18310
30805
31323
19423
15626
20355
9423
10116
521
31440
10169
19067
6221
6510
32428
7939
32670
15155
2860
30286
27783
13556
4996
7569
23264
5995
31616
12403
19330
20311
18744
14244
1852
31744
4567
17936
29281
311
23342
18946
366
12434
12754
9350
23070
11122
23094
6074
2657
19728
11433
4863
2731
5110
14831
1300
7536
32674
29757
31399
32685
26681
21813
23570
19548
26012
5530
18116
18098
8192
22478
5476
1550
27200
16667
24493
1159
7674
8905
20703
13564
25008
8853
16311
27501
14702
6530
27759
3371
12759
27186
20734
2768
24831
31904
27960
18870
12094
14474
7324
29562
32022
11205
2375
11221
21918
27474
25178
19653
15220
30954
17064
5663
8806
20957
18322
9002
10720
29257
28159
23564
15800
12114
7045
18025
20788
19485
4214
14626
12594
28476
12552
25975
10141
5071
8790
4726
30108
1414
30629
9155
813
12346
22246
23316
22437
14809
31760
31044
30558
30168
258
13374
26843
17162
27489
18638
29274
12717
15066
10608
5842
6696
1217
7712
13178
32075
28525
18095
23977
16610
3388
23941
17738
19331
8820
12784
32263
31049
11331
27396
5659
23245
10280
11353
8192
19810
14125
23390
10821
19070
29582
32576
26757
22608
9362
5819
31339
6058
814
3388
16864
19032
6062
1133
20528
5613
7002
26520
869
11277
15301
7047
13642
25537
3681
21316
11875
25566
29578
11245
11981
4746
18781
7071
23462
10597
1841
13942
18984
19124
3489
32201
19502
1264
5922
27861
15535
17732
5275
11392
14149
12769
32320
5720
6626
2475
17718
752
18133
21241
7790
7861
11854
19825
29132
5976
23917
8925
816
26193
91
30557
23546
13868
26340
25533
24253
6914
18328
5368
28786
26298
23333
29735
523
9388
21160
24910
30683
29929
11596
24409
27073
9710
22040
12974
31412
11460
3171
13534
4793
24395
2818
14665
3876
28969
936
29064
884
24332
11790
18455
24860
1340
15970
23544
5260
14403
16542
17630
16346
18177
27879
11691
28111
13006
15079
30929
15337
5471
17428
1265
18780
12159
24572
5188
5963
1109
8349
15060
11376
10853
7082
8492
30534
3909
15057
31180
21725
2592
32053
18666
7688
15875
14582
2083
25575
29647
22248
15612
13209
12354
9993
26584
19520
25155
21469
10840
24571
3162
22759
16972
26745
14685
1681
15601
2574
2800
12880
29539
24466
23587
17440
24037
25827
5423
29311
3970
15509
21797
19876
21854
10406
11803
27914
9282
8825
9154
6272
10726
9915
28692
31255
15218
14509
28666
14689
18760
12318
31765
32156
30079
25518
8318
18624
19887
18984
12539
32221
16808
11197
8116
23607
29784
30298
20204
13519
32110
16700
30426
28283
26887
6090
2515
16529
18236
18119
4388
13945
18308
10496
277
28875
5290
15794
2359
31412
30063
23333
4124
21747
29754
17353
12805
4972
21272
7863
20981
24751
2789
22347
30960
17968
31613
30715
15601
28508
12933
5456
19186
843
13843
12046
31543
5380
25422
19118
11619
4993
31292
14079
2189
28227
745
29011
6059
23295
22418
23559
3674
20749
30614
19762
17752
19944
11128
2335
18981
14576
3899
3883
14560
26718
23380
16887
9656
18713
18624
5317
28083
1238
1160
20109
2414
8886
12026
6113
1559
21337
10841
6535
13895
19325
6560
30641
11050
11231
28527
29152
19346
15992
552
1228
12638
10640
5515
19676
14789
12944
26277
13801
18262
16309
22535
18994
14175
26177
21017
7257
2780
30316
4265
6537
10693
1085
14747
11937
6244
12962
9198
28963
24994
15081
5324
22478
3030
17026
11065
22906
1992
19434
11016
8810
19174
15973
29734
14439
32199
8463
14863
2349
29799
16727
4934
32730
23611
17459
4439
2194
23998
10320
7352
29783
3828
19359
1075
26587
25994
24443
3792
28131
14864
1635
18788
9717
1990
26968
6904
11964
32677
24760
23107
19369
15331
29321
10692
28075
16571
15424
3761
18943
17860
29171
576
17382
26953
27197
15884
23164
25591
2513
32142
5798
18622
17935
7705
2674
11906
13640
4251
18927
4268
1357
451
3767
22745
15055
26310
20020
14925
17898
29052
22475
18502
8390
23152
18092
24171
15961
31205
7287
7715
10227
21643
23471
27465
11886
11385
26285
23203
6398
2025
7370
23846
31440
5390
25827
8725
27339
10208
24192
3413
23378
29885
18308
25649
14786
31867
14294
745
11485
31484
8873
10804
31214
215
1460
13530
20456
582
28288
16192
16062
27573
6888
6629
30310
24963
24166
14428
19823
10374
10309
2345
24041
13142
20484
3454
19024
23236
4741
13448
9591
13920
16399
29984
19761
5237
14238
21717
10505
30082
11788
22293
17124
17750
29224
8639
11607
268
17034
28431
7581
29995
26215
9420
26034
28654
12018
23796
26207
16301
2309
24139
21684
9266
2955
11415
15949
21209
9188
25914
7693
24694
12045
23593
4460
4268
31736
20032
32208
28771
12938
20258
11048
6674
4776
9766
26184
29946
5807
7152
6757
5753
16511
24871
20870
21706
4197
16083
25732
21334
14470
19596
28649
4382
18936
21066
7679
6976
4885
6163
19162
25546
21947
25936
7609
13861
972
29015
18704
25036
16662
6860
15453
19030
6726
12599
25660
11827
8356
1598
16591
28086
28340
20670
12829
28685
22601
20084
18276
11334
30895
6298
30514
20137
14959
8510
27326
16150
729
18710
23239
20574
32130
31343
18438
26398
12631
30725
7703
353
32470
28895
5041
21825
18618
15065
21631
19868
7011
9829
11453
7149
18714
3466
15189
5783
19054
32543
23090
14433
30435
29027
11427
22632
12861
20508
25088
13083
15281
5316
8399
24107
21501
17198
17797
26948
15072
9268
19664
9233
30682
24844
20887
7132
10654
26746
2773
15814
24071
28913
6293
23638
7268
16962
31732
16010
6816
4277
23505
12056
9991
13405
28439
3610
29779
9131
22631
22480
20742
21953
23313
16098
24300
8453
12237
22404
24471
29176
25443
1410
21395
4594
69
19737
26202
5307
20492
594
5398
15418
31643
21852
9573
25058
21184
31218
27983
9516
1695
3569
4994
4621
7649
10439
17546
12851
2379
15810
3537
11791
31018
10666
30623
32271
7574
779
29858
18111
3292
24147
30834
32560
17384
20776
19948
29447
28251
16469
21844
14754
77
2454
30691
16295
3247
20278
9567
20031
1243
28492
21082
10285
7335
25743
31391
7858
28451
22846
6541
11565
27108
5792
8869
9980
3965
28910
31030
11852
23010
16925
18228
31236
3835
29995
22527
7308
18439
22078
23485
7813
6691
10646
8578
19602
14697
4058
15856
4074
5743
3241
28687
11140
31912
8543
25656
28456
31837
26997
32733
22230
10096
7966
22225
9645
17326
8905
14727
30923
2075
12635
19476
10002
7767
7870
9570
9429
8382
913
1936
17616
30752
5251
23567
2617
18712
32034
984
15045
3912
6477
24416
30404
20040
25515
7387
14224
26776
11924
25089
27401
293
7709
26331
21413
17882
29455
27482
14994
25878
25240
20578
23715
15752
1560
28539
14855
4202
5905
24287
18224
5972
21065
23374
29334
29772
18951
29263
7570
8022
28588
28883
8561
25685
18642
25408
4428
3707
4760
28451
6041
13644
9061
26061
31967
926
6231
24680
27322
5599
19104
11195
10382
13856
32318
27309
3839
4987
27858
5770
5986
10675
19267
29580
28854
23965
12635
11756
2822
30888
5397
11976
31698
7266
32115
2912
7080
32305
13142
11812
11
23651
9059
29332
16169
15439
20201
9831
29021
29778
23430
12704
7401
28072
29699
28832
15365
26303
2019
9871
18670
11166
12106
20605
32427
26105
30960
5919
11463
21912
15835
8579
16085
26708
17789
21694
13336
396
1191
2325
27256
15192
26238
31239
3171
6277
18636
6073
19922
13548
25050
26278
20282
5631
4711
4231
20114
28918
25214
5690
12868
17936
12117
21561
20713
18610
10182
1853
547
19151
5409
23917
22017
20058
19912
5098
6811
13979
22794
12257
5164
11014
28217
10186
17216
6194
736
5775
9101
19948
30416
13995
3924
2814
22081
18028
1647
20461
28913
4765
27170
7975
5842
21444
20216
18095
13864
23348
25528
8041
1713
4023
19105
4259
29793
5752
25148
21216
5192
7084
22954
6131
13991
7063
22246
21687
27944
22877
30290
2478
13943
10491
23142
7305
29950
9643
23436
8156
21684
24535
24149
12254
21316
20272
27130
10800
11631
3351
16956
6205
10383
2402
3680
20838
3433
17602
7256
7473
18129
30633
24521
24640
23884
24405
24219
4870
11312
27718
10362
16873
16140
17061
25692
1657
13971
19260
2871
24388
27208
3211
11983
13358
24445
6862
7812
5567
22349
22785
28295
27206
25313
16773
20578
15554
32718
6902
12009
8147
31095
1877
32248
29525
2184
4072
14355
21765
8316
9465
5619
8949
12827
2046
26759
15565
24400
16496
21255
1950
25514
16930
19979
6640
14720
3598
3470
29735
26394
17044
32
18572
28156
22406
26315
7812
4744
32681
22783
846
29970
15044
20871
9173
1356
16958
6536
24407
32339
15327
9685
767
21509
30818
11140
6317
31424
22429
5741
10096
18652
25249
19379
16964
18536
25212
16874
8544
30459
28115
6552
2224
10088
179
6097
29865
5282
24044
18797
30395
22502
32676
9840
27111
32644
14249
31737
32132
5478
3186
13810
7449
19356
27263
29441
25823
175
19790
4329
4093
16292
16539
20655
23092
8040
3520
10069
30062
24474
3758
3019
5679
15644
11478
14368
5066
13006
17716
19809
7386
11536
8094
16259
27332
21888
6587
1675
25371
29465
32232
14382
24567
19442
25760
1082
13600
15669
11181
22311
4697
5986
15980
658
9205
27961
17219
66
21665
10375
22771
14695
10672
25466
9169
10315
3171
8901
12380
3977
30995
27102
9539
10605
4414
9612
8533
18352
16345
30158
10951
27408
27416
10922
13161
17800
32503
21715
20816
26687
24081
15132
2400
10392
8637
14702
6357
20433
15381
9631
19
19827
19411
13094
7582
27710
11684
29316
18791
6158
1688
8593
3037
27216
9510
12242
10798
2707
10674
25739
24870
24040
18016
9875
720
6072
27270
6453
5838
18312
19471
29984
24364
22765
1068
8495
20323
19998
13302
5594
1868
13034
17558
8129
27230
31565
658
28156
1583
29971
22171
784
17295
9929
19533
18081
30929
3177
32512
31503
13150
26139
24045
9034
23644
11539
7382
29887
12124
3274
3996
8207
20793
6914
9395
11544
6435
10906
2100
17654
18001
22939
7615
28275
11404
26409
15290
15654
29187
12006
29606
21122
3886
14641
339
16327
31221
32537
13248
20275
17492
29257
10914
26278
19258
14102
24779
7738
1754
14198
7935
20657
18055
13637
27688
23767
19090
16667
4932
26743
4327
6760
425
22628
9775
14377
21317
30053
31852
24446
3016
32233
30969
2269
20971
18631
23946
14500
182
18038
6826
17822
30687
26327
17218
16961
8997
2537
3332
26054
9010
9171
2083
30699
23427
14879
17623
27524
28397
12530
3070
26119
10790
10495
19232
4777
28594
5826
15655
30939
5480
17149
24074
4280
12696
2872
8889
19200
3124
3836
10638
5397
28829
2919
24207
6475
6141
14991
14616
19253
6581
15515
9211
17344
5073
29290
9115
29919
29969
5509
16526
12007
10274
29703
7025
9450
19834
32327
17457
23727
31363
19493
21800
20532
10782
20577
11924
23808
31675
9323
22807
9606
24418
5334
19627
21082
29860
428
29520
24819
27935
6714
32102
11465
20868
7679
11949
7829
31821
12603
27367
25006
23423
17495
11764
19061
117
28746
13252
23453
26128
12515
16545
21929
12673
29547
17628
2160
13560
15767
26839
6644
23577
7773
4718
31711
25194
21004
4305
12324
30919
25774
25019
7872
7831
19576
17825
29991
18743
25354
16798
29883
8423
23675
25563
13853
26001
26019
12131
7618
30884
9579
23477
18897
15061
23505
29192
23026
11824
1027
27454
27635
22230
11719
5225
7769
24716
22510
2913
24466
9151
6655
3020
14008
7215
12257
16693
7977
23237
13120
29579
15512
1235
10746
8611
22143
4937
6251
29554
12150
28079
12005
954
5501
14554
4925
29116
11635
11442
18922
11656
6290
32071
25733
16112
2972
29128
4017
29813
18897
24683
28381
10763
31864
26740
11494
3095
4428
19026
28534
6514
1612
5681
11538
20960
14631
28343
9121
2165
21220
13447
3692
22097
13361
11092
23777
7316
24960
7592
16301
28537
12116
18742
1958
8990
13871
3835
27371
5725
6626
5521
25996
4943
24499
26002
757
24424
17101
23574
16221
14091
12138
1928
11290
3683
23834
10385
5163
7278
24580
4175
28111
27298
27673
32621
17711
915
6796
18179
32405
3627
12666
943
5489
24509
6509
23758
2943
7952
26099
25434
15636
970
29527
7073
28376
30785
11845
2187
17691
4825
29539
4161
635
948
28909
7665
9279
18500
21497
10227
27500
28116
15073
13708
16523
7143
19705
20643
10081
21290
14052
1567
8950
6411
3685
24642
1138
7670
10649
32613
12759
18257
5809
11635
16800
632
7092
22859
17401
19765
13383
13695
24785
22102
31219
27641
3765
4760
29575
8619
9420
29782
29476
10511
5948
19314
18018
4001
26364
23084
17088
6053
21316
9896
1127
5009
6565
15117
3713
352
17429
22409
18302
18832
23426
12589
8367
28494
11524
12500
12014
21836
13716
2467
19119
12534
29473
23713
8444
6095
3685
30000
24606
7700
27267
452
6079
3763
32066
19963
20906
20897
15945
10827
19574
16926
5379
6014
28967
9913
19733
25690
6393
24496
9415
13419
9579
19271
26389
18810
22494
2350
29449
12063
4443
590
22255
14255
30100
30830
22264
19696
20265
15789
3995
10224
4719
15667
28055
31395
17588
28775
27227
29897
25401
15862
19356
27821
30651
19987
1587
30222
689
14860
26521
25821
28804
18849
31398
1372
30744
24177
20227
6517
5847
28887
8488
30931
24879
2517
10033
9187
32443
8251
31819
26814
4017
278
441
19485
6615
10391
26643
5660
13814
14328
3585
16012
6353
14710
26495
14162
12956
11805
9498
17680
12092
18455
8542
16876
6146
23133
3008
3897
8902
25540
2224
636
473
8111
19801
24264
6739
18759
20409
30229
4091
7963
23579
10059
26782
11785
21895
28191
8269
19306
831
13778
8999
17552
4518
1012
14511
26765
28155
29253
12457
30186
13575
29046
28838
28102
22381
23429
10085
1243
27491
4577
13665
17569
2618
5137
27140
5820
14495
30134
25010
14387
16172
11428
17955
14170
24752
7700
20656
32711
15280
28902
483
22146
9245
5586
25965
23493
13692
10152
30031
7933
6352
9786
18256
32262
13533
20930
32496
25534
29781
22587
26136
25586
22715
28355
18980
21188
26305
22466
30201
24055
4398
25036
20758
6346
4219
5226
15093
26234
23969
2008
28539
17545
15509
3628
18451
29382
3799
5248
27306
30637
12144
28199
5076
6761
24006
5353
17337
1157
30014
25456
24739
10992
15159
32538
11441
12375
12955
7710
10717
3714
24559
4306
25166
2373
8759
405
12017
32585
24564
1712
10230
10448
27302
14384
303
16452
18404
30763
8385
28254
6010
382
30557
28362
3277
7978
23303
1042
15915
7015
17037
18450
7848
2891
15429
24304
30066
11706
14053
22165
11393
30621
29921
4265
12651
30162
12712
21698
27087
32266
6565
29139
23986
15528
32161
30262
10142
284
29687
19743
5804
19918
11194
31596
10374
11218
1011
9933
26350
18275
9106
23129
9535
10879
9553
26352
27740
19438
24006
14054
30708
30881
26799
11257
31746
32028
28524
17981
20640
6246
15611
3507
19382
26174
3736
22144
27678
2927
23513
18267
16702
13118
30619
3928
19470
28227
1370
32057
32736
5538
14369
4011
22743
29054
12447
28497
3647
11687
18810
27920
26813
11253
6087
29626
16563
24480
17843
22093
27657
13113
17459
29951
7850
5339
2148
6422
9042
24340
24020
17302
12521
4333
16927
24294
30565
1061
211
18465
5236
4480
5845
3919
19751
32330
12077
7853
1366
30576
16795
12511
29880
22079
2072
2358
30755
19747
24099
23585
17123
29802
15021
7423
10362
12677
16521
9806
22836
30874
3623
12453
28268
7209
28779
2978
31693
9146
17702
11872
31568
18971
11632
17170
14638
27494
21204
15013
15642
6701
1931
2459
694
25811
7947
30817
11051
4911
8509
18675
3478
4233
28850
27723
31121
23248
22720
7448
25022
23523
24772
10323
22362
28174
16108
14012
9522
6434
1298
25415
26245
6452
14743
21345
13028
27833
12105
6670
401
18042
17224
15014
19226
4501
12323
10982
12860
20357
7998
22344
21332
11312
20264
30422
14141
12226
9208
3872
7863
14
7420
26530
20494
29300
28398
28886
19009
24894
9243
9003
7822
12337
17786
18728
32735
9555
21493
3208
367
19344
26374
12333
946
8329
27430
16786
29384
23077
10651
24244
3004
31083
13076
26798
30568
20804
7137
15019
16716
31164
8336
21464
32334
2528
16244
16012
12434
26560
12082
1310
13767
29443
6986
28198
24516
24431
7591
30712
17858
22195
26757
8022
17339
23127
14508
4779
10780
19551
1599
15060
6542
13249
20686
13530
30600
8285
15917
24902
21458
21262
22566
30425
5200
15864
877
22868
26761
22039
10784
11204
9525
9760
1868
14673
18120
12591
7344
15565
24341
9360
29671
18526
15482
11348
11794
14488
2688
23659
7669
26158
3228
12927
24942
487
27403
3937
8402
17792
21249
8913
27817
9973
4228
11041
3033
3101
12418
8185
30848
26511
13182
4796
14873
20736
15732
28707
23532
29039
32384
31793
5680
26432
20228
5629
5639
30368
20753
18257
31629
28905
16955
27685
18576
18941
21292
3052
15383
19008
20060
4911
18662
17873
4326
1627
4181
8255
22148
3071
30851
30786
1182
12015
25676
32187
2011
14729
6445
20735
14794
15417
30030
11869
946
24465
15612
8148
22140
4460
9707
12111
16102
23440
27275
21794
22435
21037
14945
12004
7888
7726
21441
2512
10139
21767
10844
15758
21491
23188
6500
8722
2802
338
6550
4229
4055
5970
30731
26701
25693
23878
3513
3340
699
32331
29133
4345
1093
11799
4232
2435
18078
25159
18671
12064
19858
31945
5496
19525
14995
18112
31233
22816
12078
19976
30196
2479
25529
472
17524
9301
26589
28750
3171
16316
29010
21216
1928
17865
11552
25316
20052
29512
16323
32313
1838
22928
6817
11884
19341
9411
29830
16998
23302
1407
7741
23537
526
16565
13280
29720
20421
27723
19246
8667
1657
30250
32447
13435
21655
10532
25959
2911
2507
2089
9141
3052
31670
7381
5276
16223
30510
12828
16034
21178
21376
21860
4770
18926
17758
15475
26498
21927
17120
31382
29582
174
12947
30027
22491
27696
27125
1824
12241
26508
8282
15557
26635
25708
21771
29707
24299
17317
3108
13712
17336
31568
4390
23998
26798
11772
24926
22720
5460
11850
24647
1802
16912
32220
9945
6463
31427
3071
10532
29950
17493
5992
28885
25567
15759
26364
19052
32596
22536
14065
14735
13264
28445
12085
25822
27137
14635
21196
20757
3689
4643
17265
28543
13283
2159
27256
10341
12861
527
7676
27546
12647
4915
18069
10083
29987
3481
4894
20235
473
20278
30457
20161
19744
4463
29248
24490
29039
17392
14705
25472
28032
9851
5441
32505
1065
9685
31033
28971
18940
9174
27086
20073
32188
2156
23794
15650
11744
9640
7626
27702
18164
21273
26360
5442
23912
24269
26673
14400
27958
20356
19079
31822
1002
1722
13079
10204
22190
28754
19389
5496
9390
1716
27973
1773
27134
24043
5052
13719
12918
24727
25392
3962
16604
3863
29704
24283
13812
20536
13437
22908
6638
16842
1265
9028
21275
14750
18806
13797
14412
16553
11320
20886
12955
20711
11319
5012
10234
18002
1448
19600
25669
13209
21522
20157
12907
18662
9220
20210
211
19432
8014
16049
29096
25505
20678
10913
19790
8852
21008
27974
16940
6597
12134
7150
18379
26804
32591
3535
18642
17688
25125
18492
10237
5387
18181
13603
10160
420
16080
24422
11540
20420
3185
5827
23214
26281
32334
27585
28268
17729
21173
7392
11108
280
24156
22842
28627
15317
28887
32497
31959
16638
4444
22663
7681
7118
5271
16809
2459
21918
23193
14262
2991
30738
1648
4281
28042
29632
10409
30475
15046
2465
4197
11320
4349
21593
1668
12644
28840
838
19997
15660
6805
15895
10511
21873
1980
13847
20190
25334
2043
26572
18411
9628
18983
25455
17024
5263
813
15520
13747
113
22167
10024
4488
27400
28812
27759
1060
13277
9506
28097
3382
14200
19248
2582
19470
5399
20131
19121
10127
22902
10277
24832
24265
8306
4808
2430
30006
21328
604
7695
21377
17127
24406
13788
9992
21810
30202
21311
28012
18276
30060
10799
9485
11017
26431
5173
13650
19102
32706
21255
7140
7085
5636
1207
12896
19524
27359
30459
31313
7876
25898
13847
3508
12932
4769
16226
8579
14636
4932
3386
24818
25772
9430
11874
982
5836
14170
15140
32036
14795
27077
19290
12508
14215
3181
13721
759
25484
3552
9047
9332
12333
22524
9698
2502
4965
7163
23376
24110
8611
13017
16942
23022
23054
9726
3275
30000
21693
4847
23482
15318
28857
15855
1921
29494
26705
11789
28593
26909
8905
8990
17930
3526
23050
7370
19225
27305
21722
15668
19793
5441
30802
17586
9356
8933
6082
25878
17395
17409
16420
32520
20547
26655
26294
30691
4199
1213
10663
25045
8298
19219
29299
20331
30048
20186
5214
11914
12430
7518
15866
14301
22169
18739
20193
21829
8768
9236
9146
676
10611
22995
5278
29807
13344
6038
21251
19808
21628
7435
32471
465
15395
9245
14865
17977
7784
8840
32695
14275
17119
9587
7080
16766
9306
19937
28631
10808
5638
608
7022
13617
16385
15911
14410
14886
32024
31550
12745
7232
4056
952
3752
13302
7871
12965
17637
15041
5626
11387
27452
2061
26991
1039
25043
1445
1455
23516
12165
5094
24919
2283
6448
2116
27373
25760
12852
3792
23378
19950
378
12441
9692
15403
32294
12504
29663
15172
27139
27565
1437
21278
31565
25666
24367
14986
20296
10474
13171
4232
13009
4451
6670
4498
4824
24755
27981
16032
8194
16526
30952
6246
1537
11694
2487
7211
3303
9583
2260
15797
717
17780
17762
14729
28423
25116
19657
3060
13278
32008
4706
5781
5786
10486
31787
24924
31246
18013
3190
15590
9775
6650
9347
17044
23874
8091
15399
7215
17463
22802
1336
11343
22139
18497
28123
23707
14782
21221
15522
8994
3885
11000
21768
18615
30673
4929
31753
10449
20508
21898
30093
28011
13531
8053
13296
15837
4109
23858
11711
15563
8012
20429
8015
31044
3147
10970
9976
6663
840
29198
11115
6203
27786
9707
13445
1179
31530
27116
4598
4619
6796
10734
7412
28667
1052
14240
10760
27973
11490
15032
6022
2747
19070
11632
22232
26137
30466
12379
7977
3289
19918
20565
12583
29588
22218
4122
3911
3092
12600
28422
32127
31670
10127
25408
28695
18144
2803
28769
13480
27222
18856
13582
21039
25701
26888
2081
27806
9724
12545
22242
9384
6163
13493
23998
30666
30348
4952
18772
11614
18027
18116
23323
28444
10172
17191
21270
26643
26369
15956
982
26843
30731
8143
14768
30150
30567
17623
32548
32658
6227
18845
21161
1243
29072
27577
7491
11803
11733
30742
27888
24609
31850
25381
11392
40
17748
28948
29696
30645
15497
20632
15961
19945
12525
12809
30780
14178
5042
1533
17191
6390
1306
24852
27259
24002
14472
27610
5093
3613
13347
25120
22589
20070
29261
20418
7033
4621
8467
31357
26894
11512
28348
30710
31602
14354
6652
26030
19379
320
7469
29947
18259
14184
23581
26761
27042
21690
11086
1100
3605
2840
30842
12763
29228
11959
26731
2594
13034
24254
10788
28216
6432
1155
3584
16199
11299
19558
12477
24761
22587
15779
15279
28324
504
22208
10719
5299
9447
30069
27771
16516
4993
11929
17171
20473
7227
5808
4734
3704
20430
31523
30513
25250
19690
17046
16223
13683
29014
2890
20092
31451
5804
5604
32237
12846
32329
4456
22016
6135
1371
11894
7468
4630
11990
12333
24406
32144
12034
25125
21882
29812
20906
25410
26950
14674
30551
779
18803
31703
2123
25813
5451
31712
22986
23821
886
22625
10409
27605
10648
28202
6611
23863
22304
13838
8398
13947
1323
17400
20166
12314
27833
5287
14263
4097
19899
31291
24398
18186
16154
13524
29315
29820
2038
26228
19504
9427
10105
2976
875
4156
17707
13093
19606
12449
17946
2610
24915
32589
21721
31843
17610
24957
20533
19307
30837
29450
24164
8104
26348
9124
4038
4845
27237
20648
6850
4170
18612
3170
26635
5922
5518
21532
4075
6681
12967
2667
3943
11827
4824
21209
2000
32653
21594
13494
14680
18144
9711
12763
31871
20526
23211
25188
26524
11690
3198
14237
5321
32721
21152
14312
28652
32448
16958
11130
24494
12684
17146
13806
13844
8078
14295
6556
8428
29628
2919
3780
10567
32005
341
8273
18813
24410
11134
7059
29611
8204
17790
32664
9158
5597
13449
6813
28170
6566
2686
18536
31821
24891
3228
22867
8459
22917
1315
17860
27948
24223
29407
15604
13599
30729
32715
23176
21514
6741
324
2107
23133
1797
6508
6452
6129
21383
31404
5537
30121
461
9080
26103
10641
28923
15600
12773
5874
16326
23694
29735
25675
30864
31514
15714
13980
23312
3552
9386
31836
22483
27961
29921
9528
10010
20166
14126
26336
11659
12267
6033
24646
3787
18959
25097
26464
26326
15605
20806
12525
6983
11405
26572
19882
16449
16098
25345
31409
26928
8676
28397
16743
730
18607
17012
25
6592
13072
25387
182
6738
1892
10480
14242
26406
17930
750
5528
13748
4295
6463
29949
23305
880
26471
9332
8811
9356
14589
10613
19974
7131
11740
25113
21089
8168
24792
31279
31672
9359
16051
19458
29717
12237
12557
22095
17663
9839
10532
15794
10220
2604
26332
3775
16553
21914
28655
21507
24163
21704
11267
24823
29735
10988
26582
14667
5470
16626
4127
24513
26870
4021
22822
27444
144
4156
20238
10817
1605
464
14583
22645
18561
12173
28400
16534
15420
31910
22284
17934
30327
9290
21013
27506
16990
19601
9142
31939
27671
28668
14153
20461
5332
26200
21181
25608
6007
31330
5913
7319
23145
11503
858
15163
21641
2372
2865
3675
13950
5313
2382
1046
961
460
16520
9703
18623
32696
10976
16912
25177
17098
18982
15714
27351
5252
3304
2475
10407
20629
6327
31344
26180
15180
870
30958
21156
19197
26475
24570
1898
23743
19499
12330
26664
12719
18897
31998
3778
11937
22893
24694
22888
30999
4081
25134
11496
32163
18064
26222
24334
30142
18402
3850
15154
4991
25924
10588
29798
11574
5852
6785
3337
27751
11428
27778
28765
1621
1304
15646
29979
16310
14306
18503
9593
22289
3911
31885
31677
29868
9879
3342
10961
28480
5671
26676
28328
23780
11175
14920
29915
1005
15039
15080
12372
30410
20372
7101
7184
3036
21990
22425
1767
25596
23770
10527
7644
27235
24117
17234
20187
19838
1120
22799
27600
27766
22762
9743
4864
30964
17977
25911
10597
3294
10859
26596
24644
16141
4331
23740
720
1074
28762
15968
16532
8017
6028
14994
22815
25414
20450
1093
2155
25839
17632
8432
23967
17776
16704
8824
8819
25565
5255
13486
25094
21081
18769
2285
20479
1214
4228
17479
26572
22608
5353
31216
29819
22051
25585
14018
32659
14199
5646
22549
5410
27969
7104
12812
7779
2378
31504
22905
13863
22234
5274
4044
30083
9303
30060
19224
24868
20084
28294
22028
