1650
17778
25781
24967
15114
20973
23630
5068
17429
12059
952
19844
16658
19999
25385
22860
30982
2700
21273
14363
13247
2638
18756
18375
21569
29321
23963
11926
24743
18784
28428
19255
20239
22018
29836
7761
28805
3833
27423
4977
20197
5595
8440
22896
25201
9650
30742
3382
24223
31732
32215
18261
9563
9727
753
7118
296
1578
16917
27734
460
16647
26983
11367
2776
11133
16477
28320
30013
12398
25376
22681
733
26819
27092
32197
8564
27119
22388
12708
28374
11604
28601
24124
11849
31552
17176
18806
21819
6955
11807
26369
13649
5729
19782
20909
30135
18336
15952
17161
16783
20809
11729
20493
24984
11007
7002
20301
26554
6639
3996
4175
23961
10774
23980
7633
12484
10143
9366
13483
20328
18756
24213
29635
19650
18133
22979
1754
4233
15926
7329
605
28393
9452
9323
17915
17062
7243
18546
2071
32331
3836
15893
11348
10053
27993
12842
6213
26567
15006
29207
29342
22683
28298
1526
24825
29529
30343
1311
9571
8180
18780
10526
8684
10363
19283
8203
27526
2468
14571
31078
3345
16167
330
2568
25962
20840
23487
15988
22211
32300
18433
28260
31937
2506
24574
15943
10776
10913
6377
27572
2431
21049
20569
861
6406
14109
32149
14261
17046
12947
19752
24799
13697
16966
26622
16925
11544
25973
15869
28042
26023
6234
29722
15868
4060
589
31592
4555
7571
16407
5194
15725
24333
272
14236
16422
3558
21341
19498
15789
24397
13038
1607
21786
30527
26334
6312
21263
16080
20265
25511
18812
27987
22033
14082
31642
31244
15239
5004
4295
21334
27683
22152
8012
20605
22116
15943
21275
17933
4246
32426
12958
19786
23446
22388
11445
8428
4785
13329
30163
18733
29904
6092
2903
21028
19388
10191
9833
31512
13424
510
2468
5246
18036
10013
2158
24135
27037
19089
17090
18616
13639
23761
17129
30682
1098
21511
22443
27910
27539
7139
13162
20041
21222
4501
26620
4218
28710
22620
30187
9156
21998
4743
28747
3085
1043
15627
29650
15966
8134
16008
29816
567
31713
31832
20250
8829
22740
2714
5685
27354
28869
31056
24444
3877
19427
4502
6155
8216
18166
24289
23320
11794
28723
21082
27898
28700
20303
578
13829
26160
20070
9990
32376
1040
27170
12118
18445
6595
10713
303
18630
14180
4402
14345
4658
5969
2683
31488
28775
12104
4525
18844
25320
9449
15997
21314
12635
30614
18650
13223
11741
8591
11473
8172
17548
484
319
16524
2415
17124
15100
28100
31710
29323
8096
26829
14645
10004
27044
12498
272
5592
17302
25120
13847
29594
601
4432
2895
19052
29843
19342
27532
16428
8807
29620
15404
17929
27440
32629
25683
9169
20326
31856
9259
29218
27341
30720
7205
6288
19930
19760
22040
23061
23100
7313
17684
8995
31680
11105
1593
32605
21569
30736
18067
15570
5509
29155
7378
23063
5103
25766
11785
18776
3614
29875
20027
914
27282
26735
21327
16393
6272
4060
6078
27160
13364
7279
11079
21087
8006
29405
24910
29084
4314
8212
31579
21373
25215
2294
3050
21015
19768
19244
383
13619
32191
23462
20459
8899
7640
1429
12452
18481
12828
13815
29336
24819
16951
10720
16688
17408
12384
18132
9791
25325
12694
110
8972
21020
3972
3749
14568
4467
18657
3053
10404
31449
27336
2753
21144
3144
5857
2183
25506
27625
10652
12256
1182
23988
23361
30783
22110
6309
11927
12608
12968
22695
9478
28957
14757
18877
18972
15038
7452
31290
23721
10839
24179
26620
1103
25274
27411
30986
16408
17742
17890
20886
15487
4885
27336
25543
18988
7216
9680
1514
15740
10300
1877
13313
31608
22398
13393
26909
28571
13971
31899
31221
14994
26820
17808
9103
31742
13084
2213
13683
3881
30723
22758
16112
14596
18397
14476
28722
5691
32293
17490
13993
514
17031
1839
24516
2527
31834
32415
10722
717
9798
26913
6876
1632
4056
20581
19061
31891
2383
16192
25926
9758
21212
234
19783
21252
7931
8717
17510
31705
13211
10415
19099
11549
10741
6159
3715
13046
18714
3352
10490
18788
7434
10345
7365
10475
9403
13649
7457
10198
1770
27515
15050
23955
2044
28493
5479
30993
4202
6410
1936
18993
23358
31142
3590
22304
31750
6389
11189
10039
29809
18636
3430
17460
4247
14668
4638
31658
21812
19084
13885
11212
6919
21756
13687
453
7135
31852
18391
13617
22160
17572
1984
10684
13282
14532
28136
6546
30401
26322
20379
3905
25426
23501
13100
5794
24315
23854
19544
9847
1278
32620
7536
18160
27505
23004
13395
21644
7543
4298
6617
25924
16820
24834
25493
22313
23983
19552
15981
4979
28082
19232
17516
25646
3812
6491
28434
2787
28722
27743
6298
1572
13160
19398
24756
682
21650
32341
31131
31813
18980
6546
7661
31696
29156
9554
5556
325
18229
11631
19414
3159
13624
1660
9083
5189
9439
18548
28745
17883
11025
17325
10152
21066
28973
18210
19566
28688
31089
28355
30945
29742
5413
4660
15156
5279
29665
23393
19940
6247
21750
23803
1719
11127
24346
3449
10038
10774
10660
13415
26248
7047
8607
540
19539
11930
20131
11881
11264
22747
28999
27795
28501
1226
5471
25202
1222
21582
30761
11368
18520
8856
2722
6440
165
20812
5274
24114
5028
6875
319
421
4639
3809
9749
3703
6263
19031
9089
23922
23916
32221
13693
4698
27804
13519
25642
9084
5171
9996
32274
10758
20045
18876
6683
15279
659
18321
14493
31724
12467
28737
8093
13328
28242
29394
6850
18382
186
26502
21315
11222
4424
23185
16153
28225
24457
24433
12125
18314
18687
31415
20669
10951
13487
7999
12456
14643
14526
11884
2340
3798
11176
9171
2231
23489
18229
7211
24533
15057
16972
24608
25806
29012
6027
17800
15391
27423
28067
17434
1692
3722
10539
18851
12715
4451
21771
6385
4051
213
20504
18520
24288
6638
609
23650
8156
29972
768
14213
31366
31535
4797
6511
21782
25257
20803
10468
9272
24701
7261
29867
30585
6847
14071
5070
8887
2410
1777
9431
32192
3328
2643
21952
9864
7418
617
9965
21919
5228
23911
8180
10197
22045
9117
31036
8653
26774
19851
14153
21241
348
30923
26240
22362
14014
348
18086
12138
23799
3995
13770
1558
20654
11904
8547
13356
28353
4479
8336
350
12266
23690
26836
15078
20717
13851
18775
25590
19572
30757
18990
22274
7453
1251
13635
23739
6344
26005
16426
30941
4268
2962
29193
18704
2170
12702
18041
1613
23437
11722
24985
18950
31712
31155
15603
7035
26786
26412
8952
17690
18429
9470
15711
28720
19500
835
20394
16053
20160
20523
9790
7597
18032
22838
26593
5761
4632
29478
32128
23323
28983
27165
17193
26537
11285
21571
10176
8734
10074
32135
15836
4674
21752
15325
11106
12628
1776
16458
17029
31701
12492
22435
25512
30296
20704
17499
22101
32060
7139
13170
15081
8679
2403
2112
23521
11276
8102
17860
28673
23334
19552
23561
13450
7382
5048
5550
24330
32210
16427
23805
9507
23037
26413
18122
24499
23670
13274
8811
4437
9822
16325
2128
26094
2833
2719
5223
10954
32720
31121
31748
20758
12305
9510
2916
19269
6970
14752
16028
30268
12672
10874
14881
8333
21021
774
8236
22698
32566
28240
7115
25288
18061
6381
2170
13402
8053
14239
29642
29533
31766
8842
3883
9901
26713
4762
4022
32629
2404
2768
12929
18477
3269
1279
1842
27561
27437
26190
19456
4836
26769
25432
24532
30890
14509
22069
12379
12410
13599
3616
6372
18907
21789
16548
7956
23043
28353
22021
8158
30499
16767
3299
4910
5118
16775
4363
17024
6673
20722
20544
9343
32232
25086
12635
17614
13249
6376
15576
23596
2739
4767
29005
5755
13522
18675
13109
27969
7852
15412
28621
4093
28859
3887
13362
25695
15054
17456
28692
16844
19314
6133
26854
820
5514
10778
27342
26595
30491
29000
12636
9793
28738
26306
16772
2506
25362
27368
10764
23983
21029
20548
15225
10004
31085
13243
2518
1471
24225
19412
4364
17418
22948
27257
16731
19688
8334
16443
10536
19100
22202
13619
31008
31989
5209
28582
8827
10766
21495
8698
1147
31891
22451
6052
6266
9675
9720
26452
25647
30357
19792
19600
11961
23621
21463
22164
12219
25041
22519
26338
7188
10664
4068
12595
16314
14091
17929
26816
21734
27525
15610
8878
11773
21278
19230
9164
20454
32627
32752
14260
12652
31176
4671
20227
18503
11332
7790
666
4245
22012
1160
28895
27669
2350
30702
14153
23116
21484
16192
29540
22554
18974
15224
28287
16391
8365
27612
14486
23693
2892
10913
15171
26765
3856
1139
10366
2967
28701
6296
28246
16572
31103
10604
26878
7165
28106
29746
21805
13961
6875
21578
15919
26443
10408
8175
14999
25293
19629
13361
31127
20521
985
4660
11199
26597
19235
1414
2684
31827
24683
11493
18183
12114
8353
517
9155
19066
26727
22750
10575
485
9879
25548
30245
29763
18176
5844
23772
2795
18071
11477
22400
10328
16096
10037
10269
15961
24509
23493
7218
31755
516
24306
19714
9293
5247
4138
19874
31353
16332
3592
30436
21594
31186
31069
23228
4761
28384
14552
961
7833
6710
8057
19760
3434
15623
12309
25738
1320
8279
4298
23726
27514
21020
11174
2010
5042
4864
30181
19100
4088
8366
20034
24214
3866
11895
18147
31572
7438
6769
9701
23627
5198
30963
16290
8443
16092
26605
14597
31559
429
10075
16036
481
15783
11117
5250
29792
14561
26072
130
11709
20944
7408
24757
21660
21390
31161
32711
11538
3231
29746
16761
30224
14699
18005
27047
21564
6784
26966
9488
31268
27169
9659
31185
15733
10630
7124
24130
6722
6551
17960
17561
14469
12799
22678
28057
22182
3995
1767
20160
11025
5960
7185
2245
13736
21049
5019
30164
5716
20606
4749
26124
31459
20084
21202
20924
4203
10002
6361
22621
18955
25614
20718
26113
4654
2296
24695
10062
24193
31127
9547
10437
8271
15286
913
11904
21203
20669
14733
6101
12446
14757
3461
12877
2542
18310
14936
26010
102
20776
7273
26967
15579
16542
24989
5770
13174
26718
11014
8659
8008
18385
3036
14182
22836
2418
28350
10048
7646
3880
11074
22911
19118
13342
17802
16806
26275
2907
20138
4949
2196
1210
16074
2496
23403
528
8164
3751
24431
7131
19519
18816
2346
23902
20001
10137
22898
11750
22894
24913
16148
24110
29788
26228
30958
3712
10147
12356
26885
24311
11945
1866
2969
9933
12258
12406
9372
9608
18085
8035
9888
3141
10248
30233
16187
25244
19162
18119
10841
19798
27655
2562
8167
16759
3132
23251
13506
23396
6370
20278
9571
19433
24690
11649
14800
12159
22817
7543
28839
3598
14242
5165
13938
3456
3508
10544
24572
7628
13049
21114
3422
13917
736
14155
12890
23607
24342
30410
26846
25578
3722
19847
172
9913
23201
2535
16605
27175
27528
31321
20996
29169
20406
25969
5330
9374
28695
5853
25708
5663
2922
28819
24574
18642
17009
18599
4258
27831
2502
28362
23820
19801
27181
14355
18142
4928
29152
24352
8375
23489
2569
8235
1498
12981
5787
31433
22307
23832
25386
28956
18225
21514
11579
12920
523
9768
12108
31587
7957
31533
8537
3279
14256
14072
24729
2488
25614
29348
4103
17049
12025
16859
31279
6898
4185
3291
28181
12226
13260
5630
6237
18131
9542
28692
13478
103
5733
15014
10379
31655
1315
28828
2498
12158
17419
25162
334
17864
3546
27037
12429
20242
13578
29601
26164
7845
31319
26579
19648
2968
2358
23104
29075
22912
31272
12318
31567
22558
28387
12654
2082
29962
30353
8422
3297
25366
5950
606
29379
29035
14930
2669
25354
10126
3588
11966
26191
26862
28026
27422
22994
10565
1432
30446
10824
20213
17325
13207
14598
16222
22702
19052
15559
23904
11881
5570
7061
1140
3455
17503
6176
4095
12039
23912
12483
23413
19627
12457
3739
18023
1495
1421
8695
28412
27529
20985
1787
22443
10338
2289
24155
8720
19516
12675
5490
6222
3425
10559
22025
14642
23063
23673
28201
3354
4781
15735
11816
16774
6464
28697
6572
8482
28381
28243
10763
20313
32041
14371
29937
18559
23835
22679
27122
9018
14791
29977
26153
8652
22593
19599
1183
516
18044
18173
29881
12136
11552
12612
22275
19095
11031
16947
12823
607
20907
22539
26137
28076
7653
15182
22594
16375
1623
1631
19368
27648
12099
20201
32555
5992
8645
27847
10927
28610
5640
17798
2376
25307
2412
29675
21341
21981
11194
26781
28692
8560
29178
29763
25867
21319
31095
11558
14279
19794
2747
23235
14952
15820
18177
28649
32268
8791
4575
18251
27318
572
19181
25283
30333
25998
1924
27116
1769
29625
18465
15747
31301
6532
198
17462
28625
6938
716
10069
29851
4843
3253
7925
21689
7162
31742
19118
20158
311
4574
14560
3998
2504
2926
26676
11399
24685
2969
24221
1834
23584
256
7477
30814
1532
24672
8376
17060
16885
5458
14737
674
424
17534
11258
11799
16331
3525
9249
23969
14535
23566
5157
31291
10627
29558
21186
19433
3347
7794
16887
9671
20970
5667
9432
15261
6364
23629
24491
8105
14944
16065
20435
13095
15417
27270
31544
18315
28610
18034
6101
23438
27304
12581
28492
25305
18373
17157
25067
23959
26654
13684
32266
18694
27512
19794
5480
9271
3399
7230
29328
11425
26620
325
6371
21207
16081
25162
15005
16848
14590
21246
12832
21009
32365
19484
4728
16768
23629
23437
24196
16322
20571
2477
28865
2870
26831
30084
29680
4208
27392
21512
26830
13288
4815
24369
21985
27550
8890
16856
29630
26957
21496
21747
31316
11082
8839
9902
26994
11325
23751
5442
30123
16105
18164
3016
5329
21596
28909
12451
267
16768
19927
10491
11620
26338
16916
2512
2285
29797
19501
5063
29762
2627
20634
14111
25967
15395
5561
26944
20737
14184
8376
29957
12237
16077
14962
29148
7554
18718
29615
31430
4776
15968
26787
21440
3064
14652
24556
13758
28598
670
3134
13780
8578
16698
1215
404
19750
23381
21056
6532
32564
9272
3808
10382
28859
13927
5773
21731
5298
4671
2171
1933
15166
23059
32185
15823
10033
18164
389
17014
8931
29814
19577
12208
17574
24183
287
16204
31942
15458
26909
332
13373
25056
17773
32289
1598
17638
2182
4189
24574
14256
8828
23180
9110
20466
6011
26345
2007
9384
14969
8344
10616
12355
11121
25721
8956
24040
25330
1297
2525
13056
17821
17213
7610
28825
2471
26252
29998
7478
24534
9604
10584
23705
25130
32323
22628
9965
8871
26890
8907
4755
3393
30278
19279
11912
24631
14107
32301
8197
6434
17222
22872
29444
24086
13332
19011
12853
3922
31150
21151
19374
3029
22153
21212
11036
9597
31932
17170
25077
15536
20172
28130
15934
14462
32456
24471
14210
5067
28756
752
20261
40
17838
15296
17483
30559
212
29073
276
26117
5574
18605
8852
22492
7839
3015
24589
23006
8211
13000
22404
27497
10159
19417
10154
32431
23899
15599
20852
18109
7394
19831
6746
29139
24171
19241
20798
12625
5642
16274
23840
9358
12958
14487
29234
24074
2880
15576
12835
8263
22456
27064
24769
6619
25461
12262
1405
2361
24195
5514
7333
29887
15536
692
21473
792
14083
19741
9172
28315
18037
19779
16583
12774
25747
29566
11154
5515
21779
23903
30860
29836
15942
21246
5147
13508
17565
23169
6863
11887
30837
12001
5723
18414
22416
20124
32549
15738
21068
11619
5728
19971
6451
24107
17023
18532
26688
16231
3944
11945
834
32102
16394
2588
22162
31416
18439
11889
22868
6136
15434
6876
29290
17423
8129
10600
15245
7048
28354
15642
19308
22147
1812
5953
25210
21434
12036
18473
6172
24594
18713
10906
26775
32410
5796
4010
13263
30518
27769
14471
27987
28692
14262
8492
22031
29777
22372
32574
28765
13544
24558
15966
6609
22199
5276
6436
12959
19816
24488
13187
3577
28113
31264
20973
17655
27202
20465
32767
29005
21997
5075
9663
25940
8723
24502
14112
25676
23539
323
21235
11798
3005
23753
2458
5900
22320
11056
11701
1080
16835
29904
9329
17983
16082
5720
23629
6820
29546
9447
6657
31004
4373
17008
4352
30088
14107
18209
17009
19849
4613
3882
26007
3487
32426
8711
3822
14381
26711
27756
22976
15699
18946
15655
11454
26399
20330
16811
1241
17719
21544
30546
32397
19917
22262
10731
20722
9629
19240
17723
767
3849
17630
10905
13825
19083
274
28751
21771
7028
12867
11175
31085
13306
32298
26197
16333
6349
8911
683
6739
18385
5145
6844
1400
3973
29461
6759
8031
24272
8480
23486
21928
27972
32013
14747
28189
23171
24821
9401
723
23963
15429
498
8372
2338
9446
23568
14205
8407
16194
31477
32327
1835
29528
32483
21716
24402
30036
15699
11891
238
30893
29319
4472
23824
26594
18161
11823
32751
30357
8485
4413
7660
16541
1679
16418
1538
11791
31925
11338
14495
11694
9246
27027
7222
7014
14249
11707
25227
19813
5924
25393
30306
24036
8966
23478
11830
16312
2218
5962
29222
10432
2433
19936
11744
9531
30523
18884
15479
24344
6801
1814
31316
30985
4607
715
4894
15049
26322
10905
21796
6743
18470
25890
6461
18645
6831
15341
14154
7307
24000
10798
933
6318
18066
27743
24155
5243
31311
17432
4825
5276
7226
26165
14396
29297
14180
26029
23107
24050
9341
32446
16226
31346
16794
1847
13846
31261
21188
21613
22088
29148
2973
1888
28794
8063
16590
15976
30703
15524
20152
21888
12552
4203
16593
28168
3039
25543
18627
11402
22220
31646
15042
3287
10101
9982
3995
11951
1921
9246
72
4163
15857
22090
29936
27053
13222
28944
7832
32259
27078
27779
13124
10698
22245
12735
25770
1032
6651
6095
27296
25279
15049
11604
1401
10620
10523
20469
15809
18408
21098
15274
19216
25898
13834
24726
12660
29491
27467
11543
21675
16299
1848
14391
14918
212
9876
20699
25913
3503
13916
12078
15622
27958
27481
5828
4456
624
13598
21391
15438
9439
5184
23521
8322
7352
30625
8297
13278
12882
4462
8338
5498
15415
7604
15122
20141
20375
25561
16047
6734
20004
25191
25646
18959
5941
31441
11150
622
19633
17428
18012
633
2569
29573
12833
22976
16208
486
2078
182
13989
1770
17939
3648
8549
20415
23542
12986
2734
4037
7676
3026
3206
7785
16522
17979
24347
10502
26849
26206
24138
16051
8930
32547
5929
17923
19843
7036
501
17383
23012
6026
7350
10184
32186
23834
25567
14915
20320
28963
18030
24379
20036
19478
16127
1751
3721
21028
20496
23157
20782
31596
27643
27782
17539
29464
32503
4546
30949
21111
12460
7033
6920
21044
19952
12275
2258
28174
3973
10592
24634
8778
5764
9423
2057
7340
14522
25211
20394
8551
5992
30614
28901
13368
31685
9926
13239
24962
1191
3430
646
12289
13475
20120
7578
22398
25812
19166
26861
6612
2708
6846
28699
19308
28888
15718
4668
2803
15981
2910
6591
24224
26162
25468
27349
18354
5009
31214
1574
12610
26682
14556
15798
8906
2576
637
26520
15589
31823
7440
13407
5018
22877
8940
15447
21346
2463
26729
22871
28894
16889
17681
14111
30386
13889
13435
9291
1207
22926
20000
9150
28451
13870
5689
6189
14501
24216
3753
23282
6322
22739
24723
12257
12837
32280
24473
1668
4697
10902
31278
16107
24511
26119
27383
4769
26210
31007
30983
29174
2725
23923
9642
15448
5764
19292
6437
31497
14745
29634
8270
11729
19143
19077
7996
19669
9107
30488
31459
23783
27755
9723
20513
19514
11470
30793
21819
24574
22529
21297
28341
32653
26447
13385
27455
26456
18949
9015
25415
17381
4723
8894
1876
32701
1162
31317
24394
18877
26767
25879
19892
28090
11318
10496
16027
28713
18050
21043
30291
21935
23195
1930
30036
1432
3115
7001
28872
1270
25363
4226
1278
8010
24046
14335
25937
10415
7735
3605
31288
32631
10223
12839
23231
20643
139
23062
26450
8510
1033
31958
17379
3800
9876
8922
7642
8514
1697
23121
19719
380
16551
27759
22431
6921
18877
8982
695
16118
14177
17538
14737
13642
10078
11582
9523
26264
12472
32424
15429
7182
30173
23877
11063
11938
16383
12933
7009
25232
26823
9145
28860
21752
23069
5395
9287
5171
2896
15766
22240
18723
13801
13435
7515
15977
4552
24654
2180
18312
685
22469
32446
3159
688
12724
26149
1399
17963
9854
23966
22134
31059
23386
31736
17050
10653
612
29853
31342
30541
12679
20776
6435
18835
20489
8496
1368
10339
6985
7809
5874
12215
17555
7611
28548
28576
8817
25418
25028
3335
15746
21276
11521
21900
16026
26193
25431
15212
1023
8786
11615
10796
19470
17049
3566
31845
4811
22274
18451
12369
30378
5463
1967
18988
27531
1815
3508
4683
9423
32104
5073
5804
1286
30391
18019
17531
2175
26832
18787
8784
22910
29449
22583
19513
27995
14033
3541
22701
24325
10222
9779
24574
9163
14627
3988
1750
29095
4865
21297
6613
17498
23273
10293
16252
10255
32224
9508
11785
4371
22518
25228
10308
12011
23550
10921
6455
17849
30936
29698
9270
11809
28425
22555
19762
20323
12657
5132
1713
30230
1429
25583
7622
309
18560
5077
13217
29222
10096
18618
9800
6112
12677
16923
2010
14293
20753
29454
19300
16779
5744
4801
28996
6527
28298
29449
1234
16267
16929
15537
17944
32237
59
6910
21086
21543
3678
21958
17716
17330
11009
1159
29488
6226
14126
14671
3059
5589
6763
8513
2660
4536
11175
23322
17960
314
9861
5177
17108
30396
12351
32017
1103
9256
31100
19725
13462
4672
27769
6183
27141
12728
13965
28384
12916
31011
1797
14493
7235
16254
9909
30821
8006
30093
10603
19478
26073
20629
27819
10241
11137
21056
8080
12548
11153
19763
21663
31350
32281
6455
28777
19582
27167
17070
15765
28917
3289
24783
22145
9239
15394
3156
6636
51
4716
9081
13010
32225
23742
12650
10787
18323
560
21939
31749
8712
13520
29829
10159
8666
4063
8194
23075
31663
5714
30569
23067
27688
31735
2149
4269
15967
2436
28065
21595
26995
26280
28731
21117
286
8241
9878
13840
15247
7572
22405
25908
16600
7661
31222
13501
2868
10203
26270
12357
20557
23525
23032
1406
11449
1330
27775
29506
19418
14825
28425
18444
14363
25051
22604
21640
19685
13158
5739
22311
3347
4413
27999
23678
20860
24010
15382
7268
18879
11595
6934
14071
9669
8367
24392
21423
16125
15243
20945
18024
20001
29231
28476
30422
3724
13355
15055
1910
25068
26364
7836
2995
12442
14937
6340
8161
23614
10032
29818
3000
18611
9631
27379
656
30247
25782
9300
32595
18270
5747
16526
32263
13747
10059
11859
18941
9376
4714
20681
23757
31934
8284
31937
25490
21256
16078
15485
13452
21750
5086
27112
11428
4290
22468
21997
6133
32244
27925
9234
20200
6833
29217
13323
28446
4923
20908
12500
2014
11038
8844
3633
23860
9793
31042
10341
25626
424
8913
31430
588
16274
32258
10001
16322
5511
25050
24033
14435
6699
29982
11980
252
1937
28674
28705
11456
23125
4457
7637
13148
1462
18693
29946
4536
10553
22164
22538
26444
23387
5626
20575
9517
4791
4208
7051
3601
5985
6880
8685
28323
20284
20501
6444
9505
15777
22060
3514
18861
21554
13241
8984
24265
13176
17513
15946
24728
18141
13785
5560
20820
26745
22608
11469
22911
14373
22685
3189
17123
31359
28650
10636
7894
24518
24349
19413
4667
25884
11340
15519
21367
11467
14359
3705
19118
11409
17861
81
24210
27088
24219
24762
4638
22057
24719
11700
28185
634
6704
8727
31193
32376
288
649
13419
1068
20463
29677
15469
9061
18542
14021
23620
6778
31450
7033
761
9315
22810
2322
16415
20943
6258
26885
16444
3258
3697
18055
21754
28531
8097
16046
11880
16795
3042
1847
9325
31745
28124
15928
1273
7987
32691
22135
26925
8277
29282
29809
23928
12119
10444
21196
30022
29830
17911
28935
17254
13316
24783
11337
16876
19738
20957
32686
10735
1514
21227
27837
15016
12790
19337
13840
24305
26296
24021
17847
15438
4236
7080
9873
19868
16288
25718
16252
10147
5758
18288
24503
6226
30261
9435
15384
17630
18062
25362
4097
22930
10094
7855
10084
16637
6535
11753
18021
22131
15224
32744
6172
16328
22591
10912
15411
10139
21728
30286
15146
2400
29160
16785
5030
3017
7993
4117
2371
13898
25907
16245
10047
10076
29551
14345
11978
31668
20506
5517
7735
19482
3862
24465
29110
22484
13314
15416
8764
840
9466
8275
27168
32355
6644
2470
17021
19481
13630
8238
12428
20218
10932
11082
19102
31671
16137
4270
29860
25389
19857
1095
18535
555
24889
12321
20240
3873
3226
18060
2119
31341
18566
23504
14451
28115
10996
27131
3619
1083
9368
8193
21575
15444
22310
1958
28116
11268
5011
5639
3943
16884
7583
27666
28895
3135
15386
17075
2476
22713
22037
5156
2952
619
2183
20188
9010
14931
27487
21549
4603
7974
30835
19382
15504
13882
11747
10729
19454
20315
6320
6301
29104
19011
8050
9205
31639
25679
31245
11381
10523
29800
13875
27502
8963
18109
27785
7787
1198
23971
21582
2146
30361
10525
798
24000
24012
21652
3997
14258
12059
23030
21859
12960
10336
8316
19386
32489
19764
25763
17123
9791
26208
23863
27701
9129
21077
29080
5037
3856
229
7472
29429
3196
22999
967
24248
8559
17562
12985
9410
5507
6470
23013
30086
14839
27307
31101
1944
997
17570
11237
18263
2287
5281
25511
21272
12789
9698
22547
18015
14221
32186
29818
21248
5675
31452
26153
11385
28273
7583
15934
27920
31841
2740
22005
28530
30066
27937
17150
2273
10287
27988
22713
23354
20042
11400
29683
18372
17012
20554
17035
29993
20418
4736
6088
17215
21174
7761
17880
25767
15902
21753
25873
841
25287
18482
13561
30285
23681
22888
21434
2940
14164
15688
4350
11483
7452
23673
27323
19544
24164
12194
18414
24468
25740
2691
4838
31320
17121
30793
17757
23856
31594
28790
27621
20799
15259
26398
1320
31752
19576
9726
26264
21711
26414
6030
2167
31804
15817
14922
15679
8669
1892
32116
22617
31924
10344
9120
23847
10369
11384
7292
13768
18817
22937
31352
30439
32431
8239
25972
24617
23484
15853
10699
2130
28450
753
13563
11594
9392
24011
8782
554
4797
9604
13648
3229
31005
26790
31752
20749
87
3353
17090
29807
16138
20064
32071
9217
12898
12989
23799
12220
31839
23722
11012
32113
31157
1413
21603
29171
17489
23848
22797
3293
5904
1290
9508
18746
1228
14276
15616
30970
20998
10870
5350
4479
26089
25065
9011
8983
30797
1223
11635
26456
31995
28459
10821
30819
12123
24754
12048
6155
18339
2029
23087
20403
23615
19024
18193
2491
4173
17257
15013
518
25007
31752
20720
8377
10425
390
31443
27458
17409
17911
6445
5311
13943
3067
7917
5494
26769
23321
5224
8570
32128
20004
11557
6813
10531
26480
26609
14456
11305
30679
18667
22686
12062
23117
15816
28839
31845
118
9664
5954
520
12522
2435
9501
15005
16204
26497
6096
3408
17228
18539
15941
1611
7852
16488
27811
23818
857
4184
21404
16582
14689
18062
9742
5222
8913
10961
2453
15956
20352
10100
17780
9120
28606
12458
6116
7204
11728
23236
21156
21437
20372
13597
26871
31199
10621
16201
14694
22031
13466
1526
10112
23525
288
32404
937
22197
22437
31873
26377
23001
24223
18971
10963
12124
1215
7120
20379
13015
6862
31824
22383
17770
15670
13217
21019
21452
3318
2414
24755
27245
5060
10044
11904
29626
32415
28925
15031
32117
24399
19828
12803
11537
17392
18095
20521
16897
18963
1869
31401
16541
18882
8015
1082
5622
13706
27435
1173
4371
24462
7756
570
12395
14820
20315
6022
27959
15935
8818
2688
28101
19441
787
18119
31364
8273
5484
126
20014
12667
12883
26869
23578
31004
2405
32372
8360
5612
11552
17171
15356
14091
18112
11401
20005
8300
23177
7064
13520
7950
17626
21471
12102
23960
12132
8680
8514
24204
428
17313
3053
29665
25451
22197
29514
24439
9556
24054
20043
9358
19975
10837
794
29289
32405
1552
15618
1769
21155
5519
24122
24563
8469
32212
9761
13613
1308
13705
5817
21982
5669
30978
14367
1136
17810
8047
23561
17583
22771
8246
7973
3784
1894
12337
4105
30513
1699
27975
23071
24948
3211
6208
1410
7792
6767
30612
23237
31615
21229
9896
25806
13317
20383
7912
2550
27528
4655
23474
25681
9556
275
24194
32761
25584
115
27950
19870
19445
32654
18839
16725
15539
30641
3806
22704
9712
10039
25542
2997
25543
27031
17873
7575
9774
11274
17892
11982
3448
20052
29838
14632
1603
10581
15839
16754
20899
8623
29932
16952
26096
12215
9062
9483
30775
8791
29437
31486
7262
9787
24411
6102
17464
2816
19958
29706
29221
13916
21066
1642
4844
549
18393
23928
23590
6622
23331
2742
25446
4340
26546
31938
6836
22002
14534
3299
28602
3924
24500
16342
4411
9950
24311
24532
10760
21763
31260
23274
25189
12229
668
19673
95
18221
26528
18874
6646
21727
16409
28210
19130
29809
29403
31626
27044
16735
16463
12807
19090
30815
27440
17300
29005
7220
13633
10514
3526
21633
22257
31778
1150
8759
11015
28940
7179
9315
21373
20641
11728
11716
10799
14435
8905
21149
21574
23852
30670
8218
31914
1749
11864
4179
20629
10063
23685
13513
28361
27841
32443
6397
27852
16174
31833
18770
4707
26939
1549
30819
5172
7108
12562
26239
7041
18463
10373
22145
16601
22718
396
14829
3715
4957
25150
14204
19718
4624
17343
21404
463
10057
31208
22258
29179
22347
11054
10210
15465
29720
16462
7334
15566
13587
24600
26396
18455
18653
10481
15486
6896
13974
31856
12189
29242
3219
14810
7010
32695
9710
11695
32254
6869
13162
4555
24718
4944
20178
1433
10291
3158
30450
8735
23305
377
16433
15717
24743
13791
22144
13328
18428
15481
14019
32543
28254
14166
21626
14014
2105
20827
4161
21536
10489
13694
12334
3336
9793
8379
15773
31579
27499
21119
7918
26759
17517
4361
9242
4340
22026
18753
19290
15441
23007
24698
10164
31066
11698
22741
9626
5701
2536
2834
8473
27481
2203
3175
28026
17757
15976
12011
13111
20585
13045
9367
24094
15561
31611
21536
19793
307
28389
14730
7972
24051
15979
23887
19353
27673
30450
7960
21521
14056
20804
5289
21701
29240
24086
13610
2056
9841
29536
11051
18756
13387
21996
10704
24396
713
12116
23005
12282
16376
9853
8616
9358
14548
15495
18361
5028
22807
23245
24489
962
26653
25191
25197
10849
18227
21945
16354
30173
660
27798
17838
19860
20332
21856
3678
31597
2566
1620
25308
7296
30385
1563
29640
29011
15601
22533
19221
5910
26042
24596
6940
21926
26738
14698
3124
24074
13050
10873
22548
24684
17613
3407
7672
26482
3492
31511
23149
27177
16318
291
13216
13652
6266
27483
3457
491
27659
14608
6043
24349
31167
27149
24542
3335
31886
5878
25749
29441
9595
27192
24634
15372
29365
16071
28728
24950
11411
21565
15880
24200
11693
15089
25663
17807
28278
7063
25610
31190
19369
13166
29567
18662
6140
8395
12539
2723
29737
16869
18090
14519
806
15780
28257
12505
24461
24164
22841
28578
23696
21313
11349
12151
19570
5123
18728
21812
7960
5408
5000
23268
20537
19466
8391
17275
22216
4864
8643
18348
23348
15073
6107
7836
16466
13374
11202
17577
25301
23824
22092
381
29885
22164
10614
7855
32526
9152
8057
16504
10699
1636
1164
20179
26689
13855
29711
26831
29030
15939
6186
4075
24681
6952
5119
18349
9039
29624
13786
31657
27848
13920
6380
19683
12874
24060
5441
24199
28005
2306
26110
9840
28060
22093
17126
2878
31871
8893
19450
29910
16661
22068
31524
22550
26806
8137
11953
11346
23986
31260
28571
32451
22790
27988
7304
16855
27956
7848
8048
29024
13036
16820
14193
26279
28429
1155
7256
13324
5917
7201
14966
22176
9413
22217
31530
13587
27378
30292
15646
24639
31829
14958
28411
2816
21764
10667
20079
32293
2881
30182
17234
27697
12387
1729
22512
26008
30760
16507
29028
14068
2664
25441
26158
7868
25674
14535
7002
6208
32463
2692
28359
30853
17226
19696
21427
25486
21830
8577
12978
31452
4549
15896
28908
26308
4438
7391
28268
767
18425
24628
31540
5722
12498
18515
18876
30223
7525
5885
852
4307
24143
9
7312
9604
18199
31986
19572
4458
24378
20159
32602
30516
28043
11761
15598
13224
16543
15969
27407
12142
6302
10881
5790
23694
24967
4035
2738
30575
5302
21781
11052
20874
2380
17948
14052
18138
20278
1878
10324
10367
376
25869
18817
17955
20898
2534
28528
9355
31985
13699
11784
23582
13430
11392
19868
21225
29362
15013
24002
4761
9454
21117
4332
25109
26540
13142
11310
11741
10658
13948
13158
6076
17040
5243
7797
7178
5554
389
25136
6560
29848
9247
26649
32025
23161
21770
1163
13673
7252
4039
16374
19994
21876
3798
15029
30880
800
25432
11117
24263
31614
19681
6624
16792
18439
19189
5591
186
31958
15881
13491
32456
21060
12846
5746
8054
1635
13001
2865
10375
20811
12020
28018
9971
4699
27780
32542
7621
14947
4875
31581
217
3906
25262
794
8837
6281
16432
3036
11871
21106
11113
24218
19847
3676
30115
28692
27766
29488
8092
1674
26686
10239
4283
14958
31099
32300
1329
20287
15450
25816
495
27574
4128
9380
2070
20480
13215
12665
25977
1965
8539
24476
21331
11680
75
8423
942
10824
8568
23896
3639
27844
31777
8496
7022
20644
19708
27125
18231
31619
27020
22221
32545
9882
8095
14327
15568
6239
28493
12722
17112
6543
1405
12926
31748
2050
23025
32346
25461
18215
27205
12793
31995
28291
30782
12174
31692
21306
23248
18675
2027
16846
25914
32580
10391
32658
26336
18185
27504
11310
11212
9046
13039
28528
29608
19352
23929
8119
331
23022
16659
30846
9389
21023
25738
3127
8066
32674
28120
5241
8305
13307
16764
7136
30410
26040
14193
3694
1071
4594
11150
3249
15104
16928
13934
8600
17885
16758
32745
6936
32286
22703
16038
4502
14194
6877
27499
12574
17240
25873
13134
22057
1523
25246
9931
22985
3832
7556
9358
17186
31744
6032
28836
19359
17609
2377
19566
26521
1022
15633
16666
29923
32019
8718
21011
4997
3777
30513
4881
17892
15679
11698
13411
15680
28904
29089
14644
8323
22838
675
350
761
5903
2888
32442
15088
5312
11916
7089
24202
26232
17300
24224
12181
7156
16228
13429
27444
28634
17383
19945
19101
24641
14742
2599
130
24198
1628
8790
31235
2160
12829
9049
30527
21159
13508
23275
14131
9214
15367
7276
22851
27523
11472
12648
16303
23005
30559
7086
1799
20041
15866
9153
7838
3200
110
13653
27638
12951
23448
19351
7316
16630
12138
7708
1696
4873
31773
22898
10488
13474
22021
3553
16380
18913
2996
10638
2952
2184
26828
6101
4618
18878
5033
19673
26241
14111
25797
11556
16082
6134
32599
23078
20198
13341
27824
30449
10288
8888
5908
15286
22652
32205
4255
29160
11747
18574
10056
15940
28919
13176
26758
20735
26905
16810
17327
10914
29446
20839
16720
3772
27363
19613
29903
22026
25127
17045
6386
4629
3395
3528
27342
28621
11752
21330
10468
3544
27984
26065
6875
20576
29884
22331
3936
8869
13435
13176
728
28207
23180
7264
28806
12276
6422
17824
3802
27119
8300
29906
15190
1288
31836
3009
32196
25517
25304
2043
27468
14584
25695
10692
7912
30120
21615
8889
28712
23942
24656
27595
13445
29461
11330
25758
3383
7803
17677
15384
7498
1511
29444
20042
8302
25151
4607
26260
32643
3566
31156
25234
7062
26725
6372
29018
5511
28402
25599
3640
15808
4002
2514
9685
21616
11339
9555
4376
21298
9403
14583
26582
10713
29769
17840
12639
31821
15995
19360
20904
10390
23298
675
6976
19889
32529
23356
18894
28629
19684
10343
18284
30898
859
17244
24564
4893
20476
16633
7507
12427
463
17687
25224
23380
5270
19146
8487
2564
1254
18248
16954
12227
29213
1194
29613
5599
613
19606
12042
12602
13886
14028
13289
1578
28269
13137
24058
11081
10713
20816
12065
32679
3979
3835
18711
2862
20166
32622
14308
3525
26536
13450
23390
23320
20896
19099
16052
31634
16353
12892
31140
16915
2360
25006
1550
27272
15039
15706
2135
10136
78
23092
3907
26002
23783
30243
18817
5614
26502
25882
3185
4564
29457
21884
32210
3294
10641
31273
27332
23459
19241
17208
14635
5482
12055
23135
32020
1169
12888
27799
4063
24152
2700
18743
12705
23369
22380
20323
15187
3387
9085
12409
6226
26134
809
2763
3170
31774
19244
9797
30121
5110
18207
6221
29359
20627
28906
31237
27596
25558
8476
13411
7890
1228
11917
32067
2230
6657
18944
31677
29366
5100
8099
20118
28798
30212
15517
21242
32466
25198
12831
30389
2122
32715
14
1318
30891
13163
12999
15022
3934
32310
20787
10772
11832
16784
1476
7080
5670
18776
25433
9012
17803
24302
22937
16735
32639
13165
23353
13474
9191
20498
19078
811
26097
31757
1176
31730
19645
15901
15337
26258
4966
3188
10304
3173
9341
5851
25321
15057
6607
30492
946
32675
27241
14527
6720
18167
21172
25109
8739
28092
30972
7464
19970
25023
30652
25992
17922
21504
30173
16522
22988
8662
25694
25620
31959
16761
8906
23917
31821
21240
7168
19842
1069
12533
8750
32525
10810
11490
2549
21593
24290
22884
21588
14784
429
21519
15592
21850
5889
8846
22018
6824
14108
28283
30019
31729
21718
31001
126
9658
22841
29801
6424
24689
22477
13250
2502
6757
8277
14434
32683
30975
7903
27701
23311
26954
14154
1953
11004
14521
7029
5188
8674
27006
7469
3133
5646
23808
31080
14600
23582
6186
19869
25964
7268
30267
10678
26723
14512
19861
11948
21542
413
22885
9446
28432
19673
6890
7684
21491
5032
28335
14724
32185
11025
26092
3915
26418
24901
15036
2224
6729
896
18316
27068
7441
13667
21966
19153
14954
9170
3547
27765
25243
5315
24312
5694
20184
17206
5928
18743
12399
27915
17207
20966
7162
11920
19234
22614
5762
25686
28488
31383
2381
4950
15025
29794
19973
28475
22685
8440
9890
18321
30502
17315
21107
24737
10174
9450
9912
28364
26927
28020
15680
1956
15745
22210
15482
25655
10797
17914
4280
10482
27476
12755
9375
22980
4079
6500
22819
13337
5444
25382
14107
4691
16118
18421
6182
32216
727
12188
2090
1974
8509
8716
21023
15454
8207
11592
12119
11673
22582
1243
20901
9216
26149
25123
16861
2253
14068
25551
22898
715
11971
25801
26011
1581
9415
10466
30738
17224
10393
11457
32086
25569
5973
4566
11330
20221
9643
2024
19244
3351
16308
6333
23300
3800
17920
26438
14657
32524
28742
25627
2544
13508
10258
32568
2690
23773
22962
5136
2006
10384
32344
2398
1746
19138
5622
28889
21588
26397
58
27132
25568
3559
13117
30674
16829
31490
32359
401
30212
13413
12946
14666
12699
28522
28370
3035
21336
5769
2850
4528
22977
21620
6028
6459
11317
30791
16920
9841
14918
11141
8810
5693
11248
11854
159
24058
1187
23223
7420
32680
25272
10420
13598
12000
31400
21523
32622
21038
4694
1161
4015
3103
15940
19348
3823
1838
29935
25090
15858
3473
29102
23436
628
28251
16825
4643
25066
17857
29129
10860
8115
21555
15533
16981
20937
21938
15505
30613
24623
13800
2037
24469
11368
19476
12579
9866
25349
27646
21533
32242
29119
3498
27249
25665
23405
16978
4918
839
16317
10746
28999
1742
29136
25292
4589
2317
7634
31180
6141
27096
21152
26880
0
28972
25608
11843
14679
12223
11761
3976
32228
15672
873
27155
26517
18242
5249
17616
168
18398
11015
16064
4382
4144
25405
15587
20323
7891
10018
6231
8957
1222
7485
4322
378
15230
15939
29481
14066
27476
7934
20414
11046
20753
1508
14234
8402
7485
2878
9442
8270
30357
5131
477
9567
24329
14117
26705
11592
22482
10548
25936
28047
18871
8068
28173
26062
3468
12077
23748
6698
25430
27476
1157
28100
8470
4088
26012
9441
31610
27213
26521
25991
30194
27087
19241
27228
591
24544
8024
5627
7935
5456
13165
3657
27822
8824
489
9409
22487
23459
31222
7347
32226
16492
12012
5317
16179
3874
3463
23597
11956
11658
2625
26646
25071
13199
20910
19039
28909
7579
24482
25151
24289
8174
31116
20247
15114
19762
32178
18781
5514
1990
25874
3941
29912
12362
8603
15462
11745
3185
16603
9910
1125
16300
839
10482
8878
31876
1436
31413
22746
20909
21601
13230
24275
26879
16611
23978
29046
1481
9016
1566
21524
21057
29275
16186
9091
1224
20830
1119
21123
24704
23049
10106
9664
19711
11742
26709
31148
341
31370
20570
18517
14621
19951
3583
28693
555
24723
3462
20635
2800
31729
7865
8943
11677
10250
509
30406
6606
30069
15180
4565
28383
17291
5680
2419
17364
5527
18462
30735
21024
16600
1552
5800
16807
13689
21150
6321
14861
6631
24442
32099
9528
31280
14233
9412
8911
8245
29899
10957
2394
31928
12884
9462
29027
25884
16774
31494
23545
3218
7332
17618
18417
24923
31929
20297
15910
5547
31070
22266
138
12630
29904
31257
14387
31396
22364
20204
14676
11059
30995
16038
5837
15200
6558
29772
342
11136
29664
32585
30248
8971
24408
22876
1062
12340
28101
23831
27566
26334
15471
4080
21820
3683
26046
13575
3442
3940
2515
19061
11499
21739
3543
25869
31036
29339
10828
102
16367
30741
10054
31084
6316
30743
17567
2968
11230
30737
17570
30426
10737
18373
25867
28499
19186
11926
11636
8164
32282
30258
17335
13253
11886
26691
26815
22776
11374
26348
21122
5820
14917
16601
106
18662
29319
28911
23054
10748
1427
9567
10295
5313
8576
5754
15596
15457
5032
6402
17347
7746
737
6567
17549
29768
19342
5217
25722
6685
18239
31188
10268
6677
24624
24148
25080
5686
689
12127
26926
5664
21076
12074
24804
274
1365
79
13461
5368
17678
16641
25414
5502
14077
18204
7097
32158
20617
10645
24385
12208
25723
11878
7979
23536
16912
8628
7121
211
12940
30172
30140
32277
21060
26169
11279
16108
2008
22947
2707
26441
7808
24234
17701
25700
13798
1785
19687
20024
14907
11916
15103
6458
26437
24746
27524
24647
17262
24779
2021
16124
23727
24562
6020
27039
30509
29002
10448
24440
20732
28754
27410
19886
9091
21398
15721
26545
28091
1227
29056
10212
28309
10583
9597
29801
30985
27046
4189
21226
8009
17247
14193
21288
1534
2969
18481
31449
29500
28493
11522
12192
9896
13423
20647
14924
6037
13223
49
9770
27444
8689
12903
15328
4830
16302
14821
8246
15503
4349
31213
18339
3106
13776
31962
22739
6107
4443
11373
24400
21385
10927
19202
3973
17452
26640
11911
27686
11342
19561
9971
8775
6986
31474
16647
27422
7873
2493
21389
25298
30065
30370
310
3884
10329
10012
28644
4917
261
12692
12974
5219
2870
21499
29148
5645
3073
28530
29380
5710
9375
13560
2598
26927
5907
21484
11958
31705
16013
4453
20216
31232
7885
19538
14351
13861
12055
4335
23451
32450
4307
30760
24524
30608
8043
3826
25218
2127
2072
27859
26739
8592
13590
12655
22434
22577
29813
31908
860
20202
6898
20140
4741
3181
26998
31479
17351
30549
4029
18954
29038
4074
30764
21221
9382
20120
21777
32333
26754
28627
9000
8546
29309
17413
4546
12091
16463
26160
5991
19596
20231
25803
30109
26985
18828
16847
8844
24230
15540
29855
20727
24338
2193
5746
4600
32295
30774
11947
32396
23716
14031
24830
21222
9122
10230
25841
2611
5474
2007
7984
15465
29336
4433
9177
24379
5236
15518
5921
8378
27027
26456
7337
25692
2974
16890
3262
16885
5919
31379
27259
6159
31266
30195
22398
26443
5866
21031
14496
12007
3114
7602
29933
18186
8864
24428
13849
31415
11761
32754
3178
13490
14241
2039
23330
8054
18862
12165
22927
7936
22941
11861
22722
19695
28606
1651
32173
21097
27277
9957
31739
28943
29439
12394
20812
593
12204
336
29802
4148
7553
20030
20412
13233
2905
25827
24690
23809
28692
28984
28089
11934
10105
2280
10261
15716
23842
6144
25006
18204
5182
31741
25717
372
1368
25267
3946
15887
16435
25136
2567
28177
30156
12240
1748
5252
19616
15604
2736
11522
8221
3211
14452
2919
24662
32582
17001
8348
8412
26083
29244
28187
6305
4480
9306
26330
8582
5487
23699
5207
1338
6672
24116
7171
16159
4907
11412
26071
22982
7065
14751
2266
10341
21032
15972
30260
1624
24426
10214
26999
26795
5462
2718
22193
7497
6159
494
6330
17062
25484
6667
24516
30779
4029
3984
17680
28487
810
19549
13823
32082
23314
3331
29433
4824
29068
17291
8042
4197
8014
30448
10474
21304
10906
3655
5023
29596
11380
6875
27828
10323
24620
27863
19815
27416
22821
2724
10436
17601
31160
11852
5873
21283
26002
10724
20384
2230
28860
9145
8223
908
13593
329
10558
14935
22362
31562
7995
7110
7856
3237
9338
16628
12942
18603
18667
17407
7070
14114
23656
2650
30814
14912
4219
14594
8029
7599
25791
31577
1534
18705
1198
18495
5378
12907
20563
9613
25709
26316
19622
16664
18966
30044
12009
19760
2996
12049
25695
22152
4895
27597
11066
21396
1589
11666
5396
25788
6689
22567
16633
10288
10610
19066
5493
8472
31192
8338
11195
6784
27020
21107
17163
27161
12080
15351
14769
26578
12079
16600
27433
6774
16171
2295
12264
22469
7013
4928
31537
13226
807
11833
27129
29884
14892
11660
19212
4111
29186
18552
16245
29035
25801
23380
24875
28493
4784
6747
21012
6615
28733
27445
31792
3895
10152
12779
28771
19063
16567
22904
32511
23179
30411
1312
23970
5572
24811
28043
27759
25345
31075
2397
11749
31724
31696
20843
28824
4307
8747
1087
4115
10183
14089
6660
9594
13555
28103
8099
28612
14954
7550
919
30887
31710
7756
13557
19983
10034
31647
27037
4738
13635
20144
8715
26868
17791
3715
11341
25344
27537
23081
21337
11234
9841
24304
31539
25610
21267
12351
30671
22124
9633
23515
31431
30293
22471
20034
8495
7148
2462
28860
24050
6326
1525
21584
20437
23585
12635
5510
7483
12334
30268
30260
22418
5448
18264
18448
25296
26834
31738
31584
10477
29303
11146
7309
19212
20021
16024
12634
31073
12332
12973
110
11933
263
8382
18722
4554
20143
18197
11126
3356
31704
2545
23398
14670
27890
31169
2341
8002
23225
11460
14067
29607
14750
30324
22537
29302
19369
29731
4978
6037
26878
18932
13921
3582
32659
24444
11564
16131
24768
31799
30438
5502
26216
1070
12481
13988
6470
2921
5257
6526
15113
2131
23612
4028
21249
5833
28985
18915
974
11903
16243
26050
16087
20851
7973
32036
17807
2991
31214
2776
2988
721
12383
2257
26715
13949
19435
1603
13589
1023
13855
24512
1230
1403
26021
23185
6598
26637
5027
25934
21980
23364
21975
20058
8485
20997
10779
5270
21511
16116
13707
24270
2540
2600
16431
10321
7421
4446
2643
8879
23765
9379
12646
14396
6163
16653
26172
25934
14585
3388
28309
21207
18653
11029
30434
27582
10122
3125
18037
4538
18292
11666
11440
1026
20278
13277
30006
5485
30298
14927
18210
27250
17797
14853
28256
15339
31557
7833
15664
8597
11112
22075
7087
12693
22740
20231
905
3405
27798
31804
28850
16623
32143
5600
17497
23181
6612
14845
25275
20599
20625
15206
24934
191
9349
14528
28186
8569
27291
5891
26337
10893
22917
10511
16131
15066
2391
685
6451
23690
17108
6307
16405
28898
32308
31308
31004
104
7478
3961
9201
25796
6442
18691
13304
23953
6031
11890
13965
31786
20377
6747
30014
9009
15034
32016
24868
11086
28248
3627
4121
6907
19369
24236
32630
27715
5412
20468
19855
7090
29969
7954
30879
25627
3154
28645
21304
30956
32025
7479
23510
14119
29733
102
17582
11735
21978
26785
7259
21758
17809
3168
3587
28060
16533
4058
29285
19358
30666
14154
25085
13194
29144
28880
32718
11564
3271
17184
32610
31416
16262
22789
3288
15968
2418
27298
26716
5266
31484
3387
14005
29199
6986
762
21963
30813
30157
5889
16273
13668
16093
16025
16088
29518
13681
11081
24597
29701
13619
10140
27483
176
6367
13276
15497
5222
14065
19959
11447
34
23286
12050
7427
23648
2526
9588
1709
14830
6633
12158
21677
23683
13630
6422
13966
3467
3702
11767
12332
30855
2623
1636
2099
12774
875
4437
1370
16123
13117
14212
19943
12519
25340
30516
8037
3849
18027
7039
9360
4742
1440
9426
4612
32166
25765
7266
24096
30006
3570
13446
21628
6919
26594
23800
29266
26557
15736
23998
4485
13361
30154
943
16608
16396
25991
29711
14156
9158
20880
20371
18749
6516
24761
13067
28574
27495
17332
3527
18388
31198
13382
32028
1151
4273
23396
13659
1225
27149
30404
26826
21666
24179
5639
27949
6915
17875
18094
22901
12455
4439
27688
11103
8962
23145
1828
6041
7973
11079
1516
21650
823
24068
5226
28331
435
7865
7885
1999
18166
31729
12621
27839
6152
25620
5579
18899
4830
18711
9278
22399
28102
7698
14441
28378
14398
16900
10000
967
25523
30797
22972
26621
15880
27455
4638
17262
28015
8648
20019
10996
12730
4081
9224
13396
22436
12003
25254
19852
16186
21234
3691
13913
25764
10616
30038
1663
11295
17071
10172
16307
24372
11404
28555
10977
19609
21570
10560
5027
28003
6871
10778
15359
11545
17274
23694
5301
31557
19076
17323
25756
13246
29413
6818
3533
5417
26984
6334
9931
20973
30533
31238
17981
5675
1681
23309
1055
9468
19462
31043
27966
28601
30774
24045
16566
12769
21933
2873
23380
7853
20249
29078
30585
5270
18078
14892
23784
9503
17781
24698
8331
3134
1912
31507
32451
30769
12751
6169
10105
16579
25056
6249
15140
23373
20521
11417
14473
4399
7587
4997
22245
31537
11294
25139
28467
4932
20560
1544
20140
16545
32480
891
4944
13955
21565
9744
29554
15580
24894
31342
17343
26297
3714
28469
10395
6785
23244
885
31411
16673
26677
6998
29664
11474
7726
1851
4167
20829
23960
25691
12155
27705
29411
708
26018
946
30187
10916
6076
5399
19595
19269
25721
2763
28779
423
27134
13382
29741
26441
15119
5010
8576
5531
24416
16006
4880
22058
3617
27621
624
2809
7011
20891
590
18910
12358
20044
10000
22461
6955
29498
24829
18446
18479
12998
17160
28594
11876
26750
28608
16682
18628
17169
1743
6709
7121
2682
31095
21013
18072
30527
15649
23930
23486
21697
19402
23530
9223
7623
15786
29514
16587
698
469
30175
12365
13391
13916
30176
17367
169
29304
14005
10853
16729
17916
1498
9371
29724
26129
583
6719
22654
22698
6995
10962
14916
6628
25930
21610
27968
6877
28857
5560
29479
30820
23098
23432
26195
24675
27649
892
4554
31029
31899
4711
4264
16866
3798
6654
8777
19676
20604
21973
18326
27355
27343
2362
3521
26745
2571
23912
13263
23960
31165
22052
1858
2144
9502
32408
9858
6666
30692
993
2074
22734
23031
25734
16559
5122
32585
27212
2034
7851
9811
29170
23694
26298
9020
9473
19436
32421
25581
27774
18490
12762
9010
10633
14863
15212
5260
30469
24290
18033
3493
5565
14848
13194
1021
2867
10228
11610
25174
30082
13217
9712
30608
6828
5049
30027
6598
16744
19433
993
31942
25096
30612
3297
27239
16207
27194
11078
6964
30543
28526
11929
10798
25032
32454
23770
42
15261
32389
2604
26307
15255
31330
25695
14978
30452
9396
10580
20052
24601
16945
6841
1849
15860
30337
23521
21968
9963
13671
27740
9232
15086
8661
8172
6975
27433
1727
847
24473
24136
20803
25621
6976
30993
21420
22648
26010
23604
27518
29642
9999
9303
24321
20539
25420
8507
23922
32596
13216
9849
17472
30240
19097
31134
26944
30891
27132
23045
19504
3708
7765
9099
31820
9777
18076
17111
21256
3726
25431
7827
14477
4394
6253
10151
28222
19483
15336
13744
21791
3599
28965
26937
32395
16420
6081
19204
17959
9863
27258
27751
258
11980
23234
14721
13561
18146
1799
20354
14782
23304
21434
14338
1885
27292
6678
32020
6760
9977
9999
21330
1404
12907
31930
2115
10368
29763
3142
26074
1116
11117
6484
19480
15086
30698
32007
26539
3421
21264
13257
29200
5024
3985
6761
2802
7405
14701
26335
20557
21356
16674
22279
2289
1673
11434
18736
20535
14250
15376
7311
12836
6943
21988
27254
24694
20903
29893
1295
12065
7210
17763
1406
23826
30803
25994
8148
22061
19911
24662
32388
21017
21594
18492
14486
30116
15167
20248
926
15936
26989
7405
9896
12743
26591
19634
25640
15380
26779
5293
30826
6706
15678
24239
21770
28983
12516
1250
9800
16811
26589
20779
25668
4591
13649
31938
23565
7111
26216
18361
20083
5850
15915
9321
30621
16165
11162
8752
29013
31508
19624
1423
17659
25059
3915
1804
9211
22940
31793
21744
31809
23959
3754
9585
6130
13007
22905
13358
19933
6671
32394
7332
2570
29898
13257
2874
28761
16061
10935
1770
28589
30669
2520
28733
30981
28205
3217
17299
14841
12282
22191
28034
26675
24789
8681
1262
6604
19919
29889
17092
11796
4422
24015
11148
21755
3958
8263
1901
11258
14411
14126
1188
28896
20671
28562
10404
4662
6648
27901
32601
9876
32431
23186
30786
20371
16110
15797
9974
12360
32734
28015
12191
5393
21295
29014
166
25767
14183
24567
1418
14135
12146
10531
31846
7323
7734
6869
2437
6101
3976
292
9696
9215
26563
28082
22684
20372
31706
25844
3903
10030
19635
13948
7839
8112
1549
20619
4267
32326
15073
13126
323
1841
2475
15597
2785
3686
20533
32688
8368
19508
22366
812
23303
865
24163
8917
26962
5512
26491
14251
13851
2576
22392
6645
16990
810
3835
11711
30896
22356
27559
7224
29315
17241
31720
13012
9923
25371
5413
30240
11802
25385
31753
4132
12632
535
14140
15459
14182
7836
32237
2202
14116
15890
23124
25258
25582
13840
8301
11604
12435
18743
25300
16130
26328
5492
31236
2942
4428
1632
8757
17094
1239
4284
1492
10589
19940
11685
28682
1994
28515
31109
23566
19440
11052
24203
8483
30867
11011
16121
7034
22414
7688
28989
23186
23447
28120
10855
10628
27390
24946
28132
5025
3881
5174
29216
1125
17059
25305
2603
30276
5184
29334
13925
28197
2082
5193
7169
24451
8831
21888
18143
6613
2035
8657
26200
15754
17807
708
14879
7529
13628
24883
12654
24347
20027
12555
12173
3558
25516
755
19845
31700
30300
30591
11635
26830
31303
20919
17151
21491
11712
27774
25799
7696
24128
29140
30359
4277
30612
29925
12056
8723
6197
9589
11037
6515
24107
12960
30774
22933
12625
4298
14107
8897
14386
10147
24281
1285
32158
25228
8480
10233
17857
2202
316
13186
18593
11087
29394
1813
10149
21963
8789
30421
21649
9690
7231
26576
11682
28511
31923
14588
15937
22027
10575
24315
4258
22557
16107
31494
7498
21592
18495
11654
28372
21616
27116
18410
4825
29130
3888
23888
14635
23484
25195
20229
10602
24983
10630
10168
19944
18710
5356
24959
3560
1397
12195
27837
30507
1126
14395
12100
3379
10799
8662
21560
25554
17055
5890
16810
31119
31153
16105
17652
21561
4230
18760
18591
6579
32219
31246
15828
3153
9071
24808
16162
8099
4599
30773
8581
23885
27594
2780
21650
7337
2290
987
27890
18844
18655
14150
1482
8790
24935
18613
13579
26179
722
2167
16558
21334
8188
17013
24316
13720
24283
10161
10811
24432
5479
1632
27112
5376
25597
7512
13653
22468
15713
11440
14914
29620
21
29847
8472
22004
20555
10941
32346
29331
24435
18862
4527
2312
1591
22234
22765
30998
5567
30045
32053
18665
6647
2428
6112
3895
22204
7304
20010
13354
4488
12913
11919
10915
5710
7448
3987
4732
1117
13410
2262
9429
12605
29547
11666
3036
30408
709
21189
12683
16691
15677
2933
16053
27411
26548
19241
25319
21883
30095
5242
3265
20860
20250
25639
24450
5056
6652
31924
13713
26471
7865
15848
21965
28901
12427
15810
1838
15449
9677
29275
9251
32048
16926
18334
18611
12051
26770
22556
25483
3087
5173
3950
2084
10174
19254
10286
28785
5970
10214
9946
4277
20429
20342
1468
13244
2144
10766
5852
12737
21963
4165
26166
14351
28340
7877
1871
24687
5999
15941
8761
12015
20419
17068
6796
24161
15265
32519
27516
25853
31933
32101
692
3281
28065
3231
3403
20202
18043
26227
23140
23067
29666
25365
6107
4756
27326
11413
9219
27807
16763
32676
7128
26021
24634
6923
314
4937
15924
20114
20294
25725
1027
31896
13976
23931
18723
30311
32488
27457
7296
23974
27075
13364
25279
11258
21854
26337
20490
25191
30540
6735
21350
4962
31904
28063
1521
9348
4973
12564
1232
30079
8913
8235
21366
18936
14087
29010
20636
5962
27344
13985
985
3723
20166
4320
7391
19597
25324
17601
1651
30541
19758
31222
7910
17291
5309
3604
3994
29686
19358
1534
24093
3073
13502
12318
327
21331
14825
25816
17865
14501
11834
14502
12478
3464
4930
22164
27681
12167
390
293
19227
29704
31769
30710
450
17293
7272
12950
11897
10419
31401
14277
8567
31832
4948
10060
902
22324
3556
26114
28893
16553
23583
28395
32603
29624
13057
9771
18801
5029
16965
5001
24082
9534
11426
8413
20914
20210
25685
18801
16499
19683
19177
12289
5174
6179
19022
4205
21005
21469
12897
10904
13515
11162
27988
18153
6714
16554
15580
5903
12793
10371
5855
11407
24827
5492
3175
13276
29582
5711
26233
12297
29657
10356
22622
5626
25835
12444
14615
26797
4450
6637
14462
11569
15125
7899
8657
20914
5663
3445
12955
7294
12594
4130
24350
8675
3085
4047
16758
4937
11247
8600
8631
19951
5752
29912
3403
1977
17348
3189
9871
17281
21712
6027
24937
2746
32079
15455
26532
7603
4682
17585
13165
20741
12798
13616
24019
7214
8150
23804
2063
6802
377
32414
25797
2161
26028
1137
24665
16077
22486
10220
17075
32620
9105
17486
27059
17576
20442
22348
32699
25140
27603
22097
23247
1874
21921
28844
7241
22110
10556
14864
16428
13322
8374
5927
26209
17873
21514
16523
31680
31298
7250
17648
15440
32331
5662
7778
24196
6085
32514
26279
6723
85
28028
11468
1456
12515
9474
27586
3779
21355
2143
23473
604
30826
24921
11103
19208
21281
17046
24190
10344
18888
26252
30603
3482
24738
1016
7229
27399
11643
2938
31978
8494
5196
11380
28265
32123
23700
26760
18257
15403
2235
32118
23687
1769
17920
11095
14469
29152
11575
15092
3591
26082
21997
29042
20021
1132
158
13777
9446
18773
1316
509
29162
8526
642
10912
22498
3726
31575
7389
18479
9587
5415
10775
7471
31890
18775
984
15016
23404
24170
10134
7843
31371
15626
7242
22
29520
21701
16395
13986
9727
28984
17088
21347
22592
7672
13587
23023
20515
15552
32574
13548
13445
31606
17720
13313
5544
24906
18182
5527
7900
13138
7091
16473
20773
1891
18752
29351
28599
21139
17002
14658
1952
9119
8663
9030
22526
3707
20179
5634
1483
4629
4252
5830
12225
15766
16448
23572
12590
24243
5937
10018
1019
15425
32140
10956
18400
22304
22827
15230
9601
4633
5494
5157
29233
28563
25399
14546
18152
4429
17107
13773
29529
8157
27460
13922
26540
17049
13215
6965
22017
4922
15702
6774
573
6562
5312
1403
30070
14194
3504
25974
26056
638
12410
25179
21551
5112
9968
25113
21952
29006
20648
28309
26692
3082
18409
27152
22737
6934
19661
15672
816
1507
3376
19752
31492
11095
29426
7550
24597
17875
32292
3642
30174
6414
18847
5450
30653
10981
9458
7149
17465
11787
5348
24295
31024
15053
10895
23735
28790
18614
31330
31305
32756
19670
18233
6672
31828
11798
829
3806
27635
13167
16418
31932
1581
23566
31649
2683
21384
14795
12832
8846
22593
11739
19399
14596
15833
30584
17936
22843
19703
29646
9893
16690
12315
16326
8063
22174
22160
6864
2945
11369
9801
4951
3276
3238
23795
22157
16223
682
22586
5718
9661
9101
8171
32385
20074
12943
31582
29622
30361
1700
15900
3423
13039
29170
3325
24679
31928
29902
24601
6546
8026
26410
14726
18212
13180
32380
11879
19649
10771
8878
3963
770
32592
23551
29519
5102
3742
30169
14427
23830
15482
6572
30693
7878
7288
27608
15055
27477
14866
20236
29229
10391
3673
8982
1443
3876
23758
19774
31289
3761
20357
9504
28750
13172
30559
1018
28231
31868
29309
10234
26604
8197
10326
7664
20797
18727
24973
13729
71
18233
1035
20591
1228
27019
17033
7659
17867
30111
13426
8924
24656
9901
3130
4119
2543
11310
11057
19081
28954
22893
32727
25925
22281
13049
6612
11554
11989
23972
17611
6872
24836
13909
28739
12261
3466
7470
3471
16120
23464
25741
132
28439
28818
26145
5512
20983
30380
27429
7751
11736
26099
27059
11492
29410
3666
13261
17014
6804
29117
12026
21806
17117
16497
26040
6606
8793
5477
3730
20864
24474
3861
18389
5339
27789
16416
18020
30027
8728
18734
32734
21414
31505
14633
7807
13577
22530
14774
24483
31460
21864
7120
32515
19929
25420
24929
29602
10698
13577
23494
11787
29756
25839
23625
984
4450
715
11517
9083
10870
14731
11523
31551
1255
27358
1985
18597
8022
1800
31389
29981
17953
6256
26571
28087
27598
7911
18051
25624
14038
14731
26551
31110
22053
6428
23914
31632
28600
27905
18801
21308
4377
5195
11559
25597
32109
18042
10112
8025
28091
2093
3993
1768
31868
13849
12612
24049
23854
10086
737
10923
30854
23940
6803
23608
2768
30770
18282
28539
8616
19483
5686
1036
7456
17673
5650
32200
14830
7244
30801
26395
11436
32600
2004
18040
21657
8133
10403
29670
4935
27600
1471
18243
28425
26637
16896
5326
19830
7089
12362
26349
1090
6013
6229
31021
24589
19133
2192
12178
11752
23066
17926
30846
15160
2948
7642
28446
28490
21952
23776
9642
18918
22424
16091
15825
2836
18529
230
27017
13213
5166
15768
26350
4984
23085
6878
16581
7444
498
15064
23869
20370
10358
9487
4567
26480
9624
18509
30421
29010
5241
10202
4635
22217
19740
20731
27861
4189
15297
24328
3715
2278
19767
28636
28845
12758
27832
21886
18339
220
15620
23089
3450
23667
3211
11522
7511
26156
6668
2634
14912
9405
12277
19980
8404
25992
9801
16229
11162
14769
19631
20908
32634
31172
13783
29043
28456
15046
26905
8311
11712
27309
30423
30180
3294
26640
19506
30599
19076
14741
29775
31519
12242
23420
8234
22132
6281
24565
25934
21032
12161
9539
24375
5415
13367
1333
3170
5848
21281
28824
20802
6647
17000
6755
19965
21913
22111
24094
31344
2908
27962
3710
6086
6266
2370
17934
10583
5779
14809
27097
11483
10993
17911
31918
21111
18430
5562
24618
1215
26200
26463
6685
18932
17782
24142
2649
17348
1786
31243
22774
5013
30643
17899
6484
8389
31575
3202
4878
25527
11367
8289
14142
21556
12338
7274
16639
4514
23245
29757
32126
16110
19682
22877
26083
7756
17333
11408
30160
26620
29750
8309
1128
29038
26551
20434
17989
1049
12666
5047
9864
9249
28756
2842
24899
9013
8058
1128
4188
29166
5738
26289
29836
30036
8700
26193
12457
14120
14537
5315
11944
1712
16904
14846
1233
24659
