3916
13082
31602
24091
15601
13510
9553
31307
7983
30620
9068
15828
22557
3905
2468
18897
14763
32691
23351
28871
14477
13279
23983
2435
4816
12717
3359
17267
21477
1519
28375
3626
5419
7115
7793
28790
32587
10085
24023
6231
14898
20048
19480
18328
4942
29583
30865
17611
16668
31122
5171
19630
27724
32519
8091
294
5323
367
11397
32310
17396
18819
9156
9976
2040
29335
20890
29743
5063
32332
5790
27212
13060
31292
8263
1689
14514
26896
22865
32297
15590
3892
15470
28806
5480
21990
705
31840
9512
2816
21282
4480
13697
8358
31139
7898
5769
16044
3035
11156
23550
29345
25563
18516
29905
22732
11821
12371
11681
25535
8048
19079
1296
3991
14229
29263
7237
554
5481
1835
20317
24748
29045
28354
7745
17499
611
16819
25794
20231
11885
6888
24345
29470
18264
3276
13056
4062
15367
10328
22573
9446
14741
23286
28978
16300
12436
16455
5293
19530
194
16497
272
25910
12412
29531
28208
4927
26999
19734
15832
11756
31075
1555
10465
28890
23863
19792
8913
13841
8320
9180
24870
25906
27731
15763
26357
20968
7659
19830
28814
31022
479
12760
25802
1439
7086
6950
13143
18378
24831
27106
12642
16051
22816
29832
29882
16740
26337
29593
8680
2447
9140
7689
28273
11355
16059
23864
15216
861
16370
32097
24342
28680
3786
5206
3290
18879
2950
15044
26322
30733
396
29980
8729
20363
28483
26375
3001
6700
11233
2943
10529
5165
26349
20680
1382
15247
5875
24129
4377
3808
17188
4587
7366
20867
23286
17870
8334
21173
308
29655
11020
3865
5882
28213
8254
23514
29921
18003
1278
25834
18771
18483
4257
19610
17444
30982
27992
32590
17286
3041
25629
8483
27636
18888
17760
4791
3528
19559
7574
21795
30366
19220
8641
251
12011
5854
29694
513
15103
16074
8123
25879
24030
851
11401
19111
8099
4229
4119
32358
8528
22498
16658
4021
27621
31978
1671
3987
29597
17760
13217
7636
16664
15682
13853
2107
7827
20216
6655
3856
29639
11
16140
25182
9424
27559
9395
32695
5171
21925
8807
23072
21304
25571
13031
18651
31911
21640
13945
9492
9786
20569
28559
24711
1310
22889
22965
15967
28776
5449
10492
13593
26715
13814
32703
3665
1748
642
23119
12428
6193
8041
26668
5749
11626
27139
16132
27481
14717
1445
16579
28228
20678
7225
18601
28314
24392
23361
20356
5232
21602
20514
11360
20243
19470
1767
8670
17790
22775
22792
12772
10626
28472
23768
17002
21706
17231
20334
17191
32581
26483
16897
30463
2172
3037
9711
12987
20411
15438
21183
28082
29927
16919
17659
203
26521
17126
2646
3418
18766
20621
10791
30225
29972
14456
514
27937
25837
12698
19614
8019
7371
27083
27165
29306
8560
28518
15364
12745
27652
5207
26570
32444
15284
21043
16175
8460
30108
23591
28490
21889
25613
6765
29706
32110
2822
23096
26368
14887
25822
24566
22531
20134
6990
7357
27045
30422
25439
1910
14990
16067
14932
31549
21111
25686
2919
12185
23686
30403
22156
1076
13724
18929
28719
4366
12330
29515
11421
4416
12292
11707
15058
14531
3375
30180
4813
32192
9883
26119
5467
21128
1467
21033
3
14662
8256
28982
22423
31408
26088
29615
19207
11442
9982
27876
27379
17612
7012
28234
22540
27921
14505
28791
11411
10003
30841
23281
23117
20120
4655
7667
9275
17799
16971
18822
8587
11033
16017
8112
18298
9624
1054
3288
308
32616
4087
32543
27237
19175
7184
6013
2493
29488
3720
22538
7145
31157
8322
12473
18212
18681
13206
12239
243
9806
25281
18426
23368
18215
32570
21408
6309
31538
31621
30074
326
23368
32121
28870
3390
27126
18545
7966
12475
29585
20570
12467
4833
12050
19969
18185
16875
1050
16582
30854
3937
2634
1689
23829
1203
22442
29759
18302
3522
7965
19915
1584
30036
23708
20963
29474
22556
8518
30186
1234
9175
4482
23969
13656
25914
13445
31910
26333
4862
24922
16844
26208
14107
24932
7694
12279
29836
20398
416
20684
15654
27112
24356
27620
23427
2278
31352
11794
496
29115
9115
17959
9037
6134
25974
11862
1803
32550
12755
4779
31946
27370
16787
20149
9130
26945
2705
25450
25293
9200
5751
26146
3775
1862
9523
13804
2147
15916
9747
28447
18188
19828
27561
8946
7524
29469
31661
20660
7483
30108
31298
16698
30474
11421
288
5921
17399
28906
6990
5201
10397
4561
7100
11996
3108
11271
22284
11084
10272
23390
17243
5303
5255
17174
24022
14937
13753
8574
31695
31766
25987
16110
21121
9173
30120
10623
7042
1001
23330
29361
30427
13705
26965
25645
12799
24514
18776
18318
10231
27228
29801
30970
10663
9303
16324
4910
27269
12843
27163
24089
30890
10421
14750
392
22099
25126
14289
8609
21086
27854
4496
399
12504
13137
22318
953
10920
14958
14765
22307
17755
1814
6882
7742
6344
23366
8332
715
12141
30179
17162
1019
19196
31293
16780
14839
17794
15309
651
23985
22320
31994
30878
15259
24019
29743
17416
20370
32549
26327
967
7184
30410
12878
2863
7233
1930
25052
32130
4495
20322
31829
29219
29277
251
12667
9297
22188
2892
8951
17709
18999
26876
14508
13934
14448
19483
14400
178
11484
29638
3278
8219
20456
20557
17588
30698
26216
29028
31758
14950
12821
27464
29732
5193
32702
12709
14073
17983
5727
21618
9884
27333
1138
8051
11745
18969
9556
23551
5729
5271
12963
10561
28290
13061
11287
7724
24243
9815
23157
20651
1731
2421
23286
16286
15270
12084
18625
31972
16793
19528
26959
22516
21441
8705
23683
7124
17305
17394
10801
11873
9978
9895
17927
32622
8877
13208
997
17136
13764
25888
22739
28712
32498
10283
13052
16328
31237
30425
10755
5778
28674
9860
12819
19631
22402
12000
29335
1261
6368
18499
30739
98
26208
10827
8214
11705
19545
7384
13947
17908
17830
1971
3333
30486
18358
25070
19615
14852
13881
5425
26770
15207
1146
11699
28483
32160
1185
30263
5873
8487
28326
8791
2309
29164
26874
25048
5292
18162
28711
30010
23811
32419
18906
14646
25067
31962
23602
15446
2401
9800
24491
22701
15824
915
8065
24183
6634
9303
24328
1082
29492
12065
25110
31628
2667
6859
18411
13736
12228
23718
30965
11389
2698
11438
4985
10009
30863
16821
4012
10569
27944
21832
27966
30309
30689
9562
24246
31151
14463
30405
24219
30859
11826
10497
21197
23588
25710
12291
5962
27489
21076
12263
20112
4570
13177
14937
5883
30374
21275
3667
24644
14444
9453
11733
4938
12683
20880
14799
8664
9530
8287
27237
26929
9671
27287
60
31730
28896
15872
12361
11928
29339
26988
13019
28633
27827
6516
22937
22903
16144
8762
19482
13039
30215
6050
29965
31608
1965
24508
4905
6016
22685
26227
14836
29422
7489
17975
8396
25498
22039
17593
619
2943
1510
1572
25445
104
3067
7386
31515
31053
22129
2134
28987
10491
23166
30148
26044
99
9119
12063
31992
28989
12722
12844
29089
10822
7441
30735
29942
11266
3344
21724
8815
15859
27070
24059
8193
20373
19516
11850
14044
27802
24793
5515
1185
4572
18821
6790
11172
13729
30940
28403
10550
10750
28552
4962
30739
12736
23677
27973
11748
7350
30988
829
8623
9447
12813
26149
15954
23514
22147
23086
32112
7203
21716
23073
15099
5972
13774
9031
32149
9322
9669
22544
15120
23474
26611
2449
4629
15124
31539
3370
25510
26963
28221
27598
2427
1863
25271
32188
245
3380
23392
26366
10941
13331
2208
5065
31509
9347
16904
5205
25650
31207
29737
7298
9064
12673
9910
11408
23341
1612
18284
8373
14267
17162
3211
30159
25486
13964
7182
18048
29462
26754
17858
30532
25497
25292
31070
5247
25380
30250
14710
725
5337
5021
13648
11202
4392
15257
7845
31163
8103
5114
30521
24936
4215
6
6686
22746
10402
15277
12329
22848
10601
21685
30386
995
13828
29075
26654
16298
32562
19416
19255
17
26642
32229
30417
27672
11425
7147
21328
24651
21387
11648
3478
28830
21963
3444
29794
3424
19730
29055
8759
7845
10481
23899
341
29934
31929
19297
25677
29691
7356
10573
26164
24433
7523
8255
15064
9701
12965
26047
32405
12173
26591
26774
30676
10858
14183
7895
5248
32506
24314
21155
20498
17579
15385
22593
9000
30370
3138
20871
2917
12633
22456
28738
28634
24611
17441
28439
934
1920
8887
24966
26320
2101
9669
7738
637
27060
29817
22897
32152
20113
2798
10990
24441
10009
1302
20392
23020
2304
4580
13559
16273
28678
13396
18487
3313
3988
17111
21237
15678
27930
7391
514
11420
15562
16157
7755
2324
30338
13068
5413
21117
11569
14708
9556
2294
21221
19449
30389
32500
5219
209
10991
13104
2143
5290
3722
32741
24824
8183
2946
8998
10239
8353
23360
22693
23201
20416
22545
24963
6852
13868
15736
16567
8924
22347
15479
17712
1568
18051
15815
15381
25377
14852
3736
6903
5092
19577
24638
15147
15682
9778
3808
16531
27268
10273
8917
9676
30394
25573
3806
27709
21557
4509
2762
30118
26580
25385
12727
18518
963
10231
22185
7989
28270
15838
15294
2481
12391
29608
6322
4573
1695
10239
3458
16339
245
24364
16163
25932
15614
20066
767
72
28363
20023
13799
11814
9279
15655
13262
21662
21972
25188
9938
28076
12830
21243
7887
1728
16544
18986
9039
9441
24473
10339
20613
23015
24514
6926
24345
28431
26403
1047
20122
6850
6654
8173
3143
24963
30081
28070
8526
4368
12746
19314
11138
9192
31206
25214
26973
2651
12894
24112
19982
4331
14086
24320
2992
28075
5184
26210
2708
1141
10623
24660
1394
24901
18513
20778
19466
12538
15241
2184
28927
22885
7991
9473
10764
18677
4835
3917
23867
6276
18781
29015
12624
16476
4409
17690
1027
16907
11445
14691
14761
10820
21997
22539
10619
925
3487
14912
31579
10226
110
17069
5590
8438
5314
29642
25319
8497
17693
7713
8185
7959
23697
25344
12950
107
28284
2068
4481
9367
11119
32271
15797
11241
3369
17504
14888
19432
16456
30066
7038
23689
26354
16491
30133
4549
29661
4981
25009
13126
23595
28511
6367
7052
16576
23718
16441
1299
32575
21431
21544
21520
3189
17673
2233
5659
756
13948
24995
19773
17826
25015
3754
14889
28057
4354
23430
7933
18026
13871
23140
30747
13248
22405
23904
19015
1485
16880
20146
27600
26697
965
8063
7703
27256
2882
31113
10925
7268
3603
4994
25968
21395
22608
12220
1484
11940
25490
23580
14941
9518
24351
15115
30247
7434
31661
31372
14500
31362
24715
1415
25121
9066
24702
6375
22650
15784
3109
30257
26597
2765
21166
9787
26767
12059
25442
31206
23047
22457
27245
7365
11341
21364
16447
30550
28444
12501
25672
5272
24507
17583
30182
14960
22411
14223
17613
5381
24728
22179
17259
23672
17052
32138
15509
10091
10013
10476
25566
27984
32632
3823
7322
8329
21321
16106
14894
7409
12708
3525
9080
18921
31084
8341
27686
5013
1000
7615
13131
3985
4566
16160
4955
27778
31662
7839
12757
13096
32120
3624
7784
12033
31408
12761
20263
5635
21070
6866
28245
11650
8998
23479
4681
10183
8019
27991
19871
29296
16890
7408
12752
12757
4890
25648
21511
2315
25590
8882
10840
6148
3892
6672
8045
5659
21978
23712
25989
8291
2039
31010
10893
19742
16835
32460
22433
12388
26864
17379
29885
18506
22212
21694
23922
13121
8130
18036
30335
10444
17887
30668
3279
904
17082
26208
17680
20108
13129
2753
30134
1893
18537
25410
24893
19659
23455
2426
8311
1662
8919
27547
7730
32336
20414
22371
23217
27264
31925
28863
27054
9255
5392
32449
23588
29022
8159
10846
20930
19854
843
23061
20744
19154
29600
26018
27064
5779
30201
29849
16242
27773
13154
15322
18316
2878
32559
32557
1736
521
31446
29330
26484
2041
19841
19299
24636
30651
2339
24682
14413
2202
20921
16557
23700
6753
1115
9352
28125
31939
29315
18282
32685
31671
7312
12028
30819
20412
19131
5460
3757
8249
7524
26799
32388
11791
11372
20303
31692
21128
9736
31995
26787
24694
14359
15283
3512
7815
31291
8385
6465
16069
21678
23052
12612
26716
23525
16915
15672
25108
22539
25281
24465
14917
1912
17708
6706
23423
10314
1033
29954
25350
32250
7453
31374
22707
8811
13185
15264
11485
9616
21666
11687
13115
21479
11756
27290
2464
18510
6448
9857
19944
24624
8554
19222
17250
23521
16141
32526
14183
24311
13077
27562
30120
7478
15572
18794
23379
3887
19427
12029
1312
17858
16425
26693
22249
7728
22871
14847
29306
6104
8590
24673
24574
27265
13531
7518
21384
29199
1659
812
12906
13661
31976
29669
27001
18304
6786
15981
19287
32556
8123
15037
30563
26751
13118
17352
17
13273
32482
11226
15996
26315
31094
23768
30064
5025
10949
6863
26058
15674
4545
6146
11240
27364
9055
508
23437
7647
835
10736
13465
15508
23403
8751
24126
24881
26509
21109
7660
29048
17228
9271
990
29135
19800
26853
31896
16412
28833
23342
1366
25168
18288
12936
14571
23944
16071
27115
19756
8501
17115
21115
1735
10536
29703
19926
28240
11367
7270
16402
6787
17912
28051
11292
18066
9265
16531
30449
21716
20463
27494
14981
28796
11605
31140
13288
16527
14941
969
1518
10772
13660
30088
30217
32496
31224
29926
23897
21757
16980
10939
22669
32137
14511
23021
2945
27557
5069
2694
31142
25445
12326
20094
29488
31478
18718
31212
19422
20216
18263
13376
16131
21716
8306
5001
8971
703
1196
23956
879
21013
14461
18888
679
12787
22228
11986
5367
4117
8812
16100
18782
32083
14239
1250
13096
25122
7857
18164
12838
6681
14012
23410
28484
29586
13220
1230
17949
592
12253
9447
24741
4383
12457
28405
8610
22829
23622
23372
15118
9795
1441
3774
15055
23692
27842
14530
7902
30299
24593
28832
20927
22301
22577
828
6556
31882
14873
26480
13458
30391
2327
4558
8890
22771
12341
22249
15639
29266
24770
28600
21858
17425
16024
2303
31588
31816
5782
14748
6232
2708
15931
17348
23613
25571
22641
18855
859
27609
31746
4031
1093
11888
10967
22950
14943
1956
26124
29004
18444
10168
29592
3802
31395
24400
27539
31938
20338
2089
22085
3571
24036
5374
32433
13869
8515
26168
4543
3065
11388
27927
15442
12871
21571
14038
11740
31452
22138
24506
18787
20986
4139
8116
25101
13463
15816
10313
25485
1284
14239
8755
30657
21450
11852
29782
14750
17827
10330
20022
23401
31736
23137
15145
1857
26208
22700
12156
5430
26869
17418
17706
2077
12126
30363
19299
30400
21870
5773
11124
28448
5373
21576
12792
25972
11808
12186
24316
15716
6573
14902
32010
22172
25103
25362
22
13458
20129
23663
16837
17038
7274
16412
28814
12844
7821
13700
5850
3787
27036
19655
8241
32122
15177
31225
15835
27136
21135
791
28299
20904
27439
23883
13504
7968
10854
751
5837
16376
9708
26044
10464
12225
2024
9160
8381
2053
3135
20099
29377
14416
30118
1161
22269
32726
25842
27018
24787
1546
17533
1328
23727
11929
4640
31146
4766
27314
5052
1703
16302
24877
8206
26244
5071
31994
10733
29839
10314
99
10418
29168
12267
6565
15075
853
29549
22670
12762
32099
7543
6289
5939
21369
30391
29613
24507
31294
8489
11722
27191
27876
8601
26215
24434
30558
22827
8876
4489
18830
4513
402
5796
12921
30925
30141
4028
23723
15817
1065
25954
11696
289
19778
18597
12438
18933
7293
26454
29405
28742
10172
27406
2090
8250
1329
8246
21428
5078
15510
16355
25137
11273
21845
7040
9543
21939
20363
19978
22640
18944
7711
26812
27095
31981
27822
14122
25117
31095
3319
3623
459
24841
24275
14921
7257
29630
28644
26805
28967
1133
3588
5096
31610
9508
15591
29984
26306
8809
23860
6415
23633
30550
30268
6591
15791
26017
20328
8199
7881
19134
14593
4728
26874
13058
11636
21391
27214
20626
16021
26884
1507
14570
21593
26617
15840
25195
16032
23344
8234
24900
15527
29836
32460
8633
19573
15150
16603
26547
4517
30957
30898
4858
20003
7008
27410
3261
16438
3486
14774
25885
14455
240
27737
12971
14238
6472
21348
23323
581
25496
26216
10964
10730
5320
5530
5892
20649
32548
26213
6635
26246
3551
8069
17696
30725
8567
8790
8255
28931
14273
5647
1664
19969
28713
26177
31688
32143
28058
1261
27413
7248
11966
8409
30911
10737
809
21231
19891
18556
4682
28685
15565
21258
11565
14065
31029
4463
6909
25355
19488
20583
20582
10774
16201
17672
17790
24123
19775
17747
29284
17991
22935
9384
3129
31479
25564
20009
661
1029
19162
16257
27673
12968
12504
16650
26576
20428
3042
17336
22524
7078
13228
6294
4621
27273
29338
32015
3208
27486
29830
27223
7253
12565
21372
9310
6853
28593
15360
2712
6054
21005
17249
14493
9769
6039
11729
18053
17574
29229
6393
6509
10978
15803
28867
22028
9767
6476
32192
14660
15586
6294
15916
105
25265
28654
11831
28359
26661
18649
17781
25142
25394
21668
16917
10817
3013
16960
8271
31595
12992
15812
8065
27858
26474
15748
9043
10447
31011
17668
14264
21803
23382
21684
1078
28939
22913
4733
14328
24884
10296
18966
1256
3617
1780
5984
13222
30442
1181
24693
16494
29416
8666
29602
86
12795
10492
16050
20081
31195
14749
20811
6965
15253
5197
23184
2465
28995
1739
20127
3537
4637
9396
1557
25068
5465
19247
14442
20564
9440
12769
4167
13590
24481
25349
21381
23935
10519
25813
30885
19252
32717
9184
8324
2446
16436
29300
2950
18667
31019
4478
22514
12895
30588
16204
3666
26846
7557
19013
25325
15297
17584
17352
16721
3132
16042
2510
19230
28217
17737
16623
2687
5194
19045
30408
11328
14257
26214
12429
22922
23157
19712
23576
18245
29224
3676
5926
4641
15792
23208
24596
20208
4327
3443
24706
19369
13434
26700
25583
3422
14972
18862
14694
15780
23120
30853
21656
15803
28452
30175
3082
4356
9815
28702
18060
9366
17807
23105
13524
4578
18477
25383
25613
12659
20250
19053
16268
23484
17303
12380
25925
9146
51
3800
11448
32766
23617
19206
21133
2832
32493
23926
1429
28728
25146
26891
8165
13386
22183
31868
27985
23222
22795
32410
1536
11761
27677
10297
4361
18853
22855
30289
7698
16613
5544
20342
4553
30319
16808
18205
26423
25508
18559
26888
5496
19913
16025
22111
32132
14423
4708
10468
28
8689
25436
31814
10216
9483
25977
7798
8021
16579
27758
1988
2225
22967
22632
484
7311
14871
20788
8985
29136
13962
16587
20692
30308
9843
20453
16725
3190
5691
31731
30202
26402
32527
24654
5500
22935
32705
6191
27854
32397
18311
23218
13726
17442
21611
23026
6816
1776
24728
24896
11064
15289
23623
20365
8841
4091
3394
21405
32013
29360
27763
17267
29425
32616
31123
4729
5454
13189
780
17507
9103
31289
6923
1148
14024
3654
10310
25371
12202
22549
4992
30497
13083
8888
1800
5287
27422
23908
15860
1889
5722
6128
6368
14000
5478
30452
8149
31310
22289
6970
14287
29643
9713
13834
2124
5879
6887
23119
566
15236
23725
10524
12675
25194
7359
19956
5332
7368
21083
12336
10806
6297
16979
21649
4167
20480
27700
1839
4966
26885
8098
5437
16398
26016
15354
21504
31407
21769
18863
9645
26602
30148
22494
19368
20856
26772
20157
4689
3779
2608
21752
15250
12624
10702
11120
2066
15082
23555
7444
1863
3797
30788
21335
13114
23804
9025
5894
20803
25025
25205
18584
8874
26363
13885
26800
2772
19362
8206
25212
20500
20790
10640
5585
26289
27435
15380
3815
20544
23788
5370
28925
16208
24881
25354
13598
19862
16458
22980
47
17695
20320
4094
29089
2298
20885
10741
24463
10240
21633
2450
27204
32646
20321
23688
11744
28124
13724
18824
20239
19997
16884
13811
12617
12728
25556
32141
28971
5342
1617
21377
13373
6401
18383
15546
475
17787
16126
10820
20020
25461
17307
32001
15296
28327
9397
7255
4160
28025
23832
20674
19206
1967
26690
17615
22764
12990
22141
16327
25611
27371
16152
14376
13624
8230
3730
17641
7192
12137
2667
18899
21119
8945
5738
29586
8359
17859
7718
17056
11847
12792
28461
5019
7174
19042
31362
21585
24241
7501
23618
23260
16423
20797
18482
22044
20642
17094
17003
28328
1123
8092
28731
5371
29186
32489
32368
5539
26360
19913
7505
31537
13591
28638
1679
12467
17493
677
10067
29609
23327
11742
21079
11049
1786
13192
4164
30185
28392
8899
16884
30471
26765
25766
19799
7990
26950
462
15623
2895
27352
6452
29019
2183
20707
13449
22978
15486
26672
7005
17388
20430
28371
19422
11976
3019
23803
16941
19647
32409
12645
2286
18961
9246
22777
15403
28157
23393
7458
26585
21964
27814
18713
29152
32696
968
28854
20472
21876
8936
21373
27166
29798
1059
25554
13721
28624
26385
25477
11186
17080
4409
32627
5981
31763
8046
31185
8893
2986
32010
21312
18514
19818
621
28348
19989
1486
843
7913
23683
7850
30629
4644
18937
1469
22137
2085
15774
32404
32681
12750
16279
27310
25483
14385
21522
24867
10980
2775
16465
2671
25447
29697
24214
14116
14020
17458
1181
12652
3155
21015
12455
32554
1954
20781
13505
28866
29885
7182
8894
5453
15059
4577
28853
23638
7191
30058
2829
2168
19315
28502
13733
20484
11735
3179
25995
32080
31878
14595
839
2909
22341
29060
560
29146
24972
31790
9218
251
6510
7572
28758
32103
13903
31823
22430
16913
5404
13440
18154
22090
235
24904
28801
28350
30534
18248
29661
26145
32626
4378
17102
12237
7303
29223
17431
31995
19776
12490
4000
22801
29719
6789
25697
16352
10577
31435
17100
1179
8375
12678
22454
1476
21094
16277
28609
16330
32208
3805
12492
3389
25813
26027
31937
16159
26860
22268
4019
20611
6701
20928
3821
11514
16088
32045
594
24558
16369
16381
22459
5945
28615
13045
504
11114
28557
17150
3484
11021
3869
15339
15673
18936
23253
3340
14191
9122
11505
5932
7353
12125
24365
23136
21467
3427
2264
17808
8929
21893
31956
28806
30094
2860
11694
12352
30199
11463
2564
4718
15936
14440
15745
4737
28074
22528
2988
22709
19670
13859
22178
29189
2135
19976
3137
14964
20647
23355
13320
7124
16088
14234
7439
13168
19078
14906
3016
32636
20628
17999
15678
3929
22272
5330
22660
4085
2056
11983
20440
21590
24170
30539
23173
20811
29699
30039
25793
22561
1695
15049
9436
32751
1326
21228
2000
20578
18459
23597
32302
29805
29682
13104
4477
27500
27756
23391
31819
11719
27710
15116
18656
27394
9703
10537
20395
12893
9280
10895
10488
23516
24090
26866
20875
31948
6793
5632
19905
20863
54
22508
16959
3708
28861
21287
30616
28779
24448
14761
12320
30948
30
23080
4446
19690
10822
22937
27014
29018
25108
11137
3883
21921
10710
22191
30477
32489
16715
19312
1778
12436
3368
27985
27201
31138
26263
721
2754
20187
2078
14186
4314
12044
172
22864
4361
11264
3058
20677
832
8451
16298
21826
16401
3044
1796
20742
29868
30795
903
7953
22522
3606
2130
4024
28274
4668
25449
22536
5342
1153
28915
30932
2071
800
30525
11770
14877
20654
2668
32544
32663
4393
22494
14194
17983
9073
19905
25272
26300
16544
19345
7373
7652
5413
19155
29045
30085
23364
9219
11375
13517
14146
320
25736
19062
20516
10228
31196
2886
15292
7120
43
684
20564
14947
27735
28429
24448
23162
29284
1189
11741
669
22024
9565
2461
29123
10097
12480
9800
21809
25541
14287
29538
25953
25227
23330
16212
2668
11741
676
11862
29137
23285
8410
13529
1021
5691
5717
8657
25573
16804
25416
5976
22311
20990
6678
19252
28851
17814
14785
27696
27255
221
2677
29831
25957
11975
7036
19033
8877
32071
12086
11386
30011
24266
14419
6092
30864
4414
30020
30538
15485
16902
12809
31686
18785
12915
27934
7749
18557
17837
18344
2351
24597
28637
2134
4167
16977
14258
2075
20714
28923
2001
26917
22812
9106
15763
11285
10068
14252
14972
16842
30535
19504
20045
24286
17397
16258
12300
30344
29677
14088
16815
8939
32204
2053
31867
3590
16916
32560
21753
6862
20585
19766
24541
2941
11200
5091
7849
15317
30013
16711
22941
6471
17874
11515
5365
17209
3121
27574
10776
18893
25708
27710
32361
31757
25396
32469
1962
19530
21732
29820
18316
16757
15764
9685
1529
17570
20481
14411
29326
8812
4124
15762
20156
30106
32523
13095
1573
26579
28175
5298
20268
15519
14016
6678
31847
20703
15138
8373
4556
18581
12243
21447
25167
8512
21216
29362
30604
12101
8994
3667
22838
19073
3517
275
17508
91
531
18681
29883
3115
26476
15926
1793
25218
20654
18080
10444
23976
20224
7634
20356
13409
9046
4623
14688
13494
25128
16895
27921
31230
16985
11252
18550
292
27727
29315
7777
27545
11082
28653
11270
22447
10064
24502
13684
26637
21143
22491
17778
17804
30162
14360
14223
3170
14900
2624
4149
8019
10731
10757
8368
21497
32273
27672
30939
24057
13060
23309
14020
11183
19967
8266
2812
4161
1006
4570
18704
18183
27432
28277
7703
19191
1974
5684
24606
28018
21506
12419
31586
25049
652
16368
1997
17440
12613
2393
28429
7351
26210
15353
13505
23678
14262
28214
1763
28675
31066
13766
1467
7184
23374
8420
10151
5535
1736
25522
28520
28953
23958
18113
8537
18656
9377
467
13017
17973
16935
15291
2387
29590
20865
26263
12331
12877
29888
24397
6089
4633
4192
7229
5896
26870
21382
3254
16439
2001
1677
2094
25885
30519
12711
11200
9654
4429
27318
5423
22576
22277
19744
31534
32729
12620
18851
10293
29463
32741
18257
26725
22947
25297
25278
6397
31888
10720
15392
32274
26300
31019
12156
1748
8506
13842
31530
18821
30231
20283
14768
16478
1646
8585
18450
24688
6866
4132
25399
1665
18522
28274
4452
17245
22149
16014
29835
22967
29947
9623
974
10409
4767
27549
31385
15309
20743
16415
20943
1981
1859
6965
4536
2647
5670
17354
13115
15464
8945
2
12174
23861
27675
30091
24211
13108
27874
19317
14711
31060
32450
14546
3491
3663
29788
7098
19209
17160
30788
18181
21636
28452
25603
19093
1532
14295
22065
9616
20220
30980
19481
20586
19783
24104
25
24103
29111
5127
7611
21727
23576
19904
19661
31443
11076
12265
12905
955
27063
3532
23041
9678
17066
19398
6924
12296
20301
32700
22242
5502
30951
15670
29988
7819
3496
13252
7441
7150
25081
31692
16587
9744
2199
15061
4357
17469
14360
9908
29302
7646
12313
28283
21235
32634
25316
6125
11299
29047
12747
24265
9085
20884
12639
22486
30152
28613
707
24022
18300
32592
17475
15201
12904
30324
15604
17453
12463
14849
23381
10103
31987
9498
13748
10233
32286
8971
21898
24689
22614
2946
15580
3166
17184
14575
25607
27012
14303
8298
21832
1873
14569
28466
3552
11869
8603
26208
29431
7429
12247
30896
24351
25578
13728
22914
7361
32544
30649
16724
8417
30795
14604
13232
3361
31446
4764
14181
12083
29653
2191
27162
16828
8742
23883
9091
23613
9068
13202
26678
11363
8996
18104
18921
25045
2688
8969
30455
21002
16696
24706
12745
3111
17897
27427
26240
27085
25159
29518
27532
9871
12394
17028
19129
5035
25558
23309
10619
22758
6571
18263
3447
6336
1433
30796
818
22056
10035
26905
14495
23641
23453
22361
11518
29607
1835
4019
18063
24241
4931
20452
17565
17316
1096
1429
19857
10836
12655
31475
12692
29574
25730
16487
18749
14737
6533
8053
1905
3570
659
20696
3533
28695
19954
32738
31732
21246
20993
11556
4371
30864
25763
28534
12261
17304
7709
13112
4256
1614
9767
12196
10869
27217
8331
29564
26279
6261
21918
32043
7333
26002
7183
16095
6948
10642
9555
23898
10658
9247
502
15871
31892
9294
30783
3303
4455
22799
25730
26377
28148
32017
17331
19234
18025
11583
738
19861
10286
8644
31856
4790
14008
24578
10419
23353
1935
21030
27578
14423
24675
7492
4972
1289
18484
8250
30593
26543
10610
20310
28428
21416
17049
20913
18596
7705
21780
8606
9094
28693
5142
3401
5225
11176
19714
4911
23605
29244
4001
5556
21689
25856
11110
32538
17215
9073
396
26232
17971
11388
10584
11015
1012
7875
25968
6276
6579
28617
12663
30124
24104
3134
8990
22747
17536
18901
21572
26902
20913
4693
3650
5781
14397
7150
15542
28965
12106
25407
22931
22580
13551
8760
21420
9409
7402
15740
26183
28871
27834
16349
29686
16261
4885
26358
2629
3314
13047
8980
29611
24030
2735
29883
6862
17938
14921
6473
8722
3133
16013
31118
10573
25530
21733
20466
2558
16251
26831
13617
25183
11973
3109
6880
15066
29510
17735
26643
31581
18833
23070
16093
20570
6514
28639
16295
10371
1961
676
10713
10086
27550
12283
8411
5360
23106
7516
23871
27547
17315
14992
26997
12485
21369
11297
551
20444
25995
22119
2298
8764
32208
21124
29913
29033
16068
14047
6663
23765
31671
17162
22687
12374
27123
18665
26089
29040
950
10735
30735
12318
18073
4865
306
51
14939
15643
29778
9938
22427
18541
9991
23420
9518
10771
22283
29663
3263
18301
18705
15281
2420
18820
15819
9517
16321
18293
862
12247
32056
22478
29329
5650
21996
23911
1031
31129
6425
25678
3739
9351
19193
2918
6429
4444
2539
25467
22591
8794
28078
22464
6707
26976
2113
2037
31115
9835
11160
12889
7930
4129
15273
16697
23216
19265
16324
6487
7379
9914
7124
21202
14215
16564
8152
9220
24568
29473
24141
14784
8816
27218
4700
5893
6197
15586
13033
214
8324
22406
26217
32311
20632
24772
547
24464
3927
11956
3937
13937
17723
11362
24494
5940
18521
9404
21290
32118
6925
5983
28480
14073
12860
6877
11983
8457
4406
27138
19709
31374
4809
9593
3680
22366
7728
15654
14357
22846
15147
16448
2615
13893
32400
21481
19401
27152
31481
11341
1931
9319
27912
3159
7523
31858
6311
13859
90
31789
23798
4815
16370
22867
262
30084
19668
26709
21664
14920
11236
12362
8146
4594
31195
3441
20500
2892
9397
7427
2298
2862
13288
10763
26093
27156
29851
30424
30873
30912
15894
32531
8844
8020
4636
11074
68
25420
22471
15758
6880
13538
18723
30359
11762
16118
7888
13453
6686
30932
27031
2821
6559
25770
32306
7971
6216
24449
3701
16851
24107
1280
12475
15417
16945
32522
2888
3230
2040
26877
19211
6110
22161
8825
10302
8258
13604
30140
13991
31173
9202
24447
18433
9647
28044
28700
5141
1116
5311
24143
29716
30395
8720
26622
30692
24313
1517
1099
8166
25918
31620
3068
7375
23260
26705
15521
9450
7812
11837
2204
12109
6874
16546
4801
12166
22261
29263
29010
8209
4566
12728
26267
11774
4826
27114
31929
27165
2266
18209
3573
1280
25767
23558
4022
16513
22336
12606
16912
4422
563
26995
15805
12407
8406
11218
20388
29567
27514
12802
15911
8708
30203
7158
28278
19370
14450
3454
3570
15159
21736
6961
19662
32766
24011
18604
5961
6776
8341
32469
12945
31379
772
24499
22734
14385
10084
3395
25061
8881
16304
27056
22858
31350
28545
32482
32222
13426
10361
27781
290
2331
22998
16251
20108
30950
19500
24258
12290
14368
19793
24791
19385
22149
24085
18467
29664
25900
11045
6916
5303
7737
982
7062
17279
18009
19189
19027
16615
10263
21721
6598
7867
2814
6594
4294
22560
16330
10160
26844
6585
22565
16426
30385
30433
14839
5708
30364
28719
9729
27920
20917
17291
3553
19349
28908
20691
24549
23994
30313
11714
12746
13868
23284
4374
30370
13045
10397
22383
21093
30828
26445
27047
23350
27205
14752
28798
9230
17692
5675
25565
14413
32153
21065
12222
30012
26435
19982
20026
6131
22588
26290
13935
27913
15581
15695
31176
6366
395
26621
8687
20984
30144
9969
12750
31315
10984
11511
13494
12601
26412
26252
27293
12784
15941
32264
19376
2193
17098
7383
9387
27778
21327
7433
22182
8546
1064
4146
4059
7475
8109
21373
32325
12867
10637
23198
15334
12736
10257
28761
13954
18066
16374
4916
31568
7414
8089
32595
9582
4768
32390
1493
3205
8402
26587
23606
5177
10188
32672
24574
23865
15580
6278
12289
19329
3892
8814
18295
26082
13950
14660
7517
32061
20798
177
25851
5633
4330
5910
14515
6746
18270
5177
8159
19509
24004
3328
32238
8922
19323
15922
19160
281
12531
23433
30359
24916
25169
4018
27474
14178
10159
26910
28203
10696
61
3940
10998
26382
3101
13032
23345
6658
22650
23187
13335
13998
7536
9513
28657
30740
12243
17663
7193
7897
2967
14265
30616
13813
29947
9476
5057
35
32618
15489
21119
12399
800
14070
31573
24476
16469
9986
23964
16966
12746
22176
5168
13142
19987
30922
29677
18783
17979
25343
31407
27414
21688
23704
29802
22144
17044
11628
15314
12046
32220
2253
28439
25011
9231
11469
27395
27024
30213
1240
17347
29641
7024
19775
10299
4158
25943
20206
17805
998
20575
30606
12031
8142
401
3284
10452
23652
3943
5527
9234
19176
14089
32702
21210
8837
22524
5576
1103
16385
2934
14395
3944
32278
32175
14633
15829
4024
1839
29540
8255
24738
24277
16967
16090
29995
19254
15155
31674
23311
22476
3192
20049
5133
11044
22574
9647
31886
2625
9251
18649
8507
19922
18070
5382
22059
862
2352
31069
5928
10834
22584
8898
8372
10229
8134
10018
25420
5427
29072
32283
28839
9070
16080
7156
13158
7390
29185
9419
11273
31957
22986
24192
15042
3094
22864
11378
2223
12331
28610
21874
32420
30624
7908
18158
32109
20170
1723
31038
32647
22140
28700
13937
9399
19119
32295
14673
13911
22149
16135
29257
11479
31983
2072
19607
7333
27871
12579
1073
6761
13609
22115
7439
4976
12621
9489
9517
7571
29767
10290
12061
3784
24968
6308
1885
115
4513
26946
14444
29832
4545
3932
31010
2740
7135
30654
11014
31739
3061
28071
29323
25951
21595
32260
31024
11822
12597
24346
10077
24181
24636
26363
16759
25068
16487
20557
24604
30252
23633
605
7793
22679
10319
25056
23611
5051
5072
10007
24110
14459
12957
27619
23925
5787
21237
30938
3868
8792
1584
24792
20958
20746
6048
9614
25237
13944
25979
2772
32118
20376
5567
22238
31608
28248
15226
2441
29721
5080
10061
1035
21974
8415
16929
7397
264
18378
8554
17432
21734
23276
1115
28586
14358
7302
11357
26266
17109
32050
29507
24
20015
16415
14819
24442
23494
26685
26822
12336
14991
30321
422
24600
29059
19525
27167
29813
14312
9392
6770
13894
2374
3090
3434
17677
13688
17700
15059
4369
28623
10527
17683
26561
19250
5979
28264
2109
27178
14350
27627
12183
17497
32640
4973
14129
32115
32454
18307
6580
4345
11328
17729
7498
9898
25673
22236
11169
20639
27531
9347
16089
20358
23332
13587
28926
6396
22141
28696
22593
15299
15704
22520
17405
21938
11307
31026
29786
1954
32441
21315
19026
8322
16770
24669
23175
19195
29569
27054
8031
4342
22011
10085
3662
2536
22573
6614
30824
24895
22396
7392
9931
2568
25201
6504
29998
2317
28699
28765
13215
742
21202
20687
11909
23246
28035
24882
18592
25573
10344
1384
23387
5514
5967
20106
11773
17460
3730
14010
20734
29503
13406
24469
16271
23701
32039
447
28252
30478
29968
9880
10003
11875
17969
17137
24823
516
12509
5160
25120
25220
11221
15992
14767
22604
24603
27636
29804
31254
11216
32466
4143
22411
25855
7866
31566
15070
760
10349
32353
25172
32750
840
8081
9018
23804
7167
12319
20568
20948
31129
7860
15283
22299
27716
2996
20525
14177
11923
23348
15978
14313
941
8975
20033
10362
24400
11082
12467
26955
27927
24224
30994
17898
393
13131
25200
3772
20781
8353
795
24963
8488
15707
7100
3246
6412
28690
8161
16058
26929
9943
6291
4571
9268
25497
15615
20407
7496
29590
745
23393
22358
12497
18394
9836
6079
32143
13760
25258
3893
26044
27565
7659
15129
18360
398
20172
17111
8557
25160
6511
16888
14421
23244
3614
13854
29311
15739
12850
350
26052
16608
20406
9206
18392
1283
11298
22150
348
9909
9976
30092
2291
20696
11739
10058
27944
11678
29839
28821
30518
10243
27442
5153
6895
2240
16330
26212
30191
27963
18731
20007
1923
24428
19716
7442
8239
31976
7165
17029
13732
14533
20741
591
5333
18565
10243
15169
11649
11906
19458
27840
13962
2048
23040
2840
9226
19717
32684
9130
3343
17702
24838
17800
17916
1758
3539
1580
4903
22750
6990
18056
31430
11890
550
12896
16822
19143
15809
7833
18910
14675
21741
8096
27161
15438
967
6911
13527
22338
28212
25675
16671
29731
8080
7639
13659
5270
17490
32416
22232
27855
28032
2721
22178
9700
16306
1032
7414
12959
26659
20108
19541
13125
4023
18163
22503
21212
23754
24144
2023
5038
8269
25040
25795
11071
8774
27620
5240
25225
8456
20667
11562
17247
10499
1417
14860
5963
16996
430
21963
13247
13996
7457
14153
11067
982
31478
10426
31045
24086
7369
6684
7845
18635
19724
18038
14504
356
20142
11207
6672
979
15793
21674
11296
23770
14867
16111
561
26218
1286
10246
10892
9020
8721
26057
12278
4971
7489
31038
12406
6656
29814
20676
18406
24383
23921
19745
9946
13516
16139
12725
6978
9743
4579
31091
27042
11901
11973
9452
14897
8943
30116
2892
31817
25948
3727
26278
6942
21402
14947
4761
25671
20899
18330
2245
7863
5718
18158
8094
21736
12161
27611
19708
5988
27835
18762
26600
11771
30569
22348
26214
8640
28102
21769
21489
15502
28714
26426
15271
5221
31455
13568
20022
16177
31095
29643
31269
16700
15709
30487
9812
9113
895
21569
10338
30637
13751
18830
636
29380
22669
26169
6263
29068
721
28648
32065
27822
15456
657
12698
25114
3098
13845
24946
16943
12759
19769
3714
24061
30884
28180
32087
2465
9537
13621
18887
19770
30293
25100
1231
12136
3511
24955
27599
2773
16669
4200
21565
7890
21589
28123
6251
29916
23851
6682
32150
6048
31010
2232
4505
10849
9670
4116
21530
14623
13562
30091
1487
11417
31112
10977
13897
28739
11635
328
13900
15559
12306
14744
31149
1587
877
13111
15524
29578
29492
758
2057
15179
22236
18356
30787
14365
31145
1265
22520
21795
25623
4156
3450
22635
1972
1455
24440
29510
27106
22704
19386
7613
2223
18648
22220
15300
329
18158
4761
13546
5240
19716
15789
20831
15659
20513
13153
31028
21471
28482
30867
3456
9918
13951
25560
2671
6289
7946
9618
17859
18347
21406
22728
20475
1059
19301
19901
13427
11508
20447
24770
29719
7435
16905
822
12612
28786
6672
27184
19518
31981
2617
26245
8426
19901
20412
23924
25392
7968
20180
18106
13116
13138
11492
22893
27530
4284
24018
13774
14389
9204
2438
25808
21320
6287
27075
6295
15320
27578
20287
25544
6284
4959
27382
11886
18980
30011
20775
19504
28595
19675
10985
14989
2079
13414
5286
283
10016
5170
11983
27805
15224
1483
3076
16572
8823
2445
27966
23477
10033
5757
11313
23103
27007
13078
14498
15673
4944
27739
2356
13114
4553
23443
21283
20909
25560
7221
12917
26474
19351
14619
13561
20863
12000
13803
8995
9996
18705
10899
1535
13298
26077
24912
6199
7622
5507
31980
19959
5468
8903
32315
3756
5596
12877
26587
32609
32146
27087
2902
32504
4108
622
7059
5267
18876
23507
14901
6482
15531
2772
20875
8087
27115
21649
25288
21840
18580
27999
8854
8563
15283
21598
12037
16288
25709
16549
21175
22805
27029
927
16545
12378
4664
22186
25952
23529
24177
21438
14266
26084
24695
4600
10652
31769
19848
13656
9466
6667
29814
2248
23488
18993
25305
4422
30137
16364
1241
19867
29475
28951
14373
13774
27572
13661
16868
24053
27510
32000
9554
31559
526
29672
2484
31502
29763
31919
23498
14909
28582
19706
6404
11848
31735
16168
4246
3375
1562
13068
7580
3603
27031
13725
9654
17786
22431
17302
5891
22872
1673
29293
18402
7377
8039
18812
19863
7758
23999
7549
9320
20783
6361
32159
16496
16716
710
14092
7172
3922
17967
261
4005
31776
7636
8116
26434
21481
24333
31741
8308
1833
3430
11072
17566
3161
13170
12481
22216
26007
30930
15736
6456
29782
25301
16891
18461
3641
14467
752
2583
6910
31398
18781
19117
20758
26894
14595
24706
17070
10168
29655
13008
29060
27792
11813
19932
14141
5035
4382
22600
32135
7831
28553
1285
5611
2256
19923
31850
30163
12318
10437
16799
31207
20709
5922
6659
14666
3339
2336
11382
31625
24852
27414
463
31626
12085
8765
9778
31018
26565
11903
28314
18557
26105
11355
3798
3870
9141
20987
26284
7162
4357
22320
6627
23775
3770
4637
1299
24523
25215
3495
17821
921
15867
2374
32462
17191
29049
2545
5525
2337
29291
2354
6679
29054
21951
14023
15585
31583
14073
9200
23758
4302
21539
15134
20244
27681
8629
19890
11972
30705
15879
19090
24016
26761
7602
11981
26309
28671
31785
2892
1065
24319
31325
32692
14885
9367
24751
3213
25711
12198
13054
23457
17887
7289
27646
3039
672
21228
11117
5462
15199
25398
4784
13721
26510
25964
20216
11486
28551
13808
32491
25725
18361
21829
25060
25737
21339
19973
15575
19696
23559
27567
20501
12790
823
26599
22141
19582
1970
17676
18661
24123
22056
27208
29153
23206
13085
32662
7274
11366
7892
225
19729
7500
32463
21367
2963
24308
19194
8230
9696
4383
6853
11574
20677
15005
30950
28321
16578
32226
12994
118
8627
16974
1342
6991
18634
23512
28690
4548
15168
8630
7459
707
14308
23262
26426
15619
14087
25766
28232
15220
11622
9708
17016
20809
6523
25641
29152
27874
9599
257
13866
5117
8428
18864
9162
11558
10965
31742
15464
32033
27849
12274
21023
9241
7554
18673
17101
27034
31625
3700
10015
17213
27543
2182
6969
12590
11795
13029
26945
6096
9234
19999
30464
655
24842
6164
1595
21352
17531
31507
6149
4390
29838
23639
17038
19403
15783
23493
31734
31194
10930
22470
17956
1684
22232
26446
27897
21173
22139
20298
10880
24288
17046
15004
11033
21292
8562
5658
21725
21137
22165
26352
7608
5795
23819
15680
19834
19999
21282
12278
29394
16244
20832
23082
16846
19520
9164
11000
16801
13979
6558
18920
16869
11889
5469
22804
1446
13017
9599
2479
12868
5052
31332
12673
27881
27818
24172
19523
26528
23423
10590
26906
18092
6284
6539
1947
4453
879
26556
26500
5421
12684
13436
8538
27610
2367
32711
21945
23062
11751
19165
30996
25750
18720
24610
27417
15390
15827
24545
13806
19129
10611
24189
10746
6587
29352
10048
30189
28473
8656
6480
25968
27543
6994
26039
20772
19915
1493
10529
2866
31720
3601
3172
8903
10318
32753
20086
18836
18292
24109
12197
998
11852
13060
381
2586
999
4029
28735
26542
7214
2106
22554
27126
31942
22836
10185
19534
16471
4150
31942
7048
27439
5174
31002
4064
18694
24958
22605
3190
17870
2651
6843
29838
5044
29205
20407
21701
30927
15669
1779
18386
13592
27356
13557
32557
3942
14368
31061
129
5805
15446
31217
23483
1104
16586
19911
23787
14861
9501
4235
28509
25631
18017
29363
14708
18373
6115
6642
22004
19833
31060
25134
28750
6652
23476
2847
17230
6035
10533
24141
30841
27741
20516
27317
21242
23799
7013
1164
7429
1104
4931
21622
5760
31545
31775
26931
23871
30387
19252
27293
5236
5223
28505
30194
11237
14599
2066
3102
25698
14201
29672
28887
18077
10460
23027
18175
11116
2770
4105
18180
24660
5890
4087
25301
25501
30105
27790
16323
3911
1845
29581
1470
32626
27147
24664
3058
23256
9625
31652
2675
18935
790
1446
5288
1405
71
32304
29483
21100
12084
29651
20237
3059
25634
371
5196
11305
27730
30614
15530
25274
30829
1129
20053
22110
16310
31401
21045
6945
11089
2207
14247
28467
22695
8984
31750
9534
23061
26244
14619
13428
18120
31441
20033
12287
13690
13550
10922
21349
10134
32100
14913
14953
19464
11678
25928
28457
20531
18253
6916
7444
2916
11487
4465
23089
26562
6241
19873
32159
26260
30597
10610
23133
19439
5444
8896
26438
4505
1812
4797
28906
10896
17407
12992
6331
25552
10097
6749
5687
31451
27221
20505
30906
18672
3386
11567
10536
2173
1751
10480
32029
11890
15123
594
23607
12067
32343
3289
28014
27846
24475
20631
5081
19857
445
29048
32227
3680
20879
30880
404
21469
13493
19609
30997
5834
29791
13529
9655
8632
22224
24868
17203
22281
29754
28116
18675
32565
26509
26670
4073
15848
19056
29859
8066
25120
3917
8389
21100
6344
20970
3396
28520
9404
11985
29261
9816
14094
20769
26396
20788
24619
6203
24419
23993
31138
6390
8216
26365
22131
14655
7805
1984
13044
18376
5359
12134
2516
7728
22523
11648
31553
22702
21965
6369
10640
4854
1776
27024
14826
31626
4945
15852
10902
9809
13260
4237
14793
30199
18549
6239
25317
18277
30155
15722
28033
10015
4333
15211
2510
3584
17209
3494
15038
5652
16357
8029
27327
22308
32727
10558
12556
4243
20972
664
756
14922
17577
7064
13601
6246
11100
7084
9045
13316
19169
1394
20261
12366
3248
32008
22310
5241
4665
2977
11089
31496
16629
19210
744
8707
22324
19741
6282
14698
7826
12396
3030
23727
3911
19318
1592
4036
6035
27191
2066
26342
13371
25994
3965
9758
10378
32334
25058
26608
191
19146
28982
6336
16758
25590
18327
9265
24691
7239
9138
3192
2381
15485
11577
22535
28071
25559
25637
4786
20613
31505
16609
5218
24389
5990
8704
11549
24918
18202
662
31477
16349
31410
12726
31375
26371
24224
28783
12247
4094
14912
5658
7534
6782
2360
5203
7469
12520
7403
19317
849
11500
19975
7106
18354
32264
2214
7070
14578
19124
22156
22825
24041
29438
11780
28506
25235
26779
12055
27344
22370
12329
18765
885
1324
9719
9359
9518
23886
21480
15785
32679
3707
1017
17966
23850
1469
3234
29903
12546
21654
2905
12631
21269
24858
15301
3620
3395
10324
17673
15239
28417
3141
22122
829
5154
31649
20585
20640
10170
8431
8506
26415
1784
21892
32338
10982
23834
2302
5811
933
29189
15101
5028
31945
28189
14791
16149
29986
25011
798
6163
28659
26401
18890
6041
18328
23731
20959
12005
16056
11076
17917
19867
610
22823
3611
31442
11087
26221
32230
20369
15573
13039
32642
27129
22627
9789
21675
5451
11960
8085
30808
9151
2730
20957
15938
15529
17149
29485
24898
14543
25640
19806
7136
32133
18339
11941
23769
22469
4861
5836
23320
12272
21587
24188
16268
7663
13961
11425
67
25336
28533
25643
28067
15212
23454
21969
11619
21076
2433
258
32069
8817
11859
12136
2165
24142
3881
27372
12295
3638
25332
10789
27009
8579
31804
2255
30527
15184
11620
20038
32118
31963
19164
12777
17213
13881
13704
23761
4283
11871
10950
2188
10498
13490
9717
21349
17923
5007
23982
16478
10683
913
23918
21815
15116
7456
21764
3003
7863
14338
8657
26400
32634
10201
894
884
24976
3056
24785
22515
17167
15614
3438
19408
8479
1511
9398
15992
18467
26344
26349
16325
30588
7360
29852
7389
4124
16326
4023
7288
3043
30399
20438
24731
31795
25999
4106
28604
3065
13851
28418
19164
27156
13024
20292
8735
15283
17327
4051
13130
1570
14909
31510
2529
24477
6211
16130
16575
9603
16431
17725
16344
1680
9644
7839
23954
14858
22369
10353
28938
31315
27282
23000
11487
31922
32701
24184
28540
28623
14258
4416
30798
25096
18523
22566
23527
7034
9164
15549
3395
21158
17953
22121
21815
28162
16253
3602
7820
16132
19803
23475
12542
23090
28917
29444
9020
16964
15229
9135
9700
2284
29877
4393
12815
19352
14559
13241
25467
10832
16247
26903
4321
1811
401
15421
20118
5209
28879
5025
30811
27405
10727
30110
11585
30079
22007
8851
8801
13087
2913
23965
26152
2921
3514
32348
15763
19833
3446
16840
13669
26384
12885
4535
29303
18833
30573
1363
1859
12184
21181
4247
32390
12074
23076
8854
6757
4560
1245
14785
21129
9205
1477
28567
28479
4731
14161
19135
30595
22414
16776
12919
26424
11190
8496
29293
30293
24037
29262
29744
29148
26096
8796
10432
10752
17240
14738
5351
27641
7545
23944
2772
26621
16743
14777
29941
3684
9524
8396
6653
18371
19699
21591
27722
10198
7205
15976
4821
30857
20476
13708
11999
26332
27746
457
2112
11040
23113
12010
6796
8517
5608
14047
11775
31232
16481
6622
1723
8103
12583
24520
19051
28520
16851
9518
10822
6752
26407
21996
1652
15141
29446
893
28997
28280
26680
22476
19076
9846
30751
8634
15056
3083
17847
2272
6387
30041
27063
18841
1718
16264
32384
24103
16955
15746
28906
4906
16465
14100
24492
2916
31593
14606
12430
3462
2450
1167
16686
31730
2546
14816
27441
23160
14604
8786
25535
30150
29512
12102
3006
1605
16059
1604
24586
32339
9596
19571
11802
9636
14001
3439
23880
17802
9321
2577
19502
10947
9456
3014
15634
20920
7567
28819
27069
13306
31453
29178
21097
29918
20126
20470
19165
21469
4518
8538
18678
14716
30472
29557
2452
3369
26685
13793
278
23612
8586
8868
7842
29633
18105
20898
31619
19140
7892
9777
10555
13332
8034
16284
7097
5628
24565
25580
4930
24007
11071
7132
31174
28973
1284
17995
31516
6863
9338
13854
28270
30733
9106
21219
15795
19314
22398
10408
23656
28352
25425
13675
13155
21741
19900
2990
3612
22570
32248
26619
5079
4999
1355
32281
3359
26567
20543
9097
20462
29592
3869
2250
12993
31113
32262
24950
14006
23797
15677
11924
20444
13171
17703
19492
739
1759
1932
21564
19534
5240
22822
28002
31612
20258
31109
13440
32137
18075
9814
11590
28344
18390
12548
27887
22515
21173
30173
3302
16432
6787
27097
4625
31285
15779
18459
28564
24864
26473
13007
1160
21203
4098
31015
25851
394
25901
7030
28105
22586
32140
9332
10977
8153
25206
3261
6419
18741
30164
25785
20284
8196
24450
26217
15795
4114
12218
27577
13663
5998
15640
10090
9607
22836
3158
15789
32486
31321
29633
20860
6074
24296
31189
20531
17310
14271
5369
20524
5149
24282
25952
25643
11330
15052
26296
762
3089
32723
13099
25129
17528
24426
15035
20666
26316
4037
25071
9020
8430
19004
909
26645
26911
13615
23575
11449
6920
2017
27718
4608
20979
31562
19889
20973
27707
31790
13835
775
6077
6654
28231
32248
18391
10366
791
27799
22917
11197
671
2283
15663
6383
11241
20574
21942
31128
23331
11493
17911
8738
24144
24100
18281
3258
2737
5228
19083
15827
15648
7391
27418
2137
4845
2343
245
11777
29353
15525
27104
7305
28905
26585
28625
12495
30082
13860
26978
15018
12717
7422
3558
23395
11580
25561
31808
28735
24054
3308
6673
21105
5514
609
7538
4806
10344
30648
1023
24586
32008
14824
24488
17672
20844
22686
6388
16838
16311
27248
11208
28268
17540
7831
31162
7745
27118
14415
296
3903
641
18157
28574
25820
4676
18905
31995
20040
31644
23962
15439
8893
27643
31460
15981
7825
5881
20602
24034
31266
26736
1869
29513
14902
29730
27129
3131
23409
28112
11300
24571
29017
26020
25674
1776
14850
12732
15662
30825
18008
7887
6381
8481
29986
20400
28552
21216
5154
32000
13548
14233
27656
12227
28545
29178
15950
7236
32019
30359
28070
23157
16152
14060
1782
13489
20026
24826
8538
28875
3430
18145
15039
30216
13600
25448
23732
209
569
5379
3260
15065
22823
11125
13596
8707
14252
18682
14429
8155
20076
24841
6601
19232
8025
21699
8845
6305
28163
31778
3501
3949
10838
17772
29143
32282
21448
21872
7355
20193
14992
5484
1968
19971
1371
19869
18106
27464
10525
27021
22990
16563
22042
2534
11915
5249
18876
24609
5108
8639
3963
17508
31355
11140
19369
13105
19928
32024
17878
13691
6967
8011
30801
15206
23205
17522
17617
22915
26972
3178
9163
311
9358
6699
30214
8045
22514
27719
25400
1767
20007
21465
27501
16292
10569
28738
17112
2871
11950
26233
27128
28326
5142
29037
20383
9201
5866
752
20948
29041
19842
1331
3063
14054
10212
25749
23538
6888
29411
10240
702
188
6463
13985
25583
13732
31994
16361
17122
14652
30483
18921
3532
5597
5307
31425
21675
31742
15462
6702
18673
24029
11995
4882
12563
14447
22999
20537
18511
20783
13561
21858
26480
17239
23726
27224
18014
27432
16664
4224
4545
19043
6261
4177
23551
4040
773
9465
25106
21004
28676
4327
11133
28154
17417
9454
4201
32557
13366
24323
20675
8444
31317
9909
29723
4993
17882
31001
5116
23496
19561
18869
10431
27250
1423
32416
4295
18691
612
3867
1186
11414
7363
30440
6444
25906
6844
31374
23493
4263
18574
10667
17027
6211
1973
26264
6993
3728
24165
19772
21479
26474
16138
834
22828
1795
9459
27432
10660
32553
21856
723
379
308
18197
17038
22109
10187
31147
22243
8579
26144
19224
9129
3021
12580
16146
18332
8983
24514
8124
19104
1007
5355
17977
13637
16078
25958
29396
26926
3699
16567
20944
9830
10741
24126
24075
19066
13585
14370
18410
32360
20532
4534
24389
24058
6313
9229
9597
1886
31539
17354
30100
51
3538
20608
23336
13973
449
22132
21383
28483
18803
6203
31549
27013
15533
30699
31389
9496
7943
16626
19961
19645
18783
955
12099
12232
22908
6743
23471
8796
7521
29041
9910
29507
15107
29187
31301
31659
19557
9436
30557
62
30552
24810
29810
9337
8224
435
8263
13932
5443
32611
11480
8733
14546
18399
22510
21382
1338
30330
2598
8408
12614
8999
27201
4208
26660
7603
8439
6507
29414
14986
32716
8263
8883
8037
10043
4511
15550
3371
2320
3043
30469
32154
21011
28787
11969
25170
23147
3824
2592
26119
12850
6277
17598
31593
2123
5439
7710
574
5385
8908
6215
3747
24357
22090
19137
10136
18574
14693
9921
806
11527
135
10448
8667
16204
30468
1313
25457
29343
4774
7316
18545
20216
25324
9810
2608
24874
9816
8941
10489
23457
13210
17061
13474
17702
12358
10529
8124
6922
6599
18090
13510
15682
22250
26714
12485
29314
22823
9060
20612
13147
9402
20570
8763
3042
15607
25086
30816
26848
11483
28758
6695
23239
13164
21731
17987
9471
25512
14975
28857
15616
30857
18828
30634
14672
14761
1134
7714
30681
5046
24975
15609
4574
6489
9201
21154
25475
4085
27798
15462
828
24415
30942
10457
19185
6698
31196
16407
14002
21976
11808
3652
4058
7809
9881
14426
7694
17771
30046
4509
2398
27445
25324
1382
18558
5738
2424
9432
11774
22853
9743
6962
14533
11147
9312
5106
5444
32739
7017
17271
9557
19820
12285
16321
7284
22523
11567
23442
27906
4047
5754
13543
16556
24810
26885
14335
6566
9985
9213
11244
14418
17870
10768
28711
28356
5177
4320
13218
12758
30133
630
20720
26682
24908
18687
26094
31309
32108
8035
32204
28268
21126
16493
2676
16435
13964
4060
24671
32596
26344
32537
9739
22326
23127
18926
16723
21447
23015
3896
5563
19073
21925
16853
15011
32332
7133
2058
20776
30775
3588
27563
2501
2550
20098
6946
14086
31661
6227
31562
29554
21012
25415
16391
14467
3033
31220
26143
23329
10982
10419
6408
7074
16013
8850
10436
2887
26441
20915
31322
14966
8230
24960
24592
14626
3368
9193
24043
10720
28850
23268
22643
7172
14975
8469
10224
22026
27966
10370
31477
17765
7482
16882
30790
18714
31298
5681
23802
20854
18606
17250
20495
26871
994
20418
20770
19988
15635
28149
25479
18294
1903
29122
28517
20153
2834
9121
29947
2930
17908
12390
21549
3179
623
21816
20218
6277
29671
12237
18608
1740
6828
20608
9818
8139
2110
29340
24432
24782
5133
29595
15787
799
22991
14514
28743
5582
10185
14100
7182
31881
14717
7247
21437
24652
5823
16771
16580
8928
3708
1993
4280
31552
13659
581
6291
25312
27783
3816
15026
8979
22884
15322
30867
1695
1042
14900
667
15336
7070
18981
9337
6633
31928
28662
22430
13853
13420
15902
6094
13583
16073
11736
2120
25499
9451
1252
16898
31053
31956
28730
25330
19501
8816
11006
24320
31656
9020
24935
28508
11660
16890
9767
19694
24602
24020
31094
13330
19641
1674
30465
25858
9153
24511
18499
4339
19095
15862
5654
168
10238
23501
18452
30035
12174
23742
19422
25287
18591
32168
20681
24788
28762
18251
7892
14174
9715
11233
12778
30360
18018
2981
3583
31719
21364
16479
14603
6644
1953
1497
3028
2507
1780
7752
30421
18945
23188
19272
28554
24234
8233
18400
2075
28413
4339
11321
22256
7598
20831
22066
31307
27488
12051
20033
594
9843
15598
23420
15443
7166
10037
23368
3413
4725
8190
174
213
11513
21027
21086
22518
2527
12034
5644
13480
23678
26447
2046
2115
1509
17155
23790
7180
7265
30680
15877
18628
31567
21157
29942
27964
30871
32279
1108
1123
5420
11330
18226
12971
15163
26995
29439
15559
23364
18500
9771
2663
30266
32461
19326
26874
31386
11110
4174
25992
8613
5381
9849
22940
10977
2043
2458
18575
30473
31814
11923
31117
19190
5141
29870
29366
11611
20535
11825
30023
25180
5082
8006
20142
15109
16309
7214
29038
26484
710
27122
11477
19196
27448
8136
28319
4993
16767
23616
8909
27265
25725
22312
25488
5586
4405
28397
10663
5794
19762
30144
85
15285
8803
14419
26103
5364
26614
31075
144
27264
17864
22248
11752
11796
1457
18739
11057
17842
3554
1990
17793
11303
6694
9508
7180
12366
19316
30404
20884
19824
3557
30664
31593
26495
538
4968
13312
14454
3303
27432
24025
20484
23466
25414
26763
7658
29504
26317
24499
3685
12236
13270
22947
5115
3526
16156
6382
10170
5137
15324
14422
21559
31877
4923
6373
6637
20916
8236
13379
1129
13650
17001
21235
17920
14473
9164
456
5712
4068
22494
22870
15011
10971
24934
19340
22287
11519
13378
8075
32227
30543
4497
28900
27995
22749
10935
16055
24255
22300
19286
13307
23137
10867
24285
21757
25667
514
16705
22521
15175
7617
7262
26379
26301
11722
23911
5453
20840
20659
12414
26451
12017
32360
24077
11011
3791
12050
17269
11405
2460
17229
26776
27949
25291
6591
25623
15257
5376
28378
13724
13874
25931
12700
30424
25052
26960
7691
2834
24921
16579
18136
8046
27543
2922
23859
16434
28191
180
4746
29630
27455
31929
8480
13205
26761
31955
18389
1266
23330
6691
15601
3739
20640
8998
29285
29220
17321
30178
20742
2417
23937
2454
3657
28754
15052
30793
18464
10467
5357
22379
11415
28386
11602
10816
25672
22625
23814
11014
7605
15928
12780
20846
18496
29716
26654
428
7703
29642
3459
7809
30734
31748
29619
13285
1801
1652
27317
17125
21957
5343
16893
11281
10793
18799
23088
12676
23348
16813
27618
18070
27119
1510
11600
19376
2217
13850
14828
4050
29417
32715
19026
2850
7834
30302
18851
6883
17168
9658
19671
26486
14493
2135
19394
31894
27414
12685
12127
8334
9077
17196
29855
26683
32032
11862
29515
17418
29501
19326
13132
5503
24238
27642
7133
12441
5851
22910
26159
6908
32251
19990
15742
20405
663
2549
15736
4413
25033
2372
26579
24166
11188
21577
13787
1920
27635
5181
17547
10752
10925
32387
23063
32377
23681
26306
7126
18637
1454
18777
941
25040
18223
20686
7109
18356
32371
308
333
12659
19010
19633
24665
4431
28517
2618
24324
24446
27843
24954
21000
31786
30229
15415
19910
31754
3916
29971
29618
6441
2217
29279
22143
22408
16880
25767
2597
10776
6088
1121
28243
3506
7518
17529
32046
11157
11442
3991
15892
17702
3144
20821
21631
32176
3889
32585
6397
7076
6039
16501
24336
24994
3856
14926
6022
26895
30515
28041
3721
27123
15985
13625
16295
842
1698
12265
14936
8792
2031
6569
15175
5609
16933
28299
19270
5888
22694
19353
5190
18997
19908
26861
30799
26536
9101
29515
11942
13776
15034
23865
30049
30491
8770
14926
30419
13948
15852
2929
24061
22841
26996
14992
28952
31035
12014
21158
32240
27267
12913
23165
21032
28974
19853
13497
1917
9307
22065
14428
11270
14235
20735
10360
15220
13170
21300
571
23384
1159
17636
19199
6978
26199
17287
25716
8203
5962
4271
7571
16072
15787
7452
29643
9767
30051
10687
16171
7672
22445
13409
11649
17199
29797
22089
10006
5721
8689
10265
23030
27427
26972
4150
32032
11696
23717
2375
17229
27492
8565
1480
11001
11891
3383
21518
24665
7862
16500
145
4902
5660
23250
20916
30281
7052
14400
2892
28669
4833
26488
30231
20634
9033
3909
24159
32557
12387
2480
22192
23940
21660
6265
18829
17407
14412
19803
15764
2648
8481
30694
28315
9196
26603
14599
14521
2580
28579
10034
9676
11256
12232
13988
7762
10577
28287
28314
16911
12259
17574
9563
21512
24875
10751
10495
3359
8120
26475
21394
24753
13671
27626
26998
17057
12379
3880
26428
656
22448
4348
16573
30946
9719
28239
28089
5701
20595
9094
20971
28586
20451
25384
21970
30313
17688
1807
3003
26242
29249
12058
17034
14918
9344
1735
15131
14431
12223
172
8354
18583
2648
26674
17482
19828
10762
26099
11959
20962
17388
11091
8283
28622
20212
18288
21835
5389
1230
32640
23016
30711
15506
29743
10503
7834
12589
24136
30261
7118
15429
30517
3413
28121
30892
20542
12562
22528
8504
20348
29380
4108
2216
8872
5987
32037
13258
3020
13861
23061
13308
20165
10005
22685
21762
31387
15109
28891
27181
7548
6135
9621
6401
23826
31414
2279
6920
19966
5062
14010
8429
18954
5129
27449
10482
8761
16512
5489
16473
20417
20844
8443
5687
13137
20223
26788
12618
28046
21173
13594
30446
5943
26761
27273
27033
1022
31678
28413
11642
17349
13421
22419
1131
9483
14603
6030
22315
5732
16435
31494
10514
7619
9014
28347
26178
4395
3191
26309
15210
4820
11208
12166
29916
22488
3437
9303
30980
21670
12265
5744
23241
3153
16995
30980
15480
22704
14853
14532
2893
22324
14295
23746
7379
9523
30415
8832
19409
24644
262
22261
12598
18878
9392
8139
15401
9871
28148
256
7933
22003
7487
39
875
18209
16436
7553
20000
30361
11734
32457
18197
8873
28365
32681
22638
19644
12938
22692
3630
11813
31671
3671
23462
807
19653
12591
23444
5980
12621
414
23228
31878
2386
14340
1635
21821
26247
5546
27683
10012
23347
24496
5536
18644
32710
16617
29612
3807
10466
14293
15110
19088
2972
26097
2430
6980
29469
28078
26514
10079
21101
7668
17263
14108
28657
3241
16799
13428
21922
15331
9005
30252
6083
25634
9141
10264
19288
16779
29076
31810
26786
9293
1593
18456
6719
26337
32373
19178
25276
25435
15129
2652
17904
9838
17008
6537
4949
7369
13573
22290
31674
26767
10800
27269
11009
13159
32215
32064
75
17669
29904
17365
31538
12013
10381
22802
2726
20063
9263
10279
29288
22079
30629
19879
17432
5398
3541
7110
28232
23403
1671
24571
9523
10809
6339
14517
5693
11765
23950
2159
5043
25868
2517
9734
1542
32322
23407
21475
7989
10391
23479
19985
1642
31965
19591
32612
21442
9476
429
28559
2228
4793
8639
25301
775
5729
15165
27535
4025
30931
22602
3882
19793
5486
14093
7633
15418
27866
12209
