5158
14883
14255
31325
32275
26968
12897
14348
5238
26304
25072
12624
20973
15442
12858
16796
23389
29346
13822
25928
7412
811
18710
15331
29385
24030
6221
11314
5920
31618
8120
26760
16027
25857
8792
3240
9721
312
25090
28317
28045
17288
16909
24053
13089
26963
22446
7182
30560
21933
20337
18231
19681
5397
20762
21723
2000
9343
5404
5273
27570
16163
7294
7388
23507
26992
32675
25416
13224
26434
8859
20106
6843
24275
338
23271
4552
2350
15179
31834
14221
3882
22261
16936
27763
26656
8942
23942
438
29945
1698
11455
32407
29006
18859
22292
13649
9016
23784
17750
876
29384
10077
27839
23174
18040
5790
27781
4595
28332
19772
7876
14001
7509
29398
31655
13210
27934
28738
27576
14557
2563
11755
3889
16633
24339
17327
13505
17681
14975
3084
19828
19384
13604
28568
30785
7969
21722
24791
1819
29514
6050
12552
9887
27768
21999
8146
18289
20589
28171
27157
14646
29305
25178
11781
2756
27128
5089
1314
2546
2182
3501
802
31779
10242
31697
7054
14197
23916
15967
27023
4830
6767
20278
9449
27392
21134
25793
27163
32727
1790
2643
23789
22647
2313
6274
29349
8571
2435
31143
28690
13787
13983
12872
10363
16490
32700
30314
22840
28854
11411
14183
11770
29056
24212
18993
20515
19430
11607
5607
20427
28156
30807
25570
27683
26579
28668
13108
5234
20060
8646
26172
13450
27820
20908
26003
27411
28130
28532
24325
30182
5492
24626
309
9517
11255
22761
20455
10868
1570
103
21064
15209
22204
11455
26686
25103
12273
9371
10600
31057
9932
18871
19713
29883
5035
29398
25685
19296
27388
29401
31687
5589
22361
12902
12608
2206
15147
445
6976
25923
11474
22543
24685
23618
28680
25491
22333
1978
30400
23007
22657
25393
13854
30416
22290
26783
3192
2870
17024
20302
30481
2789
2512
12543
2098
12170
13615
23257
26538
15762
7960
27017
1277
7368
30867
27260
28889
26883
30870
16126
4762
7599
9018
20170
5543
17509
26032
13207
23422
2916
655
2227
13368
8787
18611
8993
12930
19129
28018
21435
1539
25383
22416
31690
17106
31331
24253
32264
10865
2774
11482
11306
16682
21204
13251
27800
27925
50
15396
23421
23299
24091
15605
18181
29870
4065
22467
16276
22630
21585
11427
24098
30542
10530
28256
1689
336
31601
23201
13767
25415
6287
3580
30169
12952
25898
4980
32497
31042
257
21387
22370
18298
10373
17243
2894
16743
29976
6183
20261
3242
29287
5262
30551
14664
26056
8773
27460
30486
10802
21117
3934
21089
21450
6082
17391
9242
20630
27752
8247
15514
18291
3666
25455
20902
22555
26448
32285
23162
26082
4182
5853
13670
8763
25137
19416
19907
29959
20458
31735
32414
44
15708
12798
18125
986
25457
9558
1834
6939
10713
25919
14792
21090
12136
15124
15414
10920
25976
23200
14101
5615
26944
21146
1974
27835
16695
22790
8680
27657
19822
20490
15238
19967
9310
5200
15003
20259
20791
16775
1904
28104
1682
19143
27142
17307
16841
6462
8083
7248
3476
7188
19330
11203
28947
23907
7450
28184
6844
32397
10055
11134
8456
2839
15395
23940
17286
4112
29363
13512
3159
1573
3469
3142
11906
11612
16329
3839
7796
20647
7783
4990
18442
32386
14877
29760
2561
16785
23012
28614
18998
2326
28158
22737
16528
918
12091
12270
2422
8122
11548
18089
23661
3493
2196
26920
27042
32321
11972
11352
27994
6573
11083
30217
3822
18448
14203
4672
6237
11082
2234
29462
6371
7896
15350
10259
17693
26113
13838
32179
8785
941
23214
25663
31675
1294
366
25546
14820
17965
2944
19261
21582
18821
29735
30647
4384
20888
26339
31189
30415
11880
643
27805
16807
8129
9645
868
194
15894
2814
6443
29515
13557
19072
13199
20051
24223
22638
22725
12691
11886
5341
27771
28210
23625
8878
7451
22021
22745
16652
4186
29612
20670
23020
19781
12749
22970
26793
25134
31522
7465
1606
186
7513
28594
4123
5553
1909
22918
23796
7132
24126
31769
6670
21078
16760
13334
6541
23286
30175
13036
19469
26828
4068
24861
17300
29242
994
7921
25746
27518
6383
28533
15966
23828
25736
18615
15868
11011
19709
32756
8528
13160
14164
27320
29256
6341
30233
29696
2086
11267
28339
23435
26701
4253
6254
26310
18640
3270
4278
8434
7682
28947
1540
32361
31464
3347
27901
7583
6609
26896
15145
21493
32076
25587
7693
20410
29851
18776
30765
20640
28671
183
26264
10608
11125
954
20131
684
4466
6221
13793
10654
18623
17805
17157
2385
18744
18942
20817
6265
22371
21581
4572
30345
13899
4130
21661
26660
31316
5313
8744
21243
6522
4581
25072
30229
10216
10452
24117
9755
13896
24127
24878
2632
30395
19369
29594
26634
21436
10633
25405
25072
4709
23142
9046
6139
3598
14953
15687
1036
6586
24982
14701
23986
19095
9278
12429
22663
23942
17966
1188
27313
18496
26386
31782
15685
24748
26280
24644
30261
8812
4577
18442
15064
29213
14502
24752
1069
17487
29954
5310
32414
4776
10328
20943
21158
5236
15903
16277
2901
32752
21381
29636
32689
32726
562
13200
10322
24410
24737
32109
15404
20830
14202
14594
24203
4837
27241
7187
28158
7571
24701
5399
24066
16713
25190
27530
25804
931
28590
16810
32637
13716
7352
27450
3028
125
32273
10671
30775
13040
11481
19846
12911
16129
15426
23966
17243
25231
3881
31503
27435
32539
30285
23835
16876
15282
27892
28669
25070
4918
21490
26872
29174
7311
7424
30245
18014
28337
11271
2133
10114
29121
27332
5222
21028
21760
9229
2946
4201
11336
18027
5472
281
5317
30720
27020
5813
12444
7321
11084
2076
22518
10286
3227
16292
29528
4004
14217
797
669
32017
15413
27249
20540
5110
9808
9035
15380
24986
13604
25743
23642
2808
14492
23535
7029
16830
28281
13117
14744
3372
14018
14166
31054
2212
13621
25364
28591
1804
9250
2562
30499
16654
10405
13966
23517
30845
31477
19598
29418
25899
13703
10960
6328
28267
22488
9281
22876
10691
728
13383
30040
21897
4123
25941
28927
28999
14571
26136
21605
225
21621
20691
25405
14481
3319
21958
341
30295
21266
22829
28868
7249
27428
11386
8980
26579
22687
1739
29239
20260
30317
17673
27968
18061
14854
1382
16556
21601
11822
21938
18919
2785
26190
28815
7526
30661
29280
303
20595
16884
28039
5125
2249
29346
27515
3469
17746
11752
18376
11807
28468
4993
20054
16146
11183
11583
17633
16463
18814
31957
28302
30797
15106
27735
24023
24129
15830
3685
15152
9646
26586
19258
20657
23391
5097
2732
7272
14048
27795
670
11783
15747
22453
27567
32176
6383
13109
544
3926
6215
23967
1709
5239
10605
27228
4280
30314
15771
18358
24617
18506
31410
30990
18665
7668
18161
25247
32520
2933
5646
28655
25010
7831
5003
32102
16017
6661
15483
12143
32417
28251
14769
2699
9793
24678
17283
15045
18893
28001
9449
19971
5276
22048
25233
2352
31963
15123
24279
5133
9703
9362
10555
25895
17708
12616
18326
1564
30589
8874
20928
27518
3050
13864
29231
1450
25880
15005
5400
16647
23986
31143
10042
32330
15252
5476
13206
6137
22362
5223
7597
12154
11768
30255
26510
20953
9335
6967
17621
32356
4083
25985
498
18488
23062
19112
7828
468
28639
10098
26536
10522
21875
5180
2294
7677
29336
8900
14398
21028
8185
28972
18005
22944
6407
28677
24955
6931
7331
2837
76
29853
25233
8961
15631
5201
25026
21771
5901
26165
13403
490
7686
6918
5934
23334
11020
7475
27038
18907
13266
11597
28339
6519
10002
32603
21511
11462
14200
4768
30520
11127
23097
19561
23851
3873
14471
123
6150
16533
1924
28190
11228
1245
17905
25873
18338
18125
9925
23675
3008
17632
6703
5503
25739
21019
6533
28625
8594
11684
2445
22807
22282
27917
14082
23346
17522
4199
23138
30372
16575
16424
20439
14989
5893
5612
6166
19297
7111
24270
10861
31986
15849
8261
29646
28299
14398
12413
24709
25365
24361
9534
3038
10945
20397
19711
29725
9231
19640
32470
2466
18114
25053
2822
3514
12144
4901
18320
3971
22396
19266
16388
6228
13043
24633
628
27103
23819
3696
31296
5329
5146
10586
24971
19754
8042
7776
31708
2239
14357
7783
26625
28792
14997
25486
15353
21072
346
24006
9150
7059
24107
11814
19194
28567
9788
30003
11234
4168
10672
16063
10020
19704
990
30184
12345
17560
5232
26477
28744
15593
1507
17914
18054
15673
1514
2832
24532
26258
23304
27474
6426
17524
30448
7067
8143
30327
7565
27350
11829
16770
16954
14799
15235
21323
23155
19241
29338
16219
24884
5768
31657
25496
27759
8591
3884
17103
2676
8698
26092
32498
9870
9506
25671
5315
93
24104
18820
19038
5831
22053
8544
24173
16015
1304
32390
10468
1372
20733
25755
31258
28492
32392
19400
16228
30224
105
966
5852
15042
22461
32198
30641
10468
7057
22486
28477
12867
30651
17475
1033
29333
7003
32266
7662
31417
24466
19007
26919
28454
6944
1675
14626
21346
31713
12009
12172
17684
14765
3457
28409
8443
8163
13781
7491
30207
25057
29213
18483
12131
26755
21951
32637
22072
23501
24714
6461
24028
12612
30971
17510
9067
12471
30537
24996
28723
1043
15695
12725
14410
2320
6781
10194
2143
18421
21866
9973
10464
4878
5296
9945
9060
4808
32110
7825
5427
15226
3463
3403
28393
7395
23978
11307
3023
26224
1088
29378
2723
25304
9699
26715
10514
7430
4743
17347
24219
21647
22998
31619
5325
2523
26609
5916
17289
2345
30362
29217
17842
11320
8572
8158
18504
4701
22131
27431
1048
18715
9260
22122
2874
25831
28236
11242
16056
21572
1998
4774
21053
26749
23468
11963
3774
7045
30567
18507
30515
24247
31260
12473
3611
1366
20495
3045
28775
14928
1837
27025
21231
18221
28613
18551
13828
11853
7701
14825
3732
18009
23266
17911
3445
27522
22295
650
1148
10470
10330
29821
29550
15828
1217
25169
9107
12078
9228
28559
25595
8923
16996
17064
22922
30573
27732
15840
32100
30232
32155
9682
9756
26565
11780
81
23146
9804
29779
27039
10505
25523
28567
5176
7805
11353
25562
10289
12615
7291
14334
10807
12829
26592
31493
14663
24382
10112
24238
28301
23720
25621
29503
2460
25024
11888
4613
8159
27657
23503
7685
1570
13446
26210
948
7226
567
8252
29965
29476
32304
21413
11956
10353
15139
18839
16631
18390
18457
20023
17450
21305
30053
28278
15640
30822
4480
20561
20113
27369
27026
167
29942
1461
13593
22394
18031
16393
13102
14223
329
2351
9880
6355
6864
18452
9131
30092
7248
10436
29500
8138
31250
1842
26902
9882
5700
27961
22787
19917
4251
18451
13386
6008
22881
16453
27498
4548
4148
10644
4326
13762
24583
10200
2811
28904
3050
7421
23904
2395
4044
28974
5830
1547
30456
1814
14455
10243
10487
23099
2681
786
2170
24622
23455
20296
3772
3724
11103
2463
31013
24167
31837
28472
30136
3352
10108
13017
20573
18840
31990
18279
13222
18412
15047
12237
1957
10634
30840
3976
10523
13137
7985
30578
18476
20133
23501
3017
6531
19201
14593
32091
1824
31881
26841
29547
27030
30184
14932
743
31526
449
23433
25307
23539
15653
18385
2733
13314
19610
6877
27174
24512
5404
8900
13779
28413
1838
22635
24573
6509
16721
28352
30628
31445
11573
24660
18212
6069
24746
31957
1881
22684
26708
18997
5003
25737
8731
15469
32521
22730
23180
10564
30770
22748
28708
20602
18162
30921
5377
13185
9627
2348
12819
19127
25795
30573
20399
29594
22712
19789
6824
21605
29597
9329
5673
1242
16660
30850
9050
14016
13529
23674
18582
12398
24880
20015
27754
8427
15412
11126
12501
28344
28218
3429
15932
5120
8957
31609
1869
5953
13493
19945
26574
16282
32014
31214
11439
32556
12051
18930
448
830
3105
1330
7721
18692
12811
22633
25
892
21344
6339
22264
4592
29904
31657
8149
28946
17360
29175
5624
27619
29476
27103
21067
27700
22408
5260
25353
28149
24155
24679
25346
14635
25704
32355
21023
29367
28365
8035
18097
30091
9933
30155
14449
5051
16559
12521
5618
24588
16303
15710
3805
27410
19189
28486
7744
10032
7939
13676
29303
8201
13238
2720
31846
22949
15516
1669
19343
19279
20889
7149
24283
14395
23302
15445
29343
19324
8143
9733
12092
15374
4465
11030
8168
18619
12780
15981
31982
25263
26348
3623
25205
10623
29341
29261
18503
32610
28103
28849
22392
850
13033
31708
20899
31060
1185
24693
16029
16331
32582
8173
16319
13089
26275
18117
228
3476
5880
10293
1490
10830
3417
31921
3030
21944
23135
2415
1080
7386
10424
985
2540
13243
30430
8358
10173
8559
883
5289
26137
11298
13573
6547
16333
14458
32567
14563
20814
13635
9020
14020
18331
1818
15670
12338
18144
7331
8889
16299
22633
6216
22654
1798
5090
13757
12461
28488
18155
20878
11035
11533
32719
5008
27173
22963
2205
15355
19763
13193
5701
29240
16704
23610
16722
13110
2841
20933
27906
22694
31177
27815
2117
9785
9164
9248
27580
30853
23278
22906
17765
6286
3265
23484
21120
30802
10705
11584
2292
7251
38
9046
32563
9373
25333
23157
23814
28038
18327
23979
11799
1057
25467
363
32262
31582
9015
12764
22446
23377
20550
18597
14323
3358
24673
6186
30979
5820
8806
20990
30342
10113
27869
16287
32149
1072
2833
9030
19291
16264
6066
18868
1700
22568
4673
16462
11983
1683
13798
3585
15690
27114
19971
1877
9261
27786
26148
15194
11025
5275
4480
3594
22305
7137
19766
14101
18701
24811
1632
31763
29716
19
14745
26165
14130
25045
7446
19785
30128
3673
25035
1327
32582
24264
21
16028
5019
28486
20876
12049
8434
22946
16034
3272
11066
18756
18793
25
29785
31769
26650
10191
22821
14268
2055
32448
3360
27099
16194
22580
7624
24569
21345
26932
27034
15069
10170
165
28237
8289
15571
30043
30680
22197
11318
23306
6915
30949
19220
8711
8714
18081
29456
13634
28026
21914
26104
4339
27956
25379
25693
15424
30504
23405
7097
31332
22002
17429
8331
10378
19873
21825
26310
11319
9579
31790
5581
1011
31049
31642
25786
27382
4553
29224
16869
2513
10980
12601
15142
7674
16805
19084
20686
30896
15366
13184
31573
25655
3483
27318
3460
21984
27148
31185
22217
28367
25568
21035
22882
19926
7129
30406
31477
21825
17768
32288
32632
8143
3076
24912
24426
24315
26562
715
23657
22630
26995
9727
15130
30854
10698
4766
10426
22336
24676
18272
8688
18549
798
22201
23933
30590
13050
17691
28637
6857
24741
30318
8823
451
19847
8954
1861
6737
25691
12949
10344
4391
23456
3470
22510
30101
18705
20798
14556
22858
21807
5763
18179
3536
11144
149
16718
10478
12368
32753
20123
427
19207
21704
3200
13784
9537
18723
426
7697
2798
27756
3230
21099
5490
20335
9746
3532
28287
5695
31223
5968
9702
23037
9135
11167
19772
6043
19200
17542
2313
18124
10302
15271
9737
24930
1115
4583
15971
29411
20015
15063
31024
15787
27160
1612
17499
6124
3214
9859
131
6279
13534
9788
9443
24101
19350
14090
31984
19537
31028
18902
81
22509
13409
8926
9980
20461
28448
25703
31107
22192
31319
28394
14214
5897
16296
31886
10786
14988
25246
13360
22937
31091
13215
8769
23951
17025
29721
20658
1409
29759
29489
10724
21791
11914
10923
180
6743
1536
19463
26470
4536
32588
22397
6907
25201
11386
312
19191
29764
9500
4503
1906
26488
15878
10303
11665
23950
12984
6053
6839
26592
3600
26513
15327
25169
10614
18253
2005
8207
18091
22330
21610
25703
2970
18702
2409
23832
32418
22903
13033
1824
28336
18261
27703
657
1324
21495
11034
20063
10554
8081
3060
5398
22583
2946
29219
16289
6247
19943
18763
22265
18690
18074
31088
32726
23793
30684
1676
25349
3714
9604
19481
22071
28652
18467
7227
29672
9671
18916
12757
6769
13754
26139
6751
5036
26281
19615
54
26310
32572
20881
27725
27698
17869
16432
24604
16419
1811
31556
24515
31824
6631
29070
4463
9741
20028
2488
10314
22935
3963
26421
1324
17931
30453
6886
19845
25250
21698
3467
4579
12322
16018
12771
10355
15268
22155
26871
7597
4424
18898
6885
422
32517
24876
17067
30782
26084
20175
24199
32319
21351
21866
23471
26368
23005
21072
22383
14252
28098
25705
23806
13772
17608
23720
27128
11105
18100
24625
565
18841
5714
6763
1047
5211
8966
32047
28617
32022
7095
372
18443
5475
13264
5261
6532
29727
28341
10604
25069
26431
28159
15735
11419
23626
25432
8317
25303
20868
1600
23580
32052
2245
19639
4963
26035
25421
28741
3638
11474
4684
15852
12384
9837
3662
25244
16882
27276
1526
16559
1350
21176
13810
3660
7394
16840
14479
2083
20864
30794
15144
18546
9653
2352
11561
15291
26238
4505
29680
7399
14398
16307
10975
31777
15960
10702
11551
30382
11155
26765
14849
27900
13208
7264
3520
13671
5463
29065
3784
4413
20221
14231
10148
8134
1719
10276
28611
1700
2239
9901
3486
26514
26816
16753
26359
23919
12510
121
3249
2663
16073
22201
12675
141
29111
12844
25724
13523
14754
23455
31069
5349
15179
11647
2038
19538
8885
27804
31762
27273
30988
30201
4039
15413
5174
11490
24685
29311
21895
6420
28007
19426
3255
12762
14477
24550
24238
11894
17211
7624
31055
10791
14816
18404
26321
28023
13669
32356
14658
23194
13025
31790
8305
17277
387
24596
29036
20949
20302
11890
4251
3353
15879
31127
22038
15349
3965
16433
23910
22238
29552
17585
22570
13438
20245
3782
6307
17295
9373
23223
6625
6228
23028
6231
3018
22249
17740
13309
16495
9499
10210
22333
24547
16218
30087
22119
16422
20715
29150
11301
32114
12619
13982
13764
20727
3517
30043
16720
18256
25013
26116
10752
8445
17295
23299
22052
1302
15999
20267
16696
4017
942
6572
21580
26773
18312
3034
21332
28386
22946
21216
28600
16211
22502
2615
16362
12505
29357
10969
1564
6175
22720
18880
690
25384
30250
2040
21280
4938
18794
29266
32203
24104
16232
5353
22742
15159
13762
17678
3670
17813
16517
17003
27969
31393
9534
31307
4291
3545
24993
30359
2097
14280
31107
29186
15477
31153
20373
664
24886
5155
21017
9899
12711
1692
24231
27697
12105
3002
8112
16781
5662
30605
6102
26491
23539
30102
7706
25848
6975
485
19837
21364
29521
19512
6066
12003
10480
16790
8960
19177
27597
19453
8072
12372
30484
1912
4717
21138
24705
28261
10268
26467
19921
21758
1718
29825
27999
19927
22987
29060
21750
17832
6942
18759
11236
20335
20361
8042
31390
32065
24852
23392
14212
15641
10875
3113
29136
6598
1902
20683
27406
360
9532
9747
31121
32007
32634
21203
3638
22257
8055
29965
21639
21493
31959
27035
26757
21603
18193
1483
24505
13351
9740
10154
14655
24177
8772
15106
26451
22675
24240
1485
8781
25217
1602
18093
30235
5486
27590
32736
13463
20451
29105
26872
20585
17412
163
9213
7547
3863
18324
8339
25938
78
932
27272
1464
19755
1195
17252
6338
19504
9317
10125
7173
6029
18661
27838
7551
8369
20228
19182
18143
7369
12115
2211
15703
32427
12063
33
12875
20964
8207
12509
14157
13
10937
14659
21336
5473
23307
30077
5835
4165
28453
18088
20558
12357
14128
22786
14457
6049
14397
30724
17042
20655
28521
620
5845
21176
4685
23614
13136
28283
26207
18798
22807
19643
30244
14694
25411
11953
32004
4776
18123
30270
12599
13113
5575
16027
4900
24103
10671
6280
27998
27447
13657
8466
12995
31615
15043
32483
1859
6085
7165
30106
21916
20409
8031
29773
15961
22029
26066
9218
10265
1580
909
30798
16022
15370
1097
16291
24479
14425
28445
23267
23001
21677
11078
10323
16415
15416
32442
22453
22288
12162
23119
27679
27071
21971
7676
28493
16720
6364
26151
29599
27793
28059
28820
30283
27969
22151
10020
4905
13541
9692
14542
7055
9705
32767
6528
15098
9416
16237
3929
29188
23811
13348
12304
14490
26344
25569
7069
17207
2121
12534
21095
1561
128
8587
6375
17929
1349
31952
29014
7778
23281
7872
22417
23962
32699
13697
25661
14224
14209
11777
14778
16487
10171
3298
32261
31746
17011
18993
31338
19530
30826
22897
10402
19787
19594
26679
23710
5389
29404
24030
678
31690
12287
14711
582
19420
35
31020
21358
11652
25385
20325
27867
24344
29648
10831
3521
488
3220
22029
19461
23693
127
7983
32614
29833
4866
31830
1238
11998
16565
9591
26206
2089
1974
22303
11032
16178
12776
594
28312
1302
3201
12633
17845
458
15906
6694
21850
10244
1450
26594
15062
7736
8660
25766
32580
8842
27635
4315
10647
13143
15234
998
14143
17914
16244
6309
19175
26269
24272
5558
23145
26633
31590
5241
19344
17527
31105
6205
16937
12669
16450
28291
31085
19198
26782
27487
8008
11485
10181
16855
23768
29451
9583
27466
25294
25944
16037
16472
8396
6892
19286
29639
15074
31582
8925
21023
12162
8926
13489
5369
5975
22581
13539
5885
18856
11846
7595
4056
13306
14188
30785
8048
9765
14217
4519
14142
23370
22947
29542
8615
17904
11548
27805
20095
7452
14841
14632
18441
20758
27366
21788
12355
8680
9635
5720
15489
25628
4372
9923
2412
22737
8393
14015
26343
18729
28865
31390
1846
29597
26244
24173
3441
10051
25269
17403
2428
9958
29507
25232
11788
1479
31785
8524
7328
6773
8155
22825
836
15438
15632
5731
25510
24787
141
32331
17424
8475
5112
870
23431
9409
26654
20574
10887
30964
15460
10395
22789
31680
6005
13088
11355
28035
6807
1663
15226
10828
21540
19200
20555
22733
7185
29412
1095
30167
14753
18108
15050
12011
3214
10489
15074
13939
2190
27034
15522
28257
2984
4053
15084
31001
22729
1492
13552
19623
5675
23662
30019
13179
14133
12792
23516
8881
14781
2245
6495
2226
23100
20654
15195
17922
28596
17897
21743
4942
27686
19315
19991
30528
2434
7488
14563
28795
13419
3536
18069
7423
25306
1194
1118
2405
15730
32501
16040
24045
31913
6297
15457
13305
27865
877
14995
608
12394
11152
29494
25229
27373
16866
31258
1611
30962
23882
3418
12800
31990
25275
21399
27297
31558
4136
19880
24428
22899
27331
8079
13356
29964
17949
27836
22553
26198
30949
12312
779
26901
13652
11870
31167
17229
27551
27913
26916
17668
27037
32505
934
12818
28301
31363
3503
32044
24859
5917
22689
23744
7384
23852
17983
19031
18116
30948
28079
7164
20534
30316
1111
30378
29559
14090
25119
140
18571
31432
15047
16371
29900
6680
4172
22165
9477
21408
9165
17307
14710
7286
19974
6187
19157
14310
19053
17976
28717
12234
20991
14504
28102
7556
4066
12226
4307
17277
1992
30277
10666
28666
13917
21787
449
13156
10665
14054
22108
13042
2892
11962
22143
23085
18631
12062
12664
13452
11014
11758
10213
24175
7426
3558
25589
2309
6579
6387
17523
30107
31390
5878
28084
13099
18807
17949
5022
30648
32745
6952
7369
21240
16626
25706
10858
9412
32292
18090
19886
17640
28398
27160
27536
9911
31319
31390
8474
25316
25905
19458
3670
12511
27334
8692
18510
2548
3735
27461
5056
13289
2299
29644
15108
3966
19701
21550
5281
22320
14623
32645
3912
6993
25848
30100
16994
8731
27961
16486
10593
15814
32736
3142
10618
17729
10207
19937
21635
18259
9944
8637
28581
29730
29830
1402
26980
30703
6698
16432
17535
25933
18184
1021
17858
27993
13919
7857
25049
6978
18441
29339
11499
20459
24583
23336
18831
8120
7300
19697
28524
22371
30242
6275
1214
20318
13647
29824
4370
9097
1256
27769
22613
2996
13550
22921
27154
29228
6268
7760
18579
7226
12882
9449
15789
9806
8003
4504
7979
21225
21427
1557
5176
9320
22772
4636
1318
17606
22842
16074
15481
18019
25057
20373
14644
29568
19219
29892
1466
2870
32688
1006
28537
23993
25291
26845
18416
145
3825
30157
12718
14936
3127
4091
8002
28241
23918
19316
17938
7976
24239
20412
27204
1922
27269
16193
6980
21534
21526
7320
2700
19791
15689
27126
6978
30107
24120
12231
31065
30457
22361
7191
18250
3659
14222
29662
10634
10650
9088
3267
4939
1865
10006
13707
26538
4723
28033
9538
11064
29789
18198
1567
4928
24013
23974
1870
3336
29367
23676
20229
26528
14922
24
5374
14432
8866
3914
17189
23226
28581
31719
9646
4123
16138
1696
11855
8216
32395
22566
18131
8742
21155
31350
29376
19618
5760
12353
7283
31873
13483
21289
22394
9729
19422
8208
16521
29285
11840
13775
25308
3106
30067
12376
22966
22006
12852
19472
7868
18172
5150
4077
6704
16741
10999
18667
4740
6149
12850
6614
30011
22302
4477
30914
24515
23999
3413
30178
15174
30807
9492
11459
9932
32303
6864
27938
12319
7289
25178
504
32526
30419
22069
7644
1762
2645
5854
6716
30177
4228
28644
14645
10826
31061
17593
15071
23560
23990
24139
4758
10058
17372
6214
24532
16832
26841
20951
16955
3222
13562
28036
25652
15789
27149
19898
19261
21284
10901
29278
2619
16593
26538
10752
17957
7857
20732
28369
1644
27870
19588
22210
22390
25467
3434
18299
13863
4581
18547
32148
6715
5348
18638
23464
32465
17341
23358
28695
15129
10698
10060
18871
10983
18456
15703
1479
13174
29682
13980
29233
26242
2196
18011
18135
866
9804
28219
10579
26028
23085
4543
7438
24843
12252
5429
23552
1937
12078
598
21568
30844
15717
23634
13921
1044
6451
20513
31545
23475
20353
6184
2823
27571
12866
12525
20411
10366
9610
2826
9495
9309
13686
2167
288
31844
22314
8199
30117
6103
31173
12505
5051
31413
15373
29439
17498
15470
27175
29053
1286
18911
18179
15662
32595
11922
738
18057
1703
2519
21744
6810
26432
3817
27364
9524
2313
409
753
25766
30246
13881
23951
239
23690
30068
3209
22237
6716
19940
9115
5212
21584
19836
6348
13043
1654
21119
5259
19075
10256
5708
20027
23176
460
2248
12592
16731
18624
14114
1237
1687
16607
4815
32045
10227
22869
26267
9720
21153
10294
10335
16390
20377
2071
27678
24592
28630
6514
22066
13799
28097
9143
6058
13358
29986
28969
25347
18935
32680
9662
11787
16831
31318
8025
18923
4926
17955
25901
12089
26257
3180
6036
9515
3289
19963
17668
6856
30436
24233
13145
13394
1099
32059
3894
18175
352
22919
5496
31533
494
15150
3412
25550
18556
6697
10212
17171
10662
26680
25543
10043
19535
22763
30633
29040
15204
22331
8081
3048
27752
20262
1839
24622
21598
15248
30515
5566
2619
14759
3408
29600
7018
32122
9613
22479
12439
23360
4697
27794
22026
5381
27847
19448
3201
20682
4326
14688
32214
16843
19705
23604
11337
32328
6137
20193
3648
31086
27061
17144
21405
9918
18117
22555
26325
25610
10723
26699
3099
11979
20336
11408
24072
28901
20667
870
24590
22221
24757
27788
5861
82
18137
28332
4471
1365
24817
2860
9209
20104
19034
7707
18903
28647
3720
27123
6456
17379
25300
600
14027
22441
21052
4117
16772
10507
23067
10321
462
10165
10219
27294
11195
3153
23591
25692
19958
30984
715
14935
1817
5410
280
11850
3026
29514
6617
22081
19054
14023
7088
28924
20568
31402
21073
17586
9672
31038
5096
12684
24430
24609
19576
8415
2409
16443
24732
31924
26525
23044
5544
30857
3487
481
23522
18953
1481
2150
5761
17474
19592
9578
22913
20244
7735
25100
29782
20508
20170
19990
974
20549
20950
28900
32508
31863
7503
11132
24413
648
6244
4601
18350
12544
4221
11793
11051
24949
10445
1311
27012
24742
11228
27927
30386
1026
25004
8907
26744
26913
31228
12067
24041
6936
3169
20137
16508
4140
15963
1710
24521
13451
6267
17905
10284
19400
11795
25840
22784
25906
26458
15197
25305
17909
16555
10060
2415
28280
32008
30285
3162
1603
30533
26052
20490
27174
14907
23451
20245
6633
18382
6179
115
12929
8655
23268
16217
16194
7422
30152
16760
15822
7831
27606
6975
22666
19774
61
16490
25622
22083
9906
2286
24146
136
18760
28458
30079
5442
4977
6247
30376
27360
21560
21876
25660
30896
29364
22692
21353
21229
11282
3181
6424
10555
26324
240
22242
17830
497
2125
20737
27790
32680
27259
21824
3014
16156
29545
26272
28078
9630
18623
9288
20110
27875
6257
5481
2307
30689
13525
31782
17976
21430
11453
32216
1196
29072
31609
2217
15654
32744
19961
303
23232
20175
17379
31076
31143
30864
5108
22946
12519
14729
19177
4445
4004
17037
3143
5542
29319
18396
10905
25665
3736
10619
1951
6812
21053
16390
4798
9307
16284
1380
765
20655
13232
1096
23079
11390
20771
30206
9256
28647
8173
11138
8113
32735
22381
16292
32344
30818
3565
20909
12121
28289
9019
14346
12664
12769
29293
31009
8991
24258
1627
16770
14466
22401
26887
880
17033
9233
31303
11634
26497
27900
27104
23433
11639
9954
438
21936
20258
25448
16933
7648
22493
20323
21059
15114
19669
4746
710
27834
14901
1767
15868
12894
9945
31560
25625
26350
30582
11474
17013
27760
24841
17878
12902
16367
2801
27899
7315
29355
17460
29323
9440
1898
12974
8790
25183
11567
11054
8278
31291
19129
10618
28054
13046
4642
25652
19250
17669
24051
9649
22047
11963
21101
20225
16630
16839
19239
4777
27497
3372
11393
31832
1698
15460
2145
19964
3116
24029
12781
15674
21765
7217
30937
6845
10288
28093
26244
14980
28315
21882
28115
29648
12998
15115
27678
19991
28327
32347
26012
3776
26646
13307
23148
21943
17692
29319
27567
1154
21652
3879
23865
1596
30543
26138
29905
16184
24590
17792
7845
18607
13673
28223
3310
7800
1635
9505
13302
6503
23404
5836
23875
21723
28673
26302
16590
3100
23778
6911
1320
10066
23927
14581
10363
4261
16611
19753
9989
13723
12230
7398
21322
22320
19877
11628
10984
4968
23668
7762
30869
20095
3595
20946
22523
10867
1187
19537
24783
3438
2968
1605
20353
21022
5346
10676
14916
21825
20447
25118
17947
4734
31513
10486
2179
25707
1258
18719
11240
19101
16527
18108
13717
19470
17898
10539
26272
3020
8275
25947
16111
22988
1340
16802
11274
8317
2975
14547
24837
10589
22851
3336
6970
7572
16569
9060
16621
26369
24410
15226
5351
9214
1155
13452
31370
26715
17094
2575
5820
18155
4630
26922
25358
7999
2108
14333
8976
2275
7297
11704
31130
4079
21855
31451
9506
13512
31666
12743
20279
11110
602
25039
32398
30773
24352
20736
25102
15338
3231
20998
8422
16718
8129
28715
23135
7505
16037
30485
10012
28301
30371
31021
29973
5899
8844
13844
31627
9345
26933
21629
26864
23677
10789
10362
18484
31228
29603
6639
18368
2670
15294
438
27190
19290
5900
20672
9449
28432
12997
1848
30649
12381
11465
19018
9315
17923
17415
10685
18562
26383
16599
28059
13633
8035
32193
18715
15764
8935
14325
17301
6065
6936
25139
26018
1462
24409
12718
2735
18836
18276
14245
12666
4253
6105
18492
6677
30776
17349
9218
10149
21716
4788
11398
24555
14785
18653
22508
22173
15964
10950
20956
5917
15921
15455
4079
28148
2083
14317
30408
32395
29735
4408
19616
23175
18800
16158
23986
728
12031
17666
29985
32596
9084
6128
5805
19998
2668
15418
17411
7679
32648
25414
28980
30235
30233
6752
590
5165
5400
6184
22031
28158
2171
20778
12966
24410
2321
28507
11492
220
29086
9563
4359
27506
9587
26266
25298
2005
16639
31471
8500
25899
25993
3535
29067
31266
26292
7908
6662
7455
15242
9659
5179
19869
32562
14854
23830
14552
9661
32567
21945
25161
27215
19547
23747
16927
3946
18777
3025
14165
20214
30230
27581
22095
9815
20318
31690
601
186
22014
27127
15792
14149
2255
11954
21101
12073
32558
22722
3062
8439
25633
14734
648
17971
1481
1819
24000
1438
22989
11877
32217
17366
27124
26847
24758
30659
1558
14840
21720
14881
6332
20536
18705
30691
23107
28527
16789
10342
28269
1272
24965
894
1840
23081
32339
7071
4431
1311
2468
9315
4566
7486
5169
23411
24367
11763
10749
3094
1368
28837
6335
10756
32721
11209
29646
32308
29772
6942
19660
15345
23902
1161
26334
30736
5422
363
24427
21152
9411
16761
5083
27591
19252
14815
20941
26003
23233
8970
14327
24109
16771
660
11994
31037
58
12692
28536
12564
6263
19089
3244
1932
22351
29424
32271
19885
18085
16427
19759
11407
27765
2263
11350
22836
11021
15901
28820
25515
31458
23774
7445
23839
17441
17209
29512
29693
8930
27097
143
4768
16533
6875
6422
27670
14499
29347
6618
23418
21963
8082
13472
26042
1983
17504
22198
7558
3614
14155
26507
23832
1166
7638
19496
31475
13679
28723
3348
5529
21384
13601
22608
5054
9538
19408
27018
16913
9051
13270
31072
17798
28832
972
7025
6161
6351
20441
21669
26596
31817
28144
17353
934
9192
6085
31454
23616
26996
28025
26713
1240
14221
28903
24967
30632
32421
5065
26297
25526
25925
2864
18411
18576
6825
21467
8896
6110
32592
28126
18187
22389
24239
11647
26582
11869
27901
21760
24439
28867
29995
26371
32716
29181
18121
2667
12103
31417
15404
25508
2079
15324
14958
26719
6133
7220
11705
3140
18471
20207
30182
15059
8072
3280
4196
4372
16729
23860
30362
24596
32241
1003
14234
29326
3388
12860
6111
16649
22737
29321
18069
27171
26397
18439
19282
11022
32017
22929
2967
14740
3024
14034
23902
2023
22282
22502
10222
10580
31724
16720
11944
26068
31122
18528
18841
19224
21866
22212
29035
4665
14984
26228
2219
10989
23080
7315
12748
13552
30362
4758
3440
25875
14872
452
11428
10899
5173
12518
3422
26763
2822
22245
2145
10720
20570
12513
27015
25551
4396
13246
1552
5776
14132
9153
14612
18069
21077
3900
26828
9888
12150
18050
27361
3694
28760
1221
6664
26403
12434
31889
24618
130
14731
696
11617
14070
798
21769
11749
832
13334
29327
23941
30280
25500
6339
18936
24084
8374
18183
25957
18246
5758
18889
22600
17605
3957
30065
2554
20298
18659
16046
4732
26325
22009
4531
18656
4936
26041
5317
29127
28467
8930
22352
15651
31247
20577
17320
5319
15004
31754
19494
27945
13015
8497
7341
14814
16283
4812
27528
14231
21791
1700
28108
192
22132
25088
2501
27825
25007
7982
28024
3623
30900
20916
30789
21933
9895
4547
25742
13422
7954
3452
9309
18098
2198
13380
9785
29152
14407
22603
20011
31009
27961
7263
19110
5357
30853
6976
25505
32251
10981
19367
5152
17117
22326
14245
5261
20507
2760
19580
20624
22412
857
17840
8849
20299
28965
4332
7037
22010
20538
18159
7824
11221
6876
6013
3584
28813
3117
23568
28721
9528
22971
7394
9034
13813
23592
27485
29266
25647
21571
12397
13390
21298
28334
26327
19962
24840
26429
19752
15860
3827
27595
17074
10379
22940
1081
9497
10283
11319
24257
19538
4290
9470
14
28413
2331
17806
28084
1850
25603
20051
30380
24500
26291
26253
10360
27771
12022
11052
20038
10734
177
17614
32006
9776
27766
7027
31548
3697
21182
27533
17967
20253
745
15997
20346
15102
32759
29019
21598
2230
5924
27335
197
31909
20849
31528
22148
10892
23931
8019
17474
14840
31440
17332
27220
720
8946
6779
9532
8944
24206
3181
570
29888
12729
372
14860
18818
27510
30626
19599
4920
16217
15837
24080
25027
17437
1289
19144
27946
16853
10786
10436
30689
29284
25375
21089
8095
12684
6760
6455
14771
21505
5991
3492
15820
26779
11072
24934
4669
5376
12143
4427
14622
21089
12329
3518
4933
31457
27686
21362
15900
12562
1565
25963
19182
18637
26945
31897
23318
11599
19397
3606
3709
26249
21664
32508
21195
30341
26476
8041
14038
777
19202
2978
30004
22403
26031
9562
27744
29315
19498
5468
4845
14152
32678
20687
6420
25228
21596
23777
20669
7861
16502
17363
15875
11268
24186
24081
1763
19502
28966
16079
14410
25644
1637
26224
17514
28100
9202
25620
26716
10426
20543
12531
28383
29457
12669
12232
1338
21693
22456
28403
26613
15811
19466
30125
622
16527
29306
17305
20368
20692
26374
8544
17164
3802
7793
5788
27981
23894
21543
30852
31951
5985
3498
6326
29007
20364
26228
24355
13719
3534
14012
4996
9020
3430
3456
31122
21354
11588
25788
3429
7140
29450
32225
30589
2809
29867
15773
24284
22301
8961
32283
9816
9095
2789
27918
28751
1644
510
23869
8698
13258
2720
32758
2615
30834
22927
3845
25266
25939
19836
16479
4509
28158
19176
22010
11472
1124
17172
18697
27668
11153
15294
9320
4461
2203
11501
12782
21358
8538
23438
14790
21888
23650
25714
8871
27977
27926
26171
21943
26150
15257
27321
9891
32419
31418
6170
384
12600
7663
29898
24797
9516
32168
29581
23755
26787
8806
25022
32722
22923
20694
22027
24017
28759
25320
20799
16313
1654
7087
27697
935
10755
339
8051
29090
27011
14629
9250
13720
2248
19135
20479
28339
31012
14159
25094
10441
31090
32739
23095
28007
24059
6061
8072
31482
12092
8872
5357
14013
10513
9712
29632
26974
2356
15925
12713
23446
32107
32555
14676
20452
11387
6102
14018
14025
28087
8018
14843
13161
26719
18015
23197
18244
18856
25927
5484
11975
15745
6370
10770
31694
2609
16609
24980
4274
29823
12499
25556
10113
5415
18223
4214
30332
23615
18680
9675
1018
3696
32676
4511
31527
6573
30597
31499
22582
32683
31839
19771
7714
24484
23794
30287
17358
22344
29696
27552
5910
6883
13785
25512
24650
24493
32755
17398
12028
17706
7282
7847
1440
19603
23136
28487
5789
22724
7272
11381
11709
31659
18922
4037
4965
18342
21069
9582
19508
21631
31799
28673
25111
10651
2792
22134
5887
29636
13464
7364
23604
193
26417
14855
17037
7728
21942
5099
29644
15761
6993
11556
22561
28112
30270
18496
6915
24791
2991
15230
8453
17430
818
1287
29551
17022
13221
2940
16163
8758
27398
26164
27438
29898
23725
18583
18278
20287
10467
17014
4610
27466
10032
19341
16637
19785
15936
11609
6587
23488
28245
18771
7541
8533
11028
31249
26032
15977
21968
7595
15601
24064
17112
31522
16141
4753
30920
21464
16622
13753
23847
28106
2648
4900
6609
24534
1586
3539
23170
27041
32405
26454
9707
28119
19123
22265
27007
277
16734
14308
30245
30153
18402
29938
9347
8904
8460
23712
27616
12189
18367
26267
17622
15553
33
9161
8374
23438
27714
19861
3181
18574
19531
31212
19685
11865
25688
8096
13245
7694
18562
24729
17221
20475
18327
16115
23056
21669
13857
18567
3638
27
29938
17823
6023
316
3751
5948
13928
8213
20963
8294
25429
23312
5129
6242
7445
1326
3580
3004
3500
17632
21403
19402
19301
19826
19741
8245
23637
18533
3637
30857
257
22970
7115
21724
28415
10813
28562
10021
28621
14094
20158
21370
29818
4807
7759
23522
18230
18305
8392
31832
3994
12616
25712
636
21296
31349
9114
26778
26593
9860
22799
15106
11145
5502
6697
19587
15114
17016
4705
20178
31955
9622
28067
5920
16002
9380
653
30432
29624
20701
12365
15887
8248
18631
21265
583
7992
31492
24258
24681
437
4410
30392
15273
266
20271
109
10549
32242
155
13011
7368
4145
21665
895
1870
14457
4768
26421
7092
5430
11375
5193
20940
15475
32447
28380
29435
18038
5411
27392
26313
17733
23961
22407
22331
15630
8809
6736
10400
20467
4982
14205
5012
21830
18382
10100
1716
25572
14858
18765
145
16059
21228
30844
29626
995
28568
4620
22057
1119
7212
3979
29395
21208
2953
21076
22495
17885
16975
21180
31357
5956
10100
20092
327
3873
5412
8735
9306
21502
16805
3797
9603
29387
26094
24046
23031
14834
22893
12786
13924
9073
9971
802
25958
29449
14536
3845
23374
14897
7272
32532
22922
27018
31914
18688
16467
2394
155
27823
10848
23276
19303
32376
490
4481
24444
6165
445
11873
19898
29639
24931
31753
6908
31775
4642
14252
7524
29600
28281
5132
18185
9927
22984
13102
30299
957
31903
122
17278
19137
21397
28296
24017
2104
25519
15939
8421
22789
27359
20117
31477
20974
955
7250
22940
29963
10048
7509
5322
23856
17374
21165
13911
13938
18823
32619
24481
14782
4761
4960
25671
19095
21964
13544
17721
16922
19669
5410
14255
10752
23875
23167
6902
23889
10124
10942
8464
30826
1570
23336
4486
20776
4349
22380
24049
14888
30239
23104
2967
1581
21567
8659
28193
17454
21632
10445
2958
4548
30991
22840
14093
26726
15475
32069
22630
10486
29302
29938
19715
9932
10659
7615
14991
26524
25419
19592
21949
19237
1278
4126
7288
13091
32054
19053
30095
27159
28480
22371
27734
31125
12197
29240
25280
30085
11168
7067
3616
28022
21149
7819
16042
25116
1913
11601
2302
32074
23979
2725
24090
17962
17214
3204
2237
1832
20156
898
19625
20303
31376
23141
19038
7739
2022
21007
23497
3609
14533
4295
32085
17077
31150
28471
31331
23800
9256
16313
9611
4966
16911
14889
30349
23241
5395
22927
1624
7793
1414
27263
16496
6163
16369
8440
29289
6604
16591
27913
2416
13377
20553
30814
21767
11195
10905
21398
15966
20972
14189
20287
25131
8866
4402
8114
12968
4318
2546
25132
15194
5288
24548
31956
2562
6941
27430
29984
18316
1485
4247
9935
24756
31952
31589
20740
10292
17664
16729
23861
26180
24046
3633
8029
23781
25653
14901
26808
5705
19133
21693
1731
14582
22252
27431
4199
11720
10115
10371
12811
27121
23166
23184
11750
17690
5586
30286
19151
32173
27411
30334
13495
29375
32364
8707
15521
30432
14515
25947
28747
19071
8178
27246
16525
18806
15350
13871
30399
31617
14834
19048
11645
24472
14955
3107
26574
32173
27849
24481
7447
15542
6177
30827
2710
22298
41
10763
20592
24598
716
5866
16021
26280
25461
31311
9413
31233
22978
20152
7934
8156
30123
28263
423
3355
31982
31991
10266
14
11686
12004
12105
23465
20465
1148
16195
31473
30830
17742
20239
12870
8060
12547
19989
21426
17873
17489
2736
32745
15072
11132
30319
25353
25847
11457
23133
2766
7315
29381
22375
30502
5689
8381
11444
21646
32146
12814
1804
4869
23343
27948
6349
30669
20315
32427
26927
6817
28538
2135
25094
19703
25229
8464
2640
26804
21361
25296
25001
3701
23193
22804
7703
18883
30550
25695
29019
29091
17736
20614
12124
24157
24531
8444
4429
10626
32072
5540
4448
3782
20932
13161
16455
23050
13551
21085
14032
4449
10549
23745
9271
32423
1418
5917
10108
5804
3205
32179
11650
18343
4450
17801
7750
11114
1764
28657
23949
29299
31691
24276
23651
18906
25035
3459
3209
19318
12705
9126
3350
8640
13510
547
25988
10744
25636
16165
467
29115
17282
1578
21904
27992
3543
839
27030
9205
6951
21290
9236
26109
3985
22465
25500
20080
14502
16371
21681
23799
26740
26634
3387
26862
16896
26241
25801
6411
17374
11221
21535
18836
17522
21648
23840
4885
11721
1773
2165
15709
9349
26884
18443
20055
10470
5587
30070
17614
8827
22133
3824
22831
21359
4901
21098
26260
1845
15645
17778
6338
17289
31326
22737
12725
5886
30581
26977
28984
30052
24637
14265
3625
2733
19820
30789
19482
32039
2766
20739
11580
14130
8894
21416
28106
12240
22292
18828
28518
14581
29743
11930
8547
6685
32363
17353
5882
1813
28483
31137
5190
19786
26380
7892
15268
26712
3966
423
8401
30813
16986
31374
21701
22738
30007
2361
30234
29935
14640
6476
20350
16528
20569
19251
14350
14265
18695
26092
25987
5650
26610
1576
25585
25263
31141
1681
25717
15971
26932
10048
9518
6666
6906
11751
16575
3945
28170
19955
30418
12623
23545
31362
30832
28584
21766
13380
11142
19813
5493
18487
390
1038
27908
1133
26494
29542
32628
12629
22801
30560
19812
12361
8971
19270
18319
25608
31834
9673
8098
15934
16081
13530
30528
4293
9323
13308
6723
18374
30369
1890
724
16718
14200
26033
29353
9054
23285
26233
28407
22082
25816
19764
4214
24650
4688
9154
7576
10250
29967
21720
20672
12139
3358
31943
28130
29573
24838
32407
31894
21973
18014
8468
3400
21740
27699
32602
16270
26722
26913
24685
10647
30643
11027
28514
30582
9561
9307
24064
434
16548
22614
21015
8473
777
30170
23349
29161
30694
20707
4296
9648
26100
19484
4928
7563
7621
13115
10746
5176
29660
19533
8425
24595
16206
13155
31794
28560
29014
28529
22696
4738
15345
3881
17805
17576
23679
9018
6250
16802
3524
9175
28039
12953
24672
17108
9510
17605
10358
9681
9256
12341
7823
8825
13887
19484
814
10362
30702
13233
12692
28180
23170
31404
16724
14918
6632
5969
15523
23387
24138
14007
6027
31516
10158
27702
22337
28674
9231
18843
16528
28906
24896
9980
23877
5594
15058
20489
4750
12159
783
9783
25281
8692
17947
856
6925
20811
31513
1910
8778
17363
25600
15813
14824
3314
22899
32394
17817
21537
20094
9112
16189
4244
23059
15915
27273
22028
22604
15528
13675
28469
569
1868
22017
19000
16370
24208
20160
19034
22749
31666
8439
19758
6059
24185
21346
2932
19757
32537
1122
30906
9359
21323
31972
20819
20154
14898
17721
8799
2128
3374
15325
2432
21870
24955
16521
14070
16885
13370
16381
3874
24824
8316
27503
29712
2224
0
4314
30524
1506
25383
18124
6501
17190
23001
25510
25068
9952
19996
19246
3886
7527
16820
15706
6880
14048
6982
7767
15594
23467
2659
11774
21532
14197
20795
10598
3179
13082
21036
20809
19738
24576
18107
30462
12332
14335
22871
1993
24932
890
18664
11198
515
3463
24317
624
14045
29641
29611
32154
19789
13533
16956
24881
11737
4642
24296
31789
25966
20092
20442
31052
30665
7287
15245
31982
10901
10164
18666
27343
17732
26486
4561
27515
1539
8812
14347
5434
15339
5823
31227
19228
10516
28855
7282
592
28799
28319
32440
30759
23561
32514
7948
4718
13289
18801
8955
3825
12627
11896
28726
14779
15056
32013
11460
17306
25647
16924
21763
19954
21402
6125
32156
15140
27117
25429
13018
14831
10050
13913
2483
1229
30517
6756
22757
13391
21332
22776
26779
24053
16307
25028
2956
27050
2898
27542
19744
11623
30802
20870
11867
10297
550
13042
32041
12795
17743
25633
14179
9123
22575
5880
22307
13638
31577
12750
20050
29981
17222
17610
23912
1423
17541
2378
26160
18968
11955
30872
739
12323
5612
31
32659
15831
10095
26652
28903
13005
4630
10751
20472
14873
25351
21918
5506
23707
10688
16753
18517
28147
16397
15109
20219
5219
29920
20276
10376
10474
31057
26763
7628
7582
31741
115
13376
32208
18300
19894
3444
31525
29277
17572
25548
12621
14603
31603
18515
23940
29387
14651
29534
22466
30136
16833
23826
10031
12688
28423
16161
24320
32414
20608
2462
2501
31644
30335
21930
14765
2745
17826
783
23227
6928
23421
5600
3256
8632
30063
21401
5391
9182
28995
81
2410
15604
4232
7680
17694
5350
13164
18389
22996
21900
919
16079
11166
9730
9935
17010
18660
29610
12194
13049
15882
1108
11543
3321
8600
10125
21394
11171
22505
16891
29814
10889
32049
1943
813
18327
22523
20037
19030
15546
31627
25450
30919
21506
29352
23766
30343
11143
7558
5740
10525
7874
31985
27167
31910
279
28053
654
13407
32468
26462
21765
15123
4391
14921
13505
26237
15581
639
21525
19841
10442
27820
9546
22270
864
2103
26099
32388
10767
16997
24640
2980
18337
32149
30563
22819
6513
23557
31633
11344
26217
16734
19689
31029
12030
30763
21943
16611
16439
24724
11247
28175
5871
32036
10790
3946
24459
3638
14386
23081
22999
3450
5171
26382
17003
5240
27134
32341
14831
9553
29383
19593
14844
5792
25197
4410
33
25628
8628
30269
8969
17541
12826
17353
16947
31171
23983
11836
29439
6082
25323
19593
6017
16495
21785
2983
4366
19152
1576
19769
1446
2425
7459
17721
32249
4482
27691
13342
17953
28586
31549
12779
12148
22116
14564
7610
1032
32006
4397
2636
12618
31688
11530
6273
22771
1755
15985
12296
18802
2403
8842
28193
28766
17008
5410
24246
11582
2838
24574
14746
13424
16922
24632
15526
20997
24794
21424
8744
28289
8869
10399
21941
8003
15035
282
7697
21401
23042
13859
9943
31612
7026
30006
26182
11158
4384
1947
4775
8039
30119
25138
17503
28726
17680
30110
5697
16813
25524
6566
9051
10996
14394
27082
24857
10220
7842
27958
12001
3465
13052
782
12101
14405
32486
29826
28967
1879
23394
5083
26690
8198
20607
30749
28104
14059
12500
29970
15654
17488
18700
32266
13059
5598
31350
14529
8352
2320
14151
18535
2463
6248
28092
28713
31221
18759
12426
20080
20617
23963
4521
1855
14885
21733
7675
23309
2232
23132
18691
27826
22104
17002
2975
30097
16226
12349
8688
12401
2018
17613
15850
31755
28159
8380
1166
4881
29762
10434
1589
28114
3340
3836
17323
3166
10826
18137
16588
19691
13042
9753
25836
32220
17353
10795
21013
16027
11793
23459
16353
20380
31956
22693
10905
20945
24945
11754
20645
4777
5700
20134
2924
17793
3944
13100
5273
6436
3187
23791
32747
18690
20061
5415
16551
28556
31513
19202
12089
13504
22769
24414
23324
1265
23773
15792
13128
31848
22550
22630
4973
8257
17689
4506
11974
4467
7287
8112
17781
9846
31347
15963
28678
22443
2428
6606
1880
30869
18013
18231
21380
24436
27901
16699
25362
30092
25450
63
27354
11040
2567
25821
24768
11565
7251
23249
9677
29608
32539
16688
27864
25094
21514
28997
30360
18433
31682
10364
18921
26292
30468
4724
17264
14738
5510
4460
9979
3634
27427
12899
11158
25623
23753
2938
23408
4153
26321
4689
9867
23891
1629
11656
13112
1039
23624
12472
30575
8853
22475
12665
4038
22162
14764
11028
7526
19062
18265
17317
10043
29592
24168
25134
31531
14873
9834
29459
1318
10506
14740
3293
24470
4319
20131
9725
9675
32452
22979
23577
5459
2992
15989
14072
1758
17945
22375
6852
10951
22753
28432
22208
31550
6615
3847
26227
15800
12843
31925
18965
2498
27973
19111
9341
2136
3353
8831
26610
29766
1679
27542
30650
18497
13730
3039
17048
18677
16777
3352
8656
8928
4347
1900
27143
31393
25920
4089
5827
2291
15046
13696
16590
5978
29773
29940
20872
2649
763
21857
13763
26875
11564
7318
1500
27043
11764
22424
21676
32762
134
22463
11913
27201
11598
15833
8513
31892
12558
18397
32081
23800
5516
14071
24966
21857
11086
15533
1053
22306
29876
18879
17400
20280
30357
13308
27457
4010
19530
3260
8742
12794
29455
30150
19532
27138
27300
29362
15993
3733
12130
20364
32081
2420
1251
15186
27117
10062
29545
8312
27514
24270
15557
23229
31471
9329
28640
2387
6771
3417
608
2713
14851
2061
395
10562
27881
17064
25398
12233
21872
30192
14528
18644
25429
3537
17861
6698
10356
7725
8017
13876
27650
21335
16475
2127
9086
31322
26891
24274
4670
10675
5228
20089
13394
21861
30677
31070
7258
22571
18282
17680
6139
14465
6882
31836
21126
17088
11437
1960
13427
2393
19494
24313
27289
9871
14329
821
28702
1782
10914
32129
21286
7996
4596
27409
8267
26819
6216
466
8906
11263
15695
23729
4416
17703
7154
20764
30503
32667
10359
9125
22944
27931
6296
10868
9671
1814
26814
24579
2274
26341
30589
22858
13475
7156
2263
23621
8727
24398
17432
6418
31386
17949
13953
28408
12762
15904
3077
4717
8753
32604
12240
15756
15215
22232
3259
17980
23488
25793
29763
25475
21551
31262
1849
24210
26662
16030
575
19143
19347
29963
13473
900
14570
14053
4714
13138
20914
28000
26154
27048
3369
7178
1451
17069
7752
6430
24453
24876
18295
11987
6224
96
3833
27300
360
7851
16936
30676
8906
25805
21742
29024
16775
25021
26850
25350
30792
13752
20122
6750
4280
7651
23908
3746
32273
16083
13904
23091
3359
29678
7981
18945
19107
14596
22902
30215
29083
5521
18591
31681
6855
18460
7407
27033
21570
8062
12616
25436
20622
3690
31610
12472
11610
18166
15270
17728
4723
15655
5539
11769
12155
27741
8227
6692
18654
30181
14145
14627
10507
22430
1452
30849
17390
20974
28350
31036
3905
27700
7110
8386
21640
18071
27612
17615
1517
20670
5267
20678
1722
18000
7240
28885
31475
8629
8676
3154
31966
15624
27636
26883
15022
25462
31951
11206
24015
10333
14139
15695
11242
19511
6357
25515
32463
25737
6630
23119
9702
5192
5138
7745
10553
6174
32061
23524
30528
1061
15430
31065
22689
6602
14740
32107
21440
28542
10319
25504
8832
26689
6166
21973
7869
6228
18666
21949
5947
17775
25163
24774
21806
3600
24333
16192
19883
6686
15461
31022
23482
28263
23840
30374
5152
8028
13028
20220
12657
26473
17885
4578
2359
18451
23808
15724
17275
4746
12782
28863
28340
22643
31376
27166
16905
13958
5918
13333
24893
4653
27677
25473
26364
10626
14494
5796
13794
2017
24233
30672
14777
6971
18905
6730
22650
10908
14780
30877
8790
28631
22146
17217
20669
11846
18372
20768
11022
21386
1469
14236
12265
19812
23655
29182
5669
28852
29011
2126
17759
18431
16731
9690
12638
23661
19098
225
12360
20868
3885
8665
6184
27486
837
24852
28092
18373
7159
5543
3494
24515
456
24448
22602
1052
5876
19803
9196
11978
31186
31934
31556
32695
14012
9917
17013
19654
28854
13612
30545
14041
15556
11518
28982
10634
24478
7252
32256
20087
28657
4531
4925
25921
23913
2645
23113
4719
6354
21055
4583
15130
18709
11800
21378
2141
31996
25851
26688
11873
3204
8114
20538
511
29498
14477
14763
31792
1987
509
10134
21542
18244
32666
14148
24328
6397
20236
20589
29132
19720
15565
7636
12272
5006
16421
3434
16174
5203
7849
22352
32547
10673
8727
16634
28321
31803
29398
212
10438
19383
18730
23599
27644
8555
31989
26469
5210
10528
11087
25858
27383
26516
20902
17090
1954
29532
1600
3471
11348
25523
13882
22315
20189
874
13791
27174
3224
15789
18373
24056
19649
4429
17459
9491
28954
21287
7543
17895
7237
2817
19363
2141
25617
4258
17583
19755
2478
23032
12246
30889
25780
1646
3575
9596
2695
11535
23954
29851
17370
7003
6580
25766
469
14115
28886
21706
19593
20711
10959
7725
14197
17146
16868
6646
26252
21914
5375
25624
27130
14149
32761
31177
671
28498
2248
16973
3873
12581
10806
30787
12313
28919
27182
16204
23897
23280
24028
23481
28854
27808
22701
30830
13647
30371
19274
2507
25947
21133
4093
7395
14989
25047
21360
16567
4120
13285
4476
25409
19579
931
26142
31794
32060
6669
12917
22411
5761
29047
15805
2700
21904
18185
19155
7113
26126
20795
20162
15397
12027
1475
7734
23737
12368
10771
30292
30505
16289
11926
8526
18163
27433
11154
2523
9663
19285
16725
599
14776
13323
96
8808
7267
26283
2137
31425
27508
7457
19568
11486
10046
21299
22672
4895
28375
18620
5311
22080
6902
30187
25627
22060
22500
30101
24692
19753
16097
5922
54
20641
12189
15777
15907
30029
26217
1281
29705
24262
7691
11201
30873
7385
1425
20794
9071
6198
29833
14444
6364
22520
21788
9468
25583
28071
29766
15562
1138
16802
6537
11589
17381
30620
948
6141
23788
13898
4644
11116
21094
17620
20869
31348
31882
18595
15650
877
22106
18186
9523
5346
27306
17524
28308
17839
25353
27740
9274
24360
6039
17768
3550
23934
32407
2248
28034
3827
22580
29734
10653
100
7929
29553
3694
12627
20519
10415
4318
21779
26897
2519
2358
1129
7947
4681
26941
998
31186
25596
30791
31324
17443
6787
4086
17815
32421
18868
24603
31755
7703
15094
26111
18388
695
15009
19306
2003
13998
15541
16416
19711
14896
9507
22415
25284
27786
19123
25336
12450
21172
15971
21517
2551
2736
19730
29724
10279
29821
7797
12335
14544
20751
26445
10178
5217
29663
1637
2089
17514
24621
15229
32649
21985
28529
28324
12239
13986
6191
6073
23295
15400
4907
20158
24106
16469
13389
30483
11485
12819
32385
14282
24849
4096
31828
19926
9763
29613
3789
15159
27134
7142
10355
31820
11083
15759
21697
5039
2419
18939
27225
9740
29171
1403
27173
21242
20897
22155
2344
26038
7930
14696
6125
496
285
25800
6151
1244
32095
28113
17367
25605
8325
29939
26540
31718
9624
11693
24365
12019
17845
4794
697
15254
22338
10913
24768
15789
19437
12479
5206
32653
20646
15377
9421
1210
31240
10090
32685
12005
15935
7832
25051
9756
22043
16302
15594
28803
16821
31077
19308
19733
9529
112
30969
22526
901
30958
27264
12204
28953
2293
24404
25225
26480
21923
19640
23182
11076
16982
19991
32519
17927
21876
29163
16371
10327
1642
12336
3467
14639
23077
13157
28793
6020
324
20203
23754
26074
3643
4678
7701
17470
1284
25081
26810
28024
28871
11298
7233
21852
13741
20168
15528
9429
18212
30967
17078
22525
25916
2384
7525
11382
14509
19302
18945
9041
5187
5931
17238
1615
5233
25667
31409
3276
14402
6597
31695
22512
29337
5311
1781
23461
16304
5200
12944
15750
18961
27429
30133
17279
9457
18847
15139
6130
22385
3963
11672
13780
17445
19950
16513
9112
9135
26443
17218
10327
13090
28992
17539
22702
5270
2481
22434
6024
31330
24802
25365
12728
12994
25463
4558
6245
12826
27274
32641
16564
11327
15137
5772
3260
656
22561
24908
584
24588
32119
26481
17522
27869
24802
5464
28823
13315
31724
2265
20871
11096
24125
26374
17574
11182
27601
20822
26191
32548
16263
626
9849
19938
28227
16315
18508
30569
83
24129
15764
22012
15549
21781
94
14579
17700
25087
12056
24078
11478
7241
16983
12919
2006
14332
4845
2413
1275
13426
28362
4618
27635
28570
14212
13688
23346
13524
21635
11531
32224
29787
3856
2611
15171
5855
13496
21335
31021
24606
4217
5876
28586
25089
3783
17447
11819
24103
24865
9832
11576
18152
4038
18694
31183
18629
6598
17325
22023
24180
6528
12825
26618
26733
23602
16367
10502
31726
7147
13698
24214
9717
11212
17133
6594
15073
32053
2679
7086
1527
10028
12086
25791
9968
15804
7200
27266
28485
29280
6870
18522
5086
6545
8456
27263
12771
9674
30456
17246
24858
30652
23774
10342
1301
8995
18487
13630
24506
21645
20772
28857
22801
2861
19919
29795
3255
32175
28603
29107
30254
29034
1757
4638
1325
19396
2809
29413
14784
13735
6738
29192
23977
16038
16622
17763
17913
30906
18580
7690
19013
16167
6760
19780
28939
19709
2425
7360
10039
12401
17649
21651
9835
7786
6237
792
26667
16813
12825
12216
15851
15341
18247
31082
15720
16900
5576
26411
6877
17790
22243
32437
22696
31031
5858
9964
5632
5832
14153
5946
30305
11430
1774
19404
23663
3844
13751
29296
10491
23224
19290
1319
25384
27334
3377
4758
23548
3752
11877
22608
27548
10928
30397
1695
16288
19868
26763
24289
25204
15288
1750
27737
31043
973
16733
19650
28098
2237
28643
826
3239
1428
525
7619
1633
7435
15562
28401
9759
24061
7193
24072
10660
22911
14728
27221
19703
4689
64
29864
8459
5782
974
14523
14156
75
22551
24492
3483
20058
20004
30578
10042
9336
28954
25668
6311
3860
12644
28150
9973
25823
25122
16250
9408
24649
2441
2510
2506
28430
2547
29469
7050
19210
7674
9865
9341
54
5364
17388
11480
1844
27863
19721
10175
30002
16833
6972
7842
5944
16837
26588
17133
24061
18259
6148
23858
23688
27094
419
428
17152
17258
3912
26569
5400
28992
21212
3708
16599
12881
18500
28723
23748
19792
20048
25274
26096
6277
9864
3199
205
19015
24345
8423
17798
22741
11755
13855
10968
9940
14441
27720
29802
17395
26507
28559
11641
6077
20102
13817
13709
24539
9409
12287
28585
7438
8028
18667
11452
10524
5288
4914
12666
25191
28697
32705
7279
4760
31959
14625
27201
8245
6918
26414
27668
31858
8150
318
20847
4071
23410
28403
9590
2246
3282
24667
11960
16058
23852
9997
1749
4169
2787
30333
30572
19762
21067
26141
2027
15267
5497
22562
22876
31828
24720
11285
27598
12779
2757
2356
17960
26095
28187
4354
2880
10556
158
24977
7090
23688
29641
4278
1665
23950
24550
13199
23542
20692
22418
2688
22026
28493
12950
21236
22773
28820
26356
23966
1365
22265
12337
6428
32429
27296
4912
2785
10177
1806
9946
15403
2278
4689
16570
31644
20048
29670
1884
30092
3250
22947
1100
4467
11155
10827
15019
28803
16384
17979
28509
4311
2513
21115
25608
13047
3026
29175
15218
16290
7975
24946
27194
29028
14305
20693
10226
15627
30591
31578
18203
26105
30789
1199
24450
32754
26779
19272
27229
4148
24091
14518
10959
21187
2153
3968
5742
18690
1760
9123
21698
31644
15028
2067
3696
26639
21194
30173
13397
20759
23627
5085
8059
13813
3173
10568
4306
24324
29771
16640
24448
9972
24055
6855
23285
28658
21965
27727
21284
28940
30068
277
26174
7762
12552
7950
14601
25474
21173
9574
14308
4752
30226
10841
25417
685
19633
22048
10333
19794
8783
26198
17782
707
32650
25682
21854
29575
16105
4030
3810
25784
30631
11257
19584
11552
28965
11465
14947
12259
31399
13645
8766
20590
22297
10751
8643
28845
18969
190
19633
29743
251
3107
31628
31560
5595
11213
25499
32647
11676
14110
12278
1467
30950
5503
17954
10739
26241
27620
20227
9556
5982
737
10060
31024
1506
14636
2218
11913
24562
24153
27414
4295
1343
4081
7730
28585
31991
24741
5490
21766
6035
4456
7448
13963
31136
185
11947
11784
31167
32588
32359
17062
18712
20164
3429
4103
9393
8003
5779
24805
17972
28465
25655
31246
31275
3310
8045
4309
31632
32083
5234
23766
32047
2740
23669
10323
29058
16152
28833
14127
32693
21547
15050
25118
25772
21329
12933
25771
4803
16351
28133
12630
24573
25131
32234
4052
29811
18514
4439
23610
6105
29562
8190
15899
30922
1973
8363
28227
15475
21777
10899
706
6255
17271
6838
22432
20755
108
5064
16524
16007
2943
7419
1317
4362
19056
1712
22556
19096
12477
29626
2579
9898
2210
1491
6295
18122
28489
24708
22601
27834
26864
3957
22536
30146
2635
20728
19431
30250
20340
9569
15784
30132
13747
27517
20736
1861
26968
12967
3439
5414
11935
31043
14512
29351
29386
4685
2382
7154
10087
18644
18328
16408
16986
10861
31427
20682
7586
5397
3451
27051
27806
1571
14274
18715
2502
2279
23118
24219
13911
21291
30749
19869
12097
9454
25903
4621
17530
1663
6742
25280
32170
26223
22396
7067
29878
30250
2094
21637
20943
7429
13345
3236
10615
4952
23620
30728
1772
31832
4421
9295
27124
7797
12532
21791
10411
16472
1373
29890
28529
2979
15716
7383
14327
30630
28531
4595
23776
14890
26830
1976
26586
7239
13116
19135
4221
12599
21525
20470
15044
21157
19641
23743
23308
16503
11923
20437
16965
15001
15146
31556
2509
5993
19276
30579
7792
29613
4193
11722
30959
26516
6440
32050
20835
12409
24581
10781
23454
21491
30256
9247
3571
28825
14620
9313
14986
6788
2158
4712
24099
10971
2799
13795
10845
3940
24625
7256
21633
24004
9448
16134
23483
26529
21786
2611
3273
5167
10110
15716
9065
10532
7472
25859
13843
19424
16261
